0.015404501667600767
