0.0173451462510541
