0.005790623927168781,-0.011331754516277215,-0.001739892461614545,0.000758654735136588,-0.0013246088883533957,-0.002656931895216985,0.018704118837376882,0.003260618872445775,0.001564835497902095,0.0030954479525462375,-0.001751257081195945,0.013569029744758154,0.03301159342794335,0.0040958633908303455,-0.007159922316986922,-0.012708962513897859,-0.0820701774432564,-0.04879532391218788,0.0019160706542606931,0.003833194037724752,0.0091802040769835,0.006571157211510581,-0.003785621102110781,0.05296141519193043,0.006184044509609521,0.012037055801101815,-0.07945005699093599,-0.0010730639087341842,-0.008049880369071616,0.01144607068363257,-0.009824449432926485,-0.009722796086578,0.002234434473393776,-0.15228071720503067,0.1767868169772555,-0.0035859661575159407,0.0023205498050629103,0.15279720835064836,0.6196964089217545,0.009387200562173348,0.011693438480392615,-0.10215116340987151,-0.009259787500198513,-0.011233817168431415,0.001454275749892986,0.01503243699153245,0.07436817967936804,0.1372373880149098,0.006221894354894175,-0.003933086856250156,-0.003936337369168541,0.009307871506052834,-0.0015655854970191285,-0.0025523907737579066,-0.012922077035000257,0.001312649834289914,0.003374512971731747,-0.0010952912243737956,-0.0061938319337286885,-0.00835224512638888,0.012837413555644162,-0.0067719925100391265,-0.016970970999409474,0.005311423631496837,0.013501344861651887,0.0021857373428701976,0.009292573398397508,0.0002059887265204452,0.03288855938217239,0.007341658142649976,0.06680775809400075,0.0003336494763175324,0.00030098692695901264,-0.012841765485973156,0.0062080995682549656,-0.0012604869666574814,0.008702800904302421,0.005669897770530952,-0.00701000666975915,-0.00642616427626308,0.0035133837559442327,-0.10487308665688033,-0.008107889331768092,-0.001189268047482983,0.18762150055260918,-0.00021504433084373886,-0.0018314872645532887,-0.0006764250119886128,0.001064073815541633,-0.01595129308043397,-0.010389629860583227,0.0015948797074543108,0.0028319743596512126,-0.007599393725286063,-0.002103900354995858,-0.0014841537450251963,-0.007622487233220454,-0.12374434116122757,-0.06739475303024278,0.0012039070661558071,0.008077392456470989,0.0022121068745946104,0.016348759390893974,-0.002729739429696565,0.001773578413121868,0.001999481594680219,-0.006424735431210138,-0.003235864260204835,-0.002536630987378885,0.0013611273900551168,0.018745242617114855,-0.07201314743366538,0.017289294264628552,0.024994458040509926,-0.005129361959006928,0.001067580358721898,-0.0019151516589772655,0.18027251598596195,-0.010930780008493457,-0.0017011811669362942,0.008499737662305051,-0.003711128586473933,-0.0023859819148128736,0.016252577805062174,-0.003991398287098491,-0.0033889085757436987,0.0019206349816158763,0.004933772484037036,0.015228925067958698,-0.030272839423560072,-0.007262935221660882,-0.004289869655622169,-0.0033796438856370514,0.008728623060051177,-0.15568562984299206,0.04538367397753973,0.11244939617972705,0.0033921052872756263,-0.011467505235941644,0.006458986188590643,-0.025503397922875592,0.006116544943552071,-0.04630854756260305,0.11898848407054174,-0.0036043778145540273,0.008248736876339535,0.4058860608001851,-0.1470741601788177,-0.0189752024198242,-0.010358134854868695,0.0020681443522789777,0.007578025733891991,0.015758370173102776,-0.006162828942251508,0.07949072064707252,-0.005497684244346601,0.003980839099313016,-0.0024224112195838643,0.0089966099603771,0.013344316028906178,0.008018090361247232,0.002048215255285868,0.0005927747677105799,-0.11220986890839413,-0.0011957651418015303,0.0008669478393130703,-0.031068954064721765,0.011594418287813824,0.3089935843809144,-0.025803798110246134,-0.02408172499463035,0.009680362662038533,-0.004740124669069701,0.08037157341732382,0.00016858356138982344,0.00055122327466961,-0.01034229034667078,-0.010658512694135425,-0.005699040717900061,0.013894289570089313,0.022559271839782014,0.02704284475385066,0.016406389572694025,-0.14110914081902592,0.0026905857603196637,0.003321699286360058,-0.006589805385374348,-0.012845609896317,-0.059403046310762875,-0.0047843819352237915,-0.001527648280671201,-0.05656575036300637,0.0732921530548083,0.008191275482204219,-0.02849492669679421,-0.007595120001951727,-0.013585811397206271,-0.006711461319355294,0.05053337055869633,-0.012339463573880494,-0.0044209906618561945,-0.02742246853904362,-0.0021789371803606628,0.00308161088196357,-0.009738498941715079,0.0011917679389625846,-0.007545894488430349,0.004266686616574589,0.014964331929604668,0.0014247592480387539,-0.0035799347861029673,-0.0031037748517519503,0.0039973523985281645,-0.00828086021283525,0.0006140049408713821,0.0029374939133504085,0.007972631940447172,0.004314245749810652,-0.0020887490331915615,0.021391265974671114,0.00076977785033705,0.0035770707870597107,-0.03448648048834002,0.00601508345152979,0.005544396831282938,0.05024381728071603,0.07577957425019122,0.11232626879666441,0.00923525746929954,0.001575666775352147,-0.006414532342887469,0.0014734862891145895,-0.02387828673226977,-0.00454943616023229,-0.01558786318582861,-0.00872194598787246,-0.015017936574622581,-0.001167471906683204,-0.00669504373718155,0.004035493596347806,-0.017488142818365304,-0.0021429026287478337,-0.028050273736880627,0.005289558881941048,0.014810272767135757,0.0005487520484166453,-0.0018300181665722448,-0.003994127651822055,0.1545388343893137,0.005459061320379988,-0.01678404737958772,-0.004318946645526012,0.06902758078922488,-0.03644221001104597,0.00332306123334547,-0.0010781310052152548,0.020145507606684987,-0.00212329350915752,-0.003710336017206828,0.12947377160753604,0.1715104556951701,0.024071445826848503,-9.750422395882197e-5,0.2640068269033691,-0.004134432411774469,0.005323714121914236,0.005820497543027159,-0.0014902476898441819,0.006636557847286895,-0.0012111557687148888,-0.01478377699640987,-0.01625938869892707,0.005036781945364055,-0.021358666282139893,0.0069605625058102305,6.768245020793984e-5,0.0016169244727279874,-0.0011069358329223178,0.009538499811242218,0.014465165645560774,-0.02082303798670182,-0.3133690922513779,0.024919694353343402,0.14100255107587145,0.0010621481283124012,0.009108050859708783,0.004362858506283374,0.026743712931875052,-0.006830125295891776,-0.008196960853638302,0.0026931755651276035,-0.005992419826725381,0.0006409373626752313,-0.0007368690776274889,0.008234979713961366,-0.00776513170421822,0.0002024034679379838,-0.011226612922428103,0.011521603219080134,-0.006080639545871236,-0.0003846334911941085,-0.0012672384309553308,-0.0012929371223435737,0.019650420106245292,-0.0002537981422392477,0.0038425726370405755,0.011284841702945414,-0.007573676906758919,-0.00030994644703241647,0.07585895293868816,0.10954154663977533,-0.10534759727806886,0.17288620099498075,0.0016699777177109354,0.01962129438379634,0.005656056569478096,0.010766940113484225,0.09885581459946025,-0.0044570753138941654,0.025812480490913003,0.001312459836412927,0.009281737047558636,-0.023555826854817496,-0.025076931114199397,0.012620871126273414,0.0022271532582180953,-0.08565270738904474,0.008478186036882107,-0.003299641195098957,-0.006100829416482156,-0.009503022618446266,0.060308838535092946,0.09670848061159631,0.37646361116783567,0.0002857519368717476,-0.008589333121562959,-0.0023994175694497244,-0.023346059912569217,0.04694878517057077,-0.002232755771444772,-0.016426196923703174,0.013995010416692821,0.001283093585698225,0.008003635844374912,-0.000700804115695064,-0.14023320800106376,0.1425174728865386,-0.06635254111378686,0.0327223912372574,-0.0007345734284172067,0.0061924390168428545,0.0005499889348357101,0.0023825210612358205,-0.0007120683653738524,-0.1547830620129389,0.002866308494049008,-0.015709781746409135,0.0008136319634104439,0.02969722062061919,-0.00012878581264885725,0.0025307063697255217,0.0035980122449927876,-0.2797975251473872,0.25920831281518986,-0.005306065907916491,-0.0029365240069978427,0.009248691454558866,-0.004167691059137724,0.0050066717047343445,0.0059190064221184,-0.0019960248628194677,-0.011973677628702717,0.004946051598381018,-0.0009209411132360401,-0.0056128655132852145,-0.1150874667359858,0.007185109150668723,-0.005375134157759476,0.012033419941190004,0.006781027303532028,0.0038425570394338138,-0.0009361985289615404,-0.01311114012150938,-0.002148834454601456,0.0034418483460285643,0.0439815402514796,-0.016272398283035727,-0.0001691753000159224,-0.003699890701682307,0.06689783308866026,0.0008748563336666848,-0.00210247645736672,-0.01035206658707466,0.008061897748575575,-0.07096049369465618,0.011106415707899941,0.1283950267252294,-0.00390831806589631,-0.004358338348538382,0.0044351527346861985,-0.001781021364422486,-2.882622106881172e-5,-0.07604137604903372,-0.10692459988240444,0.0010328140717774659,0.02544482749362942,-0.0025501390283295677,0.018100002026699258,-0.0020009907041185215,0.009545220488689665,0.0019939871644965024,-0.06651085143403179,0.0006073229560570326,6.208331706147874e-5,-0.10571454384535173,0.004541839856756269,-0.009631941856753201,-0.0013231668963271659,0.005241708405719692,0.019372368109998206,0.0008820941370686342,-0.014432300053158542,0.030484643754562057,-0.0030707946182246815,0.0025153391979984008,0.014787112744670594,0.0007471169283235213,0.003922688908460259,0.007997701093700016,0.005077874608332422,-0.007729984100876663,-0.0029196323675932945,0.009024180734286347,0.053807541527021385,-0.005986528166431526,0.0020373663112422946,0.027715302932847408,-0.001700629240303897,-0.00141779897876404,0.0019144533362123184,0.018192270925283083,-0.0011258306416834785,0.0002603305803177136,-0.028781928155694914,0.04169080267092795,-0.005512973034001334,0.0035734433981815528,-0.01019718990301044,-0.03719051236566884,-0.0051270290296088206,0.00617401436147702,-0.002490059893034413,0.0044724880531248346,-0.1937621163665426,0.005352345696564953,0.005037970993157614,-0.005403486528848589,0.010521881421027501,0.006789133861275332,-0.01389870609045829,0.04117324363141961,0.1935766610108942,-0.005750294594690786,0.004293445328016787,-0.002011197546465837,0.012363130193989491,0.005550350646444713,0.005955135559815972,-0.03482927389268298,0.0018213310977444053,0.011507782191984006,0.11842133975108027,0.001462790533878433,-0.03673426333898533,-0.004008193316622055,-0.0031372072771773674,0.004009209935702529,-0.016109550381315785,0.01811908120851058,0.0003282473571744049,-0.0004795962390744535,0.00039327636000052735,0.028555983074056712,-0.013264980878375354,0.01370045548901544,-0.05946710906300723,-0.008595369175964152,-0.12965617906593252,-0.003298622239526594,0.0069980624448362505,0.0029091175608755293,-0.0021320062219274405,-0.008460574168566382,-0.00043220643289032523,-0.03802769840967812,0.01313669671367279,0.19940810647949547,0.002859297320242149,0.013011867860768689,-0.009072298123101064,0.0014792131630656513,0.005443081049079979,0.10259595239949704,-0.011469700699365148,0.0006186428581713699,-0.008051819782849634,-0.008584585299558967,0.020156091713033675,-0.12157371999273892,-0.007414252322405446,0.22590353064833835,0.0017989467241932289,0.2314680060799219,0.0022908019905116817,-0.007832385534129571,0.012355341852725132,0.0008954931031439628,0.004011169830846484,0.023761164124152856,-0.0001244849768227141,-0.0034176184271927923,0.010006814922235208,0.2034689813899604,0.0012384977530928154,0.00575608284361806,0.009617411393264774,-0.01640282515111835,-0.012169928128969332,0.16311896517754576,0.033973733905440895,0.007428182308785836,-0.007873308630223619,-0.004707251337094931,-0.01826917993821553,-0.0005681356190052611,0.002183991006006636,-0.00021574652907929703,0.009941377817028751,0.012726279199796409,0.016136187105075805,5.826050073665101e-5,-0.007701718359200527,0.043610741216980387,-0.037781896302476525,-0.047945280265139445,-0.002623532088819047,-0.0774634492252062,0.04425214198909089,0.0036385016951498983,-0.0033602540815991233,-0.04443651322981168,0.007560494707092857,0.010429847265641001,0.006570058128659184,-0.006318809560525551,0.006612455858885369,-0.06779559434653493,0.010143564004465588,0.002434825295495102,-0.030490170726352517,-0.0015034705920697888,0.005548894542016569,-0.0038005877173787894,0.003936067309950886,0.006670619205578987,-0.006052460851151409,-0.008363109039237315,0.002002149627514882,0.00760900651312113,-0.005063065449576243,0.0027880487418769917,-0.009919298041495495,-0.005114256841352471,0.0025298176442447584,0.004163922675843423,0.003023306239356316,0.01378181262907674,0.2816036924332366,-0.021819769888224982,-0.00293980264405036,-0.0048749749148555566,-0.005263574802143012,0.02029914303322755,-0.009186431242483195,-0.00456997209948895,-0.0004371599343357957,-8.029001992326812e-5,-0.0049184593738118565,-0.003602329403747717,-0.0010173691637760385,0.022975529081577406,0.0023569739782942634,-0.22278815937352192,0.007010033714777819,0.009269586407754105,0.003898061936979502,-0.000637148631085438,0.0032848729388206266,0.011645724041272842,0.009583221776665596,-0.13531281263431083,-0.013879897915103356,-0.004634549757611239,-0.005300813520079828,0.0010740794832599931,-0.0007074668790210126,-0.009756212698675881,0.007150808349251747,-0.01074792541021452,0.005608481056242454,0.007797499889420578,-0.004430110695466283,0.02084032712809858,0.012162781863025884,-0.22053811501973541,-0.0036770266226824333,0.010455340120444134,-0.018539239295023435,0.015310473800354885,0.04663754030673317,-0.0009811378749873256,0.0031301950108968413,-0.11794929900315765,0.004689786777817062,-0.013981718073409866,-0.011981990335698356,-0.0072288092160306405,0.07579065148092923,0.0020865814482249334,0.022070735589181822,-0.06833612614263984,-0.003686613768877578,-0.003099472989106289,0.015150797754131418,0.00022915114823263139,-0.0011920242463929753,-0.0025916148271107886,-0.004250036971143345,0.011085496766099823,-0.1443065947339619,-0.03097225672172499,-2.072107781714294e-5,0.004548227238160507,0.01094606087599459,0.0031738100233269506,-0.010028760219029209,0.011906444669875782,-0.0012801563366338087,0.005037177169469942,0.009525949558337743,-0.000509772229634109,0.013465528680626448,0.005533543618184922,-0.0013256389920570655,0.017195905526477873,0.0006728910767463958,0.002885247708945826,0.0014510810390220286,-0.00017013980550473207,-0.01736173948756914,-0.004404670810799871,0.002654176876603742,0.0064139536484617565,0.02433821581871598,-0.003301526008726796,-0.0027836527851832216,0.003628854581620544,0.003045015797852102,0.026846051399843418,-0.005055524343333673,0.23379877697925622,0.019912019457560604,-0.0005466572492878186,-0.01769455724843283,-0.0075955104921376915,-2.4373853193537798e-5,-0.08594775935267762,0.0022432417094933044,0.003323963870116131,0.009057169720335878,0.004150872346997403,-0.004388148179714335,-0.0068927918382541975,-0.020750283322968244,-0.01811234976594278,0.02319727003305161,0.0070679473576547025,0.004448398385648034,-0.004009585945368599,-0.010895339603848697,0.001676969819527585,-0.007973507740416608,0.004180148586783616,0.008804399339169322,-0.006652061718341429,0.0006877369851281401,0.006671703748452273,-0.029569099776381336,-0.0017400335850652482,-0.04942842758509869,0.004197354129246378,-0.2797919799622832,-0.0141779643990958,0.008324769106366148,0.008634834161966864,0.26172731420740547,0.006449500974667899,0.006320638538454659,0.005160449093182251,-0.013915508836362278,0.0017931905040313723,0.12378712162961847,0.0021204034183028853,0.00602211271689157,-0.0026453058499100734,0.012077783447011825,-0.017086091098406087,0.00549847036063511,0.10672367160987051,-0.0026143047700770694,0.004462053203496907,0.0018195515049228561,0.003937787580980512,0.0062847156198131415,0.011505696807034838,-0.004000101501219433,0.053281402014363266,-0.012353587248981057,0.0037285402509041887,-0.002472736173675827,-0.08634352201625006,0.007732061890919795,0.002301850592630217,0.0044816912820806465,-0.0010037530196314037,-0.003215441643817485,-0.012889143351230814,0.00033908096156665124,-0.008128105598188995,-0.0008017218151508132,-0.0055339419809570245,-0.004955416178290761,-0.006415959872953181,-0.003265005024331913,0.001599833580712584,-0.0016319445917183373,-0.015308406270833075,-0.04782408433447927,0.001874532185524913,-0.018020083953096844,0.0018146676056858269,0.020469562882681203,0.009186826427594497,0.002413226603948715,0.14305913143653015,-0.0050482343076510006,-0.0011847774626403407,0.0016759823233769566,-0.0022092411174199356,-0.00015873956328960048,0.03586324950367725,0.0008784608799032867,0.014487393244962732,-0.003297740197922394,0.01334685931851709,0.06039972470898647,0.013136995606146229,0.0029573133897429216,0.005462614681164268,0.0040367033434449695,-0.0025665963730716612,-0.07166872822563164,0.0029416728709747986,-0.0035748981960068704,-0.003300747461253195,-0.0014424745577343856,-0.015410767080993537,0.023965176370040808,-0.24044183456908286,-0.09927307762924897,-0.009809982592742017,-0.07870558858121512,-0.0026005389609053964,0.15015944450897223,0.003409205124626169,0.10390801030007424,0.01182707412090167,0.003436297409280087,-0.010667634656158498,0.004764486709063931,-0.010515193896026176,0.004547096533315198,-0.005151548760608193,0.04160980079359433,0.0015928729153529275,-0.07699258273851228,-0.03552893791857059,0.00030338843890831413,-0.004685615029302426,0.007903101476586016,0.0007263947609317256,0.028827216598642735,-0.0020887492810288677,-4.2407181126691285e-5,-0.001523863123566116,0.00028090819887438556,0.14148298287170746,0.007374625905413268,-0.010791745835831534,0.002780867000751641,0.256712345345818,-0.0007294270417332882,-0.283140657342301,-0.16299386811755312,-0.025650335770478705,-0.002373609640358154,-0.019713688421688857,0.0015173884050909692,0.058929126847942825,0.012475405791519734,-0.01159206013653602,0.10996001948296907,-0.0039662355429754825,-0.014969692135196055,0.0027593319937295746,0.009557939588830777,0.022689463535243704,-0.001810140660381876,-0.018020032159256516,-0.003288581520337175,0.01470568641684622,-0.0007586256224385579,0.00015520703527727164,0.008531884128842648,-0.00017346942195217707,-0.08083823981723981,-0.002200022089482445,0.006993862749311575,-0.005207101980886364,-0.000710184283889248,-0.019584289658268972,0.01151039027263323,0.0030196547154446307,0.01983315004963515,0.012544947816422791,0.17967936245804594,-0.009102876547984806,-0.019089909161266405,-0.017657066448009573,0.0036318875854703947,-0.003274486345162586,-0.09985231333234879,-0.005078904806396167,-0.004529559911588876,0.000627302106749994,-0.008477257417780493,0.009260449904104462,-0.00551479541786648,0.026778916794683028,-0.01138541203567911,-0.11118503826401138,0.15960842419463006,-0.01675835634341638,0.004228991094350931,-0.005225464146406011,0.002600501701635949,0.027252247853539302,0.004374770438516862,-0.14227564369502943,0.0015399817410752803,0.07813265421577853,-0.06295897694496944,-0.11592648003897921,0.003007895791597548,-0.008332526826052344,-0.0031781242014403688,0.0006172516932565486,0.0037400667679321487,0.007172922048425789,-1.9714454538188875e-5,-0.00798314021783142,0.010539989268181671,0.002012355216720607,-0.0188591221053116,-0.004203832997518475,0.009303801464739081,-0.00206938564133452,0.004134894596234062,-0.0011665771103253064,-0.006818431329520536,0.0010891759927744715,-0.008426105481703416,0.0012602391116161016,0.0074180764902394,0.0060128200238978025,0.004732980431981559,-0.005542690217225754,0.017159163786814702,0.030517276177306485,-0.008175635053703445,-0.04110198950274935,-0.044906954950420186,-0.07615102373893023,-0.0001912795237331011,0.006338496757507528,0.005671243904544099,0.01667134194576647,0.0003334252351123723,0.05557123606558889,-0.001983898116122873,0.05268593051368953,-0.08605870483188482,-0.002132534903068972,0.14403838539874414,-0.0007168012443798943,-0.016483275743780723,0.008528856602879387,0.02258935178315369,0.0032229945140898053,-0.004975139877387846,0.055118969031966,-0.0036118861735303653,0.18069411494502674,0.0029035829645636113,0.0011129757494927617,-0.01154330349072552,0.01385649094299879,0.009811364455345029,0.13355911604867288,0.004056684078022954,-0.009061543157713459,0.09698923224550526,-0.005239477894747324,-0.030300381240522256,-0.08361651153882121,-0.0022701420184603194,-0.007269442033248197,-0.05242896023037247,-0.00031655654947826406,0.07051038785721175,-0.0029149625245850075,-0.04107724654795675,0.013178657621210732,0.026264825772386757,0.17194232150387734,-0.004312500805099262,-0.0043949941673417925,-0.004588722761923236,-0.0052007980084454175,-0.06571822083924417,-0.006008975631175417,-0.015892580772742804,0.0007144200833408831,-0.0056382457346444426,0.0020322086912756276,-0.002739712070706446,0.012140153297877987,-0.006241561616207036,-0.08721783866985788,-0.009231575922854063,-0.234641164970526,0.008289222372695804,0.0025184308656207577,-0.013144290950549475,-0.002677910067177436,0.0345191538126528,-0.0019430731015290803,0.0017537708317831857,-0.0013850987720616104,0.003779455120820785,-0.000380274122562696,0.06197533573117653,0.0016227770890964166,-0.005061414008196152,0.004472536157663853,0.005591637834186258,0.014722980375381667,0.02317513944217353,-0.03294260514621783,0.0005591519284280366,-0.00027950735346848887,0.01170545361492259,-0.0036622964511252576,0.015269156203885359,0.036119167030847166,-0.03285231089694207,0.010619077555475087,-0.0037658394048776245,-0.0012036855521273537,0.02218929226819455,-0.06563041427125427,0.011891408370502177,-0.01770402928286785,-0.02305805507938885,0.007322213794395793,-0.009646863205489353,-0.00747889988906536,-0.027489463723895824,-0.013542276049520297,-0.05734229624704312,-0.0012293854001654836,0.008467208743240917,-0.004658644264964096,-0.00135833418630682,0.028375311898798827,-0.0008218480884352175,0.0026871907123222627,0.00046276225612018607,0.015408575041874428,-0.02079505607889587,0.015712065533989517,0.08544463456746598,0.0023933328262728537,-0.011484289493182587,-0.001112374918648129,-0.05109516293214256,-0.005421939631276018,0.00305497003137134,-0.0033549035806572647,-0.0005409332592307692,0.008200614329325617,-0.047154089744253724,0.10745592364537515,-0.1299190448371519,-0.049632824200671166,-0.042331200552325754,0.0020226578175197574,-0.01329897160303517,-0.027883551420018193,-0.008204614183341619,0.03473980551461864,0.022262671164526182,0.005980295667541213,0.17324842788821115,-0.004457148464098282,0.00362607635632628,-0.05468887134338729,-0.0013213166769219242,-0.020590315247773106,-0.005139526675975503,0.0059875109968743345,0.007631662259882432,0.01475308403132658,-0.0002030868963629473,0.00022332257003654377,-0.010114249909292994,-0.0037749200519101578,-0.002302738986145414,-0.026944002496748,0.02250974207663603,-0.0031411597492478904,-0.0034551872176962206,0.05396679141904315,-0.012940072442660266,0.0007485231271857629,0.00470998206310469,0.0028920286504217074,-0.010163656888380501,-0.15058157639577985,0.0004955000574682344,-0.5682813617959255,-0.018536181547915476,-0.004481824958929792,0.019855999423270987,0.0051016262668781565,-0.0014903449909979827,0.017097189186642936,0.03990618859143069,-0.011659590049021062,0.0027403971253079362,0.003428633441671991,-0.002921159149991581,0.010027397323028708,0.01737707996426252,0.0010240121359856857,0.15009383038068336,0.19526233033866447,-0.025424903518796782,0.020400441687343118,-0.10755824515081258,0.0005667798760669029,0.0010326464712306915,0.0027347756420113,0.00037372430870163953,0.30157133324610186,0.003734528056355657,0.005227535296853603,0.015129483286727918,0.0009900110471789958,-0.0035658387182593287,-0.015684244375279377,-0.001995051260564651,7.554894409622648e-6,-0.0023428424592566444,0.0036549520150401804,-0.006169346080071136,-0.007497689774936589,0.005674923528658837,0.0012097750785642347,0.0013324624305823818,0.01883785269001237,-0.2111859727083356,0.0008196090934688982,-0.012077811793005822,0.006178339814141509,-0.001692012670901022,-0.011370427295332775,0.03946587650943911,-0.012336874746324611,-0.0022076298550928186,-0.008884791644959478,-0.06729706072292174,-0.008609054352518797,0.00018983535392180784,0.005536545920676872,0.002321407582712709,0.003917209236078634,0.0009489325429967721,-0.008165791278770484,0.0009575023595971288,-0.019399649555111864,-0.006635619686221617,0.0077942198386153905,0.005597225377300674,0.007143561659177067,-0.006643399216045509,-0.06644313330252771,0.005575184039116721,0.0007902167008069227,0.006835298618625529,0.015389603553558118,-0.0025782725933822803,0.030783510771016154,0.0005879026184629765,0.004743121025967412,0.02751519556295534,0.029880081578994577,0.0036941485268471297,0.0098250055580138,-0.005888482244927218,-0.0035968500574199425,0.024953957687102957,0.008116397665617114,-0.04562330149474292,0.03637390123185469,-0.01537306669888494,-0.0060410693140511285,0.0023023122171252908,0.0004386755554151023,0.0020075192653621343,-0.0035608348334790207,-0.00015128845404888125,0.0007685058062634198,-0.008473931281969271,0.0004109027304366464,0.027577338709306787,0.0514384225843969,0.0074294646710768575,0.005254577423329465,-0.05861111261037877,0.01415290489239851,-0.0019006438415090088,-0.007633851504351696,-0.018381530288024805,0.029729412442975445,-0.0020415593561438072,-0.008883016451818548,0.0035463676344988926,0.014214242184607428,-0.005503960264377383,-0.0024941975666479266,-0.008038454948746221,-0.001452865657483926,-0.0036909710506733973,-0.08102789609620231,0.0008810971737602813,0.00509818427508435,-0.022684623757868394,-0.09325998952681402,0.008427458368259977,0.0056922055928225745,0.017664467055510613,-0.00687302190635819,0.0015340285831371148,0.0020077807839697925,-0.029085713664244395,-0.0026115656801266596,0.006985433337831637,0.013468006280163536,-0.000288440100121079,-0.002148762044726027,0.005318400965279579,-0.0036577803675754694,-0.007141294316170388,-0.007734135104556117,0.02592131689652888,-0.005564637200222933,-0.015877961199294077,0.004509457757194468,-0.004691968319434636,-0.006626038771173626,0.023898810453317765,-0.018766539775242563,-0.012632286395501069,0.0004550479043246014,0.020647753352477594,0.03872893812081202,0.04167710979891126,-0.007809582139998383,0.0007247032272061915,-0.0010305352607247187,-0.012348601330359088,0.017115297359850956,-0.002739536002081877,-0.0006436527904725153,-0.0018257434203405865,0.014031131292085774,0.02649316386305145,-0.011737756051843462,-0.0053172745106166985,0.00845844751347613,0.002178060942242155,-0.007494332834085071,0.002151653303144485,-0.005613775121673825,0.009616467185537658,0.004609543638252944,-0.0007933359115668281,-0.0035059888377872994,0.005688918619398464,-0.014998465489043156,0.039676907013017626,-0.014862127712603979,-9.600777593732346e-5,-0.0024637714400341792,0.0016414632964369957,0.025491697655297685,-0.020570613393829262,0.013566648951382376,0.019955789197410922,-0.003991539490016294,-0.01215915925331501,0.021822845755195885,0.000945856741964235,-0.0018391947287454968,0.054820970100536215,-0.020179865968202648,0.011056265195293236,0.015072467520440114,-0.0064612817527631705,0.01152555691624002,-0.007296435263015155,0.025472164861184865,0.003290857397360014,-0.019289424390535714,0.0042259595520590665,-0.003405791765089816,-0.01262573524581967,0.001462891972551006,0.0027045184342568973,0.024287595269925077,-0.003947971548768692,0.017060198237686564,0.005919139199249912,0.017757713566425082,-0.01884624923059164,0.004104688214283669,-0.018691157637476863,0.006171028475819185,-0.01891005208722163,-0.003207531901580296,0.0011152158913319,0.0003651917315892206,-0.02362583529566109,0.003728104362380691,-0.006623333440302304,-0.03817452788189257,-0.01792957671568729,0.013281017609870105,0.021331883010844876,0.0005347774808797112,0.004132959270464198,0.05035311767085204,0.011009841377017437,-0.004898894940197351,0.01515981742159056,0.004967114394730743,0.023250952010130277,0.003393473958311688,0.007614986655426037,-0.01607357599732495,-0.008471491243653873,-0.003457668066687347,-0.012815231653803494,-0.0009004687253764132,-0.003356782082846621,-0.002978707796501112,0.007937712877719605,-0.007208293307485292,-0.010789228628254932,-0.006581621195437037,-0.004736966960535938,0.06544787852232048,-0.01983406133558674,0.0023479684623453068,0.028093136088500614,0.010524358142902202,0.010180413512898667,-0.008265307807050704,0.002410003707609576,-0.018205574860985507,0.014704071769301663,-0.0022020544734004943,-0.0025903167338583444,0.015374465103377588,1.3936007462689304e-5,0.0015049527503379068,-0.01660299263357956,0.008718527460587211,0.006287702370173065,0.002484000337062753,0.00899799146100122,0.021057382998606045,0.001869019861032939,-0.010168418635657872,0.007253437545614361,-0.010960511363919068,-0.005852404245160869,0.019158547935148817,0.00796604586344074,0.00155762818576477,0.00668915496748923,0.04607823835431191,0.007444774192663317,0.004752585446112789,-0.015102088241974343,-0.008561895862840174,0.0031659013793614577,-0.02972703685918532,0.006846404793577676,0.01164458848643335,-0.009885296212132744,-0.013184962690047541,0.009084770865229075,-0.007921896859215849,0.0093040730569669,-0.021510838113727004,-0.006773721013814793,-9.394482773927848e-6,-0.029955561487099658,-0.012428530539182248,0.005589923593106505,0.009557068830417847,0.004585515649523586,0.005646078870540805,0.005751431363023585,0.029557883046436473,-0.008949800797381613,-0.007266181200975552,0.01241416215634672,0.012641635203181067,-0.00446327998815832,-0.011483330605187803,0.0038039684270643193,-0.007344342242504354,0.013133033418853302,0.019408416921578464,0.007317834028071957,-0.00099864781168435,-0.0002122556243193685,-0.03134103304182645,0.010359717676692526,0.0008512586507123387,-0.0025339998319395818,0.004174785386567237,0.01093996370309469,0.003989447835920146,-0.0021322131624401663,-0.029587749848360545,0.0023859644534240942,-0.01786056203627595,-0.016480062230584736,0.018749392937024822,0.0001487490112594969,-0.0002908549849962583,-0.004112630919280491,0.011488687454800584,0.011185072387661421,-0.01140393516925542,0.011255817400240176,0.0012076605189577094,0.0035446214858438907,-0.002536604609758797,0.011238734759899671,-0.0063717770755147285,0.024097351601085393,-0.0006257081322473823,0.003456035497947596,0.004062589711793407,0.008785681642621057,0.022527615641138254,0.004463475286001994,0.015399606855680759,0.025087751706450945,-0.00566262817255847,0.0003669368816190399,-0.014337236789288,-0.0175563464190418,-0.007997630103091069,0.0062833228721501655,0.0013627815897052642,0.051819322779920185,-0.006233470860706802,-0.012441490443961811,0.011077839378231147,0.0013950013394605776,0.021466530950192464,0.01052594257604511,0.004609915800756426,0.004920938241411932,-0.00016975449113942886,-0.009877058420443063,0.003530572912950447,0.0012653035751100106,-0.0014689897268453933,0.012261783960013872,-0.00562099423041218,0.009729364034228638,-0.019740623570669413,0.03945811175799463,0.019218451326196373,0.003236542040212953,-0.004549514324935444,-0.009391962185873126,-0.006211763953615446,0.02029620463372339,0.045184577560576145,-0.006517278924548009,-0.008447090436675353,0.0014934831237951585,0.009548318744691642,-0.012163431520093582,-0.0061505930584644375,0.0024206619200413115,0.0008132765842674416,0.0056274871039931895,0.027146963889208564,0.005606778524452238,-0.007423388114148111,-0.002317049043881525,-0.006284669051638048,-0.0015570925406791503,0.006954511945878039,-0.0018305663753608314,-0.023178443702590812,0.013898417392738338,0.007609380855683412,-0.0024856456352608802,-0.018517884184348077,0.037087923841681913,0.004467958438681308,0.013814794238896866,0.007561932737189636,-0.0005910414120080532,0.031437583103979705,0.00971402293544088,0.011094095053977071,0.0051368234808251145,-0.041547401415300556,0.00695182454182941,0.001409986452472367,0.007896137934949365,-0.011830060289412359,0.0007664460310934373,-0.02194940057825079,0.013119698330910978,-0.007816297201941325,-0.018091833082507947,-0.0003034151420706621,-0.0039810084963392,-0.013265168116049608,0.008661898540594848,0.001091242590746333,0.135796471777212,-0.00219784730415995,0.004487099963284891,-0.014546872658684151,-0.0054670428380632075,0.008922870336391497,-0.0034327858138567535,0.030809614545106,0.005526498375047595,-0.002160153451768565,-0.0012998051233807928,0.000424883215284666,-0.009882742160698399,0.0024905114605644485,-0.0006967479826016643,0.008442424190434394,0.013057592258746809,-0.007073172859179522,0.001765418040122313,0.0049160267335537355,0.0029666633868146164,0.010778404427355781,0.000278687987702142,0.002631224284414202,0.007557932234021791,-0.011131391271192115,-0.011294038051360644,0.0015332660495914752,0.0007300160259546828,-0.0008862081526785914,0.004319777126966073,-0.02299867684357082,-0.007613304879669158,-0.0026990168120164526,-0.0024275504583783913,-0.02083088182780557,0.008745077614833008,-0.000503511490933306,-0.004985831427802623,-0.02796567323774468,0.011062824280543282,-0.013505286428426189,-0.02459741984239372,0.010836029947824954,-0.0011244148108744412,0.030497536355142074,0.0027689587004715577,0.008905444483389147,0.015070171879415284,0.003003236399308662,0.026292441059013072,-0.008130902087032155,0.0016325015740221716,-0.020903850351714937,-0.0002577372504219966,-0.012361691341538972,-0.0025407349589841033,-0.003294937745295101,0.023426833886333043,-0.02861474560268107,0.007074397291034984,0.013173752635339042,-0.0010767753274194547,0.010061401335406117,-0.005020446801154321,-0.004498685551880044,0.014151101426250534,-0.012921103569169645,-0.0175736148495389,0.005983693044981919,0.0058731409426400205,0.0037533053173319786,-0.003562943736142188,-0.00575426304294524,0.0032376106582887587,0.001267728299353621,0.007750081797667008,0.011521767731210275,0.0022046179610697436,-0.13564772891459143,-0.009394079550929746,-0.009819261633310816,-0.008413011338006982,-0.05271994826216542,-0.0023414665294012593,0.006981819870816253,-0.006703463094936524,0.0011077710405515973,0.004241849004301912,0.014818050015946937,-0.005125728051098122,-0.018040821171894095,0.010909710804753558,0.0010264389520671102,-0.0024942277602804097,-0.01137112438357235,-0.0001233917728313827,0.0031130133429542184,0.007960199501894749,0.002481223356198825,0.008656274787881557,0.0010933661014860263,-0.0016261798291452578,-0.005445485903237568,0.001581774337864772,-0.009924908640641661,-0.0021211966832197504,0.013426150064333342,0.003378575787223781,-0.008467340013112334,0.020251470403309213,0.002405857305348036,0.016127953318573418,-0.008464495462249033,0.015675926359733694,0.0031053724801495264,0.008000981107215921,0.007588036657580233,-0.004977564369028187,-0.012439380308478576,-0.021964966246741824,-0.004405712764537384,-0.008000627558885753,-0.000211923199458397,0.004017106080937083,0.0037979749167789123,0.0027660333705625817,0.008963320513430517,-0.0015082310001162114,-0.012082659549832897,-0.01412301145614947,0.03054168320431927,-0.001915006819217524,-0.004518522737271269,-0.0038199516711756587,0.004174253323981247,-0.030209421920517343,-0.00426535278575102,-0.009418212579475949,0.05271539698333072,0.0005287121111905435,-0.013441166872325994,0.017707140381617137,-0.005532660799872247,-0.004120330945795558,-0.0005700019273717771,0.017046436130840448,-0.028660598873102572,-0.011715670842022519,0.023145693225160358,0.013271999501057508,-0.08281101672446312,-0.002942976097074279,0.0017017584259519936,0.0035137768427375704,0.015098814876637334,-0.0030400348400689836,-0.002643870618157962,-0.010725110833845974,-0.009915448570609442,-0.013047057297626452,-0.003300950997072505,0.0040007699353736825,0.002921429289926891,0.017794126674743893,-0.008332400947892893,0.0022254324348978116,-0.005821146721700643,0.007801192594342865,-0.006620989413022471,-0.12211180875510763,-0.03451723412399588,0.011596946286545062,0.0020657738959926064,0.011347515865054447,-0.011622532929322915,0.0398815018197638,0.005802162055459803,0.0466469202292501,-0.001348935662463191,-0.01151125685464649,0.0035428457508714928,0.03149116447639244,0.015148046925560266,0.007318987429243862,0.003134679188406153,-0.007353381916800572,0.00018907023786596255,0.012827281708723604,0.006423150258342503,-0.008368180973775452,-0.011892484243162471,0.00018354609255766263,-0.009009505995891232,0.009084123285873602,-0.03583375761445495,0.0001266392814613937,-0.007872792524722172,0.04897582660487387,-0.02062199733700254,0.002166587867804992,-0.017238906147156285,0.012326217879490287,-0.0011377950083897304,-0.018755095926508147,0.0028289923120610183,-0.0023993060790417076,-0.008535603529708169,0.007496714854823949,0.0024671695382494363,-0.007475540119230573,0.009519602375803515,-0.0017590581428521546,-0.005559102652568981,-0.043950650099759514,-0.004987705878079396,-0.011853012568963095,0.002307623359229183,0.006218655095835857,0.0048216900408988295,-0.0027866054883816105,-0.004195990392872773,0.001153475856881414,-0.005193287905285615,0.000983625006483635,0.020840379569563083,0.0035805078950943425,0.0024892591400202946,-0.016469728140691586,0.00622334266404323,0.0012706285407375617,0.00823634320659039,-0.0071443912862036996,-0.013073714467282116,-0.014946732160751708,-0.010905155944783473,-0.0011027433342860604,-0.02234016943293682,0.007761398347156501,-0.015378639893242507,-0.005276501846310566,-0.03900764952777536,0.005067235899332445,-0.0015429799489083962,0.04084591714490671,-0.002537811170469695,0.0168206688540522,-0.02103450586582767,0.010024927878475864,-0.028718420515360776,0.0010317435417164234,0.008301488365759724,0.005414614017809072,-0.016268911682345788,0.0066400104988133535,0.0030874011699779658,0.006493070194210304,-0.0142559552814987,-0.04419044143492101,-0.004679884119241251,-0.034102554327546386,0.00905432688887231,-0.010537983235735737,-0.016109241789763473,-0.013226315893916762,-0.0010114924466506636,0.013645343256939668,-0.004677898403429026,-0.0068458061759884,-0.002792613039673597,-0.010873784309296752,0.012897398839413654,0.00032091019056679215,-0.010739669497297655,0.002143838314623281,0.006556987143994775,0.006256703327380819,-0.009923800125761773,0.004152716694989067,-0.009307104913204967,-0.00947441491553036,-0.022803305442721467,-0.005161366140100654,-0.0032822873808981967,0.0032369444697906147,0.14172984623019147,0.0033473931662229006,0.0009686072382919519,0.017748937989381375,-0.01170222678592836,0.003679237654978351,0.0016032165567594348,0.023727686348138377,0.01103558839309926,-0.0035024966591663542,0.01189081379379786,0.01642373660024532,0.03566335129517029,0.035998091997839765,-0.013683079389011255,-0.004355687695351662,-0.003544443810596931,0.0029271239254740067,-0.012542936150111927,-0.00579598067815823,0.0003964604784414405,-0.004678758369664138,-0.012670566185079224,-0.01132081087143888,0.003322151320389821,0.005358954645245717,-0.012922156924105366,-0.009217279268341372,0.005551398522356976,-0.004012052059465532,0.005779908995464211,0.015314314301804188,0.008189233821440212,-0.006497115065030812,-0.015962073013724876,-0.0059071012710774085,-0.009683557396328979,0.0031338287226390094,0.007974812174325052,-0.01247910992276502,-0.037179375039841034,-0.024484093524733908,0.006486685419076821,0.01484822476413683,-0.0024295706789416727,0.028079356423404533,-0.00130711345718737,-0.023257711595761066,-0.011137943221456226,0.0027105247554572998,-0.025690703059808584,0.0009267457446640037,0.0011623719743738548,0.0021387588899415277,0.004014376226791683,0.0024437280320626087,0.0353736659731112,0.01182632199015643,-0.003134225165922544,-0.009571117873747426,-0.01562921272852691,0.0018901316470874008,0.0044862342310807435,0.0064135525175856856,-0.010417513394713751,0.004135447340104292,0.003327938780785189,-0.006236930155864684,-0.009409275907501069,-0.004319173577982838,0.007730267345323227,0.014264661021570646,0.013242953734106777,0.05555349298265355,0.006293345766835046,0.004843122952934209,-0.005712801448680693,-0.012726975737678003,0.00442841703807062,-0.0067639258077178965,-0.0065956042373613855,0.007309811677259859,0.044616430947030494,-0.005923878376052016,-0.011175465427186282,0.012303866658385232,-0.00517546791343193,-0.004327601688601135,-0.006302379625594767,-0.0032484017156093614,0.03841508968071139,0.08690693328901489,-0.00612579681819625,-0.0010887517491937615,-0.012379839379264013,0.00031504870821663644,-0.002416369783531991,-0.011082864706622786,-0.06850009522895562,0.08693129570474412,0.0022710026323693455,0.0076855388647345535,-0.008453782366814266,0.0051064026383755845,-0.004480030971535598,0.012050211845235026,-0.015472499866518774,-0.001940306911819789,-0.00481565854352084,-0.006896750839587185,-0.004997288619961182,0.0074141922027592955,0.007887202817528305,-0.0008614767652943556,0.009197813975333702,0.0007224978000976989,-0.0038074472913649515,-0.00014507857667922508,0.05052346928823681,-0.006448008059578569,-0.002200769449245854,-0.0326859709252858,-0.00028472778876675875,0.1311359165235899,0.005236380920450756,-0.005079320531876874,-0.011462282833235804,0.006713161320476502,-0.0024742402438278077,-0.0015758000117784832,0.0035498681320405012,-0.0034766366061376175,0.011452759701569448,-0.01549554327016267,-0.016819621187096345,0.0475842387195371,-0.025431323061638977,0.00574089390829613,-0.13306885928741963,0.007845796056699328,-0.007249766037602967,0.004659919117329991,-0.013240904079339089,0.0008964423477664241,-0.0093276792194672,0.03632722855445536,-0.001273090909307939,-0.00036786269811273087,-0.0027894798802208243,-0.09705242754625942,0.015031729055408505,-0.006078130982132279,0.006235653283056308,-0.0011019409093933064,0.005164110391262966,-0.024405835661582387,-0.0025538008312651073,0.007634660370683832,-0.017182114996103337,-0.0014656610228485079,0.006058274552970033,0.0002773697033262579,0.005619520443588044,-0.008797464096460317,0.005794650954157987,-0.002929946285803453,0.0333664702511669,0.0035194469237467274,-0.05415752656335826,-0.013062398390729868,-0.014475619907898363,-0.003330959178356352,-0.005024479327403242,-0.001290092592171277,-0.007630402211816545,0.006295993778053344,-0.012420009622474026,-0.03020040591582074,-0.004309071309762658,0.017703457126117428,-0.007000361145401257,0.014104673392012046,0.03429718843835872,0.010788211531007619,-0.03183746491868078,0.008411406753566553,0.0014770300567761296,0.003757634319299541,0.0021204587251304474,-0.0017250406704079069,0.004710558634087647,-0.02256196039979841,-0.0029398894181156265,0.010295740122273855,0.0057751183448999655,0.005149153782895155,-0.022657931198409642,-0.0024002378049772233,0.00713935558076173,0.001987760018892004,0.00014995138917583972,-0.006891207169246627,-0.00013486614443536382,0.017511460784589872,-0.0093991215362621,0.01432388596549572,0.0015502752289648924,-0.0008916611268432462,0.00646831279664184,-0.006196802560225478,-0.014540392583512585,-0.0020858840669006895,-0.015434199418109529,-0.0023351286336037447,0.0010904152875355066,-0.00483993421357809,-0.0074747689977812115,-0.031274585488858975,0.007700183707129327,-0.0009610293527657632,-0.02068899190362572,-0.02493490396955167,-0.0384826559566136,-0.00027907165190299565,0.006307177802341357,-0.003118188098135022,-0.02417425396197359,0.007903653009634581,0.0036773220454051625,0.014093329461601911,-0.030578564588722656,-0.048386236268470384,-0.02896740864343883,0.016172788968106033,0.03733751778599981,-0.026307132557121804,0.005757425170941133,0.018819949342741893,0.0006525028966279933,-0.005272086007607868,0.004850245674788312,0.0010372172655479517,0.018220567479147576,-0.02546710034403077,-0.001312345556470973,-0.018404763424769044,-0.10797691188599856,-0.018108669291564183,0.0005503654957692561,-0.052820114323367306,0.006836043789917312,-0.023019899801056454,0.0010300641061462557,0.008631615308331675,-0.010183649959799368,-0.014672546632027661,-0.0030099462946964195,0.0017202460201133363,0.004098610182609264,0.05583260423736647,-0.008130883375997655,0.008342489012648002,-0.014624658898355847,-0.009814053499439979,0.0025718679057717964,0.019024788104616164,0.003303349778889242,0.10174324970103044,0.009283454050887485,0.0170380513454802,-0.005547303409912274,0.004834540911815566,-0.010099720533617074,-0.009499001471340307,0.0077514974036603235,-0.00306165503388911,0.016167400718586578,-0.021548121976593393,-0.01884748329212016,0.010170130598453397,-0.014807479703449644,-0.011341217174049234,-0.004780590222253522,-0.0004018364238618233,-0.10233732245433202,0.007173046117713966,-0.010276138282279135,0.0009756679069141683,-0.005877548899661633,-0.008324726993393483,0.01119068958837488,0.011676276216803672,-0.013691380819182086,-0.0007628571111126803,-0.026792524874053925,-0.0034095712271664524,-0.013765078662800079,0.006026275472322595,-0.0025417410561203724,0.007414128736854764,-0.008962314649579639,0.009297964892539312,0.014926633493814734,0.004958652491950488,0.02532137067100848,-0.048594350342682446,0.03505157719791896,0.03226478141368716,0.005410508746535925,-0.0063397640683433565,-0.019264084357928368,-0.004609064833857701,0.004035462153183289,-0.0024087700527957168,-0.02072989530279301,0.006209449395100819,0.006541985224430391,0.007266927820865021,0.0037279517302977183,0.0030714424707412036,-0.005110498319027101,0.0026387119154378524,-0.05139889135534759,0.005090384165669093,-0.00209788235497399,-0.0004884599247816368,0.013937357483882806,-0.005403775234753994,-0.006303063439190737,-0.007258582997110352,-0.026327725288865622,-0.006142886901216116,0.01413287617288006,0.006263121499614499,-0.0014002097682350723,-0.01942038864490314,0.026309494098313735,-0.015070584322756986,-0.005885591971491522,-0.009293140186855453,-0.0006844113959232345,0.001268961321329698,0.008728876363875315,-0.00021155740341782803,0.003556986779130966,-0.014931946388969664,-0.0003537893558132055,0.01790142573270259,-0.00013066427527519409,-0.004466015356229036,0.00232392185421304,-0.003921907385119994,0.0032769143199402606,-0.00608176441892283,-0.004450821556474693,0.008276044262402138,0.015561452284600819,-0.0011438205447120708,-0.00046974319047876634,-0.022079807642512606,-0.017157760271857114,-0.0034983214695785136,-0.002441424651806301,0.0009059461663127877,-0.0111763072627582,-0.0019817257416434586,0.008235146216975409,0.0003323194190443246,-0.01666769897474296,-0.005321288560026005,0.004411032331063325,0.0005925353316342807,0.0015794541058937739,0.002559584908112811,-0.005040080373873934,-0.051907416273024864,0.05376257802345208,0.009906927552947309,0.007863179643663898,0.04724480282266086,0.0020631277957363636,-6.0096223023720086e-5,-0.0523421383427376,-0.007535703822213691,0.015400414759369596,0.010909237922533066,0.009938057595277883,-0.0007204134467428958,-0.012961182357685175,0.003979079936470953,0.004369287715235259,-0.00459089525793388,0.001591152577475441,0.006022723530350049,-0.006260638104777172,0.02858431737195133,-0.01605425982916131,0.0004546606402300313,-0.0018434692369737604,0.06684756824279248,-0.0059804255392919,-0.01416651634963273,0.013066726253327943,-0.05924553004874156,-0.00223387756068405,0.0019895813147741137,0.025189447295815626,-0.0029338517497308203,-0.0021847597763553495,-0.00137486294995659,-0.004553824654976779,0.010314019528777862,-0.0038745723804822774,-0.006431296011896848,0.0030638807475042995,-0.02141132709084559,-0.0008474635992570256,0.004326550353482617,0.00497564472425438,0.02515926946671243,0.038028069020583644,-0.005983989404739987,-0.014451743583776988,0.003598317892283376,0.009190548121210895,-0.011113053231383674,-0.05603797877620309,-0.007836216516125205,-0.0017621232934743603,0.007449263280250307,0.0064632752714715025,-0.02376579510382726,0.012008049530777498,0.009203895952737184,-0.006848365372206899,-0.008139403669304102,-0.0012687847993220203,0.01835012540959724,0.02138582855786808,-0.03352443541189132,-0.0046124074133331305,0.0056424182121190825,0.005509208551302436,-0.061592503031079104,-0.006937704835991099,0.003954382654228539,-0.007386390046804081,0.0008306659692607354,-0.0037068552710479707,-0.0068762424889428075,0.011890965115526342,0.04304061554012151,0.009638944116886705,-0.0021133377695150557,0.0004698271636698337,-0.01827170972279646,-0.020186654659482883,0.0014966355720389402,-0.017629984709856217,0.008821743305361451,-0.01397342405107338,-0.006379911543263006,-0.07711851092426514,-0.025702567187636305,0.012571089775860855,0.004775190506279614,-0.01350274282413011,-0.0025026009850535047,-0.0034130145322706085,-0.03599432763076038,0.07403321539823082,0.019207541219657287,-0.004443979943971499,-0.0060165358718222706,-0.021794293713355728,-0.007611832938891894,-0.0032593286105111474,0.0014676674945803825,-0.00781520541363534,-0.001240764154090357,0.004095054858680669,0.06289095363536035,0.00932588879368268,-0.015929027436868637,-0.0037281327579421486,0.002213938430941198,0.011027889335309737,-0.010218259139946895,0.00495830940411679,-0.0022130625175122987,0.0015303445306926733,0.011889727040397702,0.0022743797171642655,0.09737612879848712,0.03328930210136605,0.018619411041981948,0.0004190352192381397,0.0012741557866320363,-0.05624634577179677,-0.005262663150006119,0.007141556921737902,-0.0017949393347862497,-0.0065459917730095185,-0.0005838065587795427,-0.004470480421105094,0.010886316646065097,-0.0037838461555850245,0.017253445134883805,0.011083125427830964,0.0162429765633334,0.00473862525734603,-0.00116285274089023,-0.0037438850094986265,-0.011310567345844902,-0.029418408518722572,-0.041904003786839894,-0.010364268058765447,0.019679402746760388,-0.0009950045323421364,0.06886592242881306,0.006040495518391253,0.010563402478510397,0.00817474215546099,-0.006145893773464195,0.07906024057956529,-0.03695274254096148,0.0011544200525577253,0.018434749812513473,-0.036594128733668185,-0.004002619282800879,-0.10160054552216025,-0.007093258436725591,-0.012362581846275589,-4.20578528934068e-7,8.597201900037432e-10,1.2759428245079363e-6,2.2138995565404093e-8,-7.184530435999648e-5,2.234331790074151e-5,-6.830882125541393e-5,1.4503796568199334e-6,-0.00016235964029931438,0.002020732024170968,2.294306706562832e-7,4.127470612904152e-9,1.3425576878261375e-7,-8.051842438905332e-7,4.556308863187808e-9,1.4136170580355764e-10,1.1622922629992566e-8,-3.819433338314582e-5,3.398121567119161e-9,2.1386273161283498e-6,4.471508127323887e-6,2.2780421815582486e-6,-3.9059654597495275e-5,0.02330508393697528,0.00854055922900443,-4.0060203532199523e-7,-0.00033656252293212674,-0.005000072922968002,-5.048465820112202e-7,-0.0054205207293449575,-9.99545990794104e-5,0.020705583765447955,6.849705802003392e-7,-2.425174918663231e-6,2.208834317708741e-7,0.01052998776322056,9.491615891302538e-10,-0.00012207326987834222,2.493144920823198e-5,0.00011850031460980404,-8.267202210276992e-5,0.00032423468792330823,-0.00792337507141383,-4.540301932060009e-7,-1.2746100976415708e-7,0.007955713196679426,2.9172182662851043e-6,0.001985930617820486,-0.0035929467292135087,0.000558969846679247,2.320247087794769e-6,-0.04181655106731341,-0.007739492295968375,-4.201973341666498e-6,-2.967434223344334e-7,2.879149625734101e-5,0.0093476968104369,-5.223099629539374e-8,-0.0017270060252485564,-1.411476400012962e-7,2.141737210983874e-7,-5.2803827848890705e-5,-2.282692917535134e-7,7.913765287179131e-8,9.6194773364644e-6,1.4701433254771246e-5,-0.00035844262876594257,-0.0006473206899215711,0.0021342650024962495,1.9126699303262384e-6,-8.695885117981916e-6,-4.658513149902177e-6,1.3929506979294681e-8,-0.0009039308029059612,7.632122569212196e-7,2.7574275685005034e-7,2.5447831863284476e-7,-4.3977860421762216e-5,-0.0007901930221123621,-2.55965569184724e-7,-0.00010959322521131298,0.005813367831706273,-0.15876665417090408,2.531350735068827e-5,-1.8735399645586348e-7,-0.003702049106323102,-0.041663636987323116,-8.477420843228112e-7,2.093938317702937e-8,-8.498666393963461e-7,7.702877234672112e-6,6.498942822474874e-5,-0.00011664915829001643,7.366876673845033e-10,-0.00016049849995170007,-0.06187488705654687,0.00013881085124012316,-1.4033809414559784e-6,9.492046237014051e-6,4.62649088035505e-5,1.2914364382055066e-7,1.864441134591388e-6,1.7232592582905326e-6,3.5558728721934996e-9,-3.425792369426972e-5,-3.7349277430820393e-5,2.4417023783071534e-8,-0.00010637220748321852,0.000543123390201572,5.438597496833231e-9,0.00010161199571712132,3.895835146039417e-6,-3.903740789579224e-5,0.0010497723167190998,9.828257244492988e-6,-1.601631275174875e-8,-5.9115032225776076e-5,-4.3432427673906204e-5,-5.785531227583962e-6,5.702407040431012e-5,-4.5985791174985025e-5,1.606704145951099e-6,0.00035046134128435824,1.689509107505316e-6,-0.004062470958388076,-6.825841942781352e-7,-3.7271337696154205e-6,5.703178062839778e-9,-5.6688784760616784e-5,-2.3034582573300266e-7,-0.0024398605808073626,-2.938916513761658e-6,0.00035491837644485713,-2.7569455028242373e-5,2.5531513209386958e-5,-2.9004765508489072e-5,9.982291908627872e-7,2.742730474114552e-5,-0.003490730567364153,0.010330425268875842,9.901983115834928e-10,1.1482815726604478e-6,0.00032212347394988683,-1.1905537632417307e-6,-0.06381882618643431,4.031035571311348e-9,8.618069867113998e-9,0.00024804430726810267,-2.5106443782618726e-5,1.3688251190357992e-5,-2.8385782322448705e-6,-0.007989767629169364,9.738771090006537e-6,7.770579758857935e-9,0.06519562128960388,4.4822250783171924e-7,-0.000481488104469463,1.8621747842617609e-6,7.494595808277965e-8,-1.86747300862794e-7,-9.13197490319817e-5,-0.000152066177960819,5.3589644839036055e-5,-0.0003870057911683489,2.720433032489533e-9,-0.0003641959797278105,2.7829279946461893e-8,4.999769155330028e-9,-0.00027694878406236967,3.594576855137435e-9,1.2489591338525532e-8,8.021475419658919e-9,0.00013556258426916656,-9.464932062552833e-6,-8.074216903963816e-7,-1.7155194003859453e-5,-0.006315462393018834,2.322394461407029e-6,-1.910209861843981e-5,2.961062351980459e-6,6.785174970147523e-5,-2.8365053159062903e-7,-2.899577395965025e-7,-1.4728960312515582e-7,-4.301395589267898e-6,7.260953705234829e-7,3.477385966732527e-6,7.940546616680422e-6,-4.339959478460997e-6,-0.0008000660810125737,-0.003252104098237396,-0.0001548684139649481,8.053740182756286e-6,0.048547728150879266,4.714306106839809e-9,-1.0400753176677963e-7,1.2325971269046623e-9,3.096661848264737e-7,1.5353864340483803e-6,9.366928898843496e-8,5.075125832066339e-9,-1.7244261720783527e-6,-4.807132927137081e-8,-0.00020373310948684775,-0.00016245301772244147,-1.1863660968197687e-7,0.0004240878230348244,2.895455498119759e-5,-0.00017973574079377386,1.4225315540317487e-9,0.007293229879905994,-9.306993158486598e-6,-0.00010600609415689632,-8.135108133799918e-7,-0.00044421519702098067,-0.004842674315113982,3.913801444445451e-9,-6.546370697435577e-5,-2.160156158481641e-5,-0.00012914931450325184,-0.07802911030194082,2.7075100027751375e-5,-0.00023998140454750683,-0.0008528285657689594,-0.0029131468181446962,-0.009490646290942095,-0.0004543432821790816,4.3837094079179906e-5,-0.004571075414787629,0.010885054755362944,5.67986131505549e-6,0.04049074025124355,3.4834324009287362e-9,-0.00046083269762675627,0.012834407367336098,-0.00118075327503675,-8.210392421353907e-7,-0.0007582065701399188,6.790484283431073e-9,-9.481341622574746e-5,3.1139024112558644e-6,-0.0008199486084663477,2.104257665225262e-6,6.848264989756103e-6,3.428078946317997e-8,-3.9714574348259646e-5,-1.0151583098583217e-5,-8.674277358622362e-7,-4.205705344162425e-5,-1.5734344079726403e-7,-0.004646491649054951,0.0004940661994794482,-0.0011360097101942301,1.7766117929238212e-8,-0.01388415506153251,-7.879825895951154e-7,-0.04716699750861153,-4.332027820641571e-5,-4.639019492991281e-6,1.2226240867052596e-5,1.855124089367166e-5,1.1849681381265187e-7,1.1456906114613863e-7,-0.012011547223210073,-0.0005865661697725955,-0.0004886063320981293,-0.00031905226931883135,8.225432456335224e-8,5.860185608419499e-5,0.00028885784432119976,-0.007360637022429728,5.324930247713189e-7,-1.2092427603249689e-5,2.5246833820595505e-9,-0.010090182737258147,-1.5515251161057897e-6,1.0899779240070018e-5,-8.945615184707822e-5,-1.0820615457873828e-5,3.605742971979353e-7,0.021504829139303183,-1.4362149225455312e-5,-0.0015869114492943481,-7.922448509134483e-5,8.548897820551127e-8,-0.0009782399353639448,-0.030586974033212755,-0.004965453357726801,-0.0010019908367553398,3.2785894157894013e-7,0.0017712895224804015,-1.2525126727114255e-5,-4.1615217551138617e-7,0.02408817486366388,0.00036995279344864684,5.391473551163983e-6,6.124316694633425e-5,-1.3853084648296488e-5,-0.013039803328865673,7.63049997146159e-9,-8.953492977026301e-7,-0.00023595479511584472,-9.159335070396679e-7,-4.904617128209665e-6,-1.1767490150305093e-5,-2.4586688880390284e-5,0.00012365855971552264,0.0027270145967577264,-2.561854732241464e-7,5.35578612673171e-6,-0.009583290676573597,2.1263532177422453e-9,1.0714335778594375e-5,-0.00010223263316788689,2.378734940411409e-7,1.8168615775054908e-8,-0.00014952894282771467,6.185825147508178e-8,0.0033216175094992195,3.202471039187582e-7,4.221840209109318e-6,-8.386645717652075e-8,2.4271393428421106e-6,6.1871906391688936e-9,6.1623389824294605e-6,-0.0009222823458685525,1.4557077818722064e-6,-0.0030706290035595885,-0.002173627094634867,-0.0002902216676119451,7.30048254089094e-8,3.6686291138843252e-6,-0.0009887726773740724,-6.717704853542728e-5,2.930301629599716e-10,-2.455241116194884e-5,7.118303301467677e-6,-0.00038932954333859016,-7.058045788355116e-5,-1.3046257297588681e-5,-0.00014384686267021607,1.702069364378951e-8,-0.00015564875157236813,-7.428321843749863e-7,-4.2657948533531e-6,3.713014944334639e-9,-7.987697583189401e-5,1.0824291310496115e-7,2.0816746654564455e-8,0.0002540883564350338,5.404318427423838e-6,5.003053054741108e-9,-0.0005542847228525716,6.775674701309242e-7,1.71816829437621e-7,-7.266814668227539e-6,-0.0037176006240997594,-0.0004958522924880526,0.00026052812336274656,0.001281609483385182,-0.0006103674467468068,0.003576287685518764,-1.7464934624813327e-8,-9.905414214195218e-6,2.1715325532190022e-7,1.6475172861705155e-10,-1.5242449011992898e-7,-2.3681712904479596e-8,0.04927929469613446,-0.0005300822404308292,1.1596464672553042e-7,-0.0023011433931969805,1.816660988529506e-6,0.00038280060897477597,-2.4289238645391897e-6,-4.395552170421979e-5,-8.713503666518685e-8,-1.1799649474175666e-7,1.8998414194038005e-10,3.1302450471670795e-6,-6.247307999984741e-5,0.027407040013713413,-2.0157971420076137e-5,2.6844086467581185e-7,-0.00021193604004565714,2.6458139415486137e-8,2.4320901441665654e-6,1.4146669575776372e-6,-4.8061010603575594e-8,-1.2098670190141547e-5,-1.8269089486766532e-6,-1.4568381774895944e-7,0.08974047437368426,2.6896924837198355e-7,-0.00026010370530826776,-2.2391111478836656e-7,2.684033077434214e-8,2.3642199043806544e-7,-2.22748115197291e-6,-3.080529175497615e-7,-8.717953581564505e-8,0.00029519244435505243,3.642190466557338e-6,4.2453379880957876e-8,8.718453195388776e-6,2.2006922431290835e-8,9.61345363904853e-9,7.161371608965794e-5,2.186733460279866e-8,0.01201136366265132,-4.2338418058562866e-5,-4.530734864616193e-6,-0.0008579428181292315,-0.0002108667815861054,0.028013350149194594,-5.376636100784538e-7,1.4943425747926398e-6,5.666821998576068e-9,-0.005301653785863891,-0.0001630585454819311,5.7170062464466376e-9,0.0060334178292578144,1.881810387516225e-5,-4.421183644964799e-5,2.7158607930274914e-8,-0.007750456349299384,-0.00021502427648556477,-1.4003007365107067e-6,-8.079032622276827e-5,6.195430352073927e-8,8.555433587487463e-9,5.4515249463954474e-8,-0.0010773568803870148,2.422068293541149e-9,-0.0010658090012611865,1.5065679510872787e-7,3.1672736264809487e-6,7.82413781658109e-6,6.464322110844023e-5,9.147300533274283e-5,4.664165625625771e-6,3.814044391009519e-6,-1.4932261512057288e-5,-9.116611136050778e-5,-0.022234103299524577,4.912468256890179e-5,-8.971560258169697e-7,0.002881967784844619,-2.010777235383898e-6,0.0029532327321248886,-3.156396835082842e-7,-0.0007930518963803479,3.318673284402607e-5,7.716007749403175e-9,5.506390796106153e-8,9.422120856444893e-8,-0.0022969974888837896,-0.0001438165671512337,1.7383442460668086e-8,3.228408366595659e-5,0.05413017567479983,-0.0012370739003984,-0.00036141098092912216,-1.2496633673975133e-6,6.121649124592177e-8,2.746348851632996e-8,-0.005733311131507435,-0.004525117676564605,-2.941282980728488e-6,-0.0638380597847572,0.004313794538120419,-8.407594822346098e-6,1.8909339444955764e-8,-0.04022150323362439,9.975760697643506e-10,2.893767656608759e-6,-4.419721645554375e-6,-0.0002412039252988052,4.400368718182612e-6,-4.977275250439561e-5,-3.511359178975937e-7,-0.00904385514149908,-0.00037365439163750125,-0.0008458274024292223,6.524804455343425e-7,-0.0010202727923314114,4.4583199189318634e-5,0.012613524462722125,1.589775812860239e-5,0.11337642936996417,5.267765036398586e-7,-6.699054294623252e-7,6.591274692713256e-9,-0.00023387879871705763,7.021941927831676e-5,1.1712171810868144e-7,-2.979338160180589e-6,-0.0004485602063937222,9.21778712914545e-5,4.062359264082882e-9,3.6281010064309616e-8,-0.000512432964569598,1.6122998499224633e-8,0.0007803259427419107,1.5740392044216733e-6,4.962256273423338e-9,4.708557430944688e-10,2.5558941497538096e-10,0.016146402118010883,-0.004136119680026695,6.062154784408635e-8,5.419039717825813e-8,-2.191292931552624e-6,-1.9472638670275932e-7,-1.4600757010985177e-5,3.8465209446433835e-9,2.9458518178149262e-6,0.0016085105661431953,0.003060382023704733,-0.0021110080904236384,5.4609882180981645e-8,2.7681364712928147e-7,8.491326799742183e-5,-0.003720923669675358,1.1094960049003524e-8,-0.0004592029367813666,4.573745845666381e-8,-0.0011976903172126185,-3.3904767980375006e-6,1.842715376555032e-9,-7.387847109768808e-8,-3.908381986050813e-6,0.00036083246143903125,-0.00016381560213574176,2.498951728879817e-8,0.0020658035957694665,-0.014685240592370974,3.763131437429894e-9,-0.002704079448221819,-4.705942616478609e-6,-0.0002513256869747238,-2.685284412962119e-5,-0.006044562112197838,1.617399996156621e-7,-0.0006722320048311303,-9.830090936906177e-8,0.0022957954188314034,-1.3043694131135292e-6,-0.0003305694793027669,-2.2604043323215528e-7,2.4193010772890003e-9,0.009859019670329872,-1.0097000886499785e-5,-5.30739985606099e-8,2.4947991266621727e-5,-0.008989908305466088,1.0887671768600171e-5,-3.2014130110780137e-7,7.681268966297505e-5,-4.6905421861254126e-5,5.645015493938033e-7,-8.656003721019268e-7,-3.1345128270743317e-5,1.2739664620800562e-7,-1.3252166881194682e-5,-2.528846030136478e-5,4.3403112121725984e-8,-2.1784007362551927e-7,1.5816341956964575e-7,2.0763401616542138e-9,1.506464046064672e-9,-0.014685611072707161,3.844061358337925e-6,2.1523214583929473e-6,4.534891765910296e-7,-0.00017461293053067095,-1.1824260436055223e-6,-8.363365709840309e-5,-2.3329307576036573e-7,-0.002334409410650551,1.5952898527182846e-7,-5.988303953610719e-7,-2.379204124214329e-6,8.432908807254336e-6,-0.02691731560298649,-0.012330283146638976,9.194691110922526e-9,-0.0009825903507589828,8.552818658080774e-6,-0.00015131532498458,2.9710594972698345e-5,-3.719030282844926e-6,0.0008197252101354024,0.026922334869595943,0.0523834249288484,0.00010172252982076913,2.4432945790707483e-8,-0.0018912972068392264,-0.008442350278755839,8.298797500860822e-7,9.567193754236869e-9,6.843238007370189e-7,-9.794127174700407e-5,0.05590783949173783,-1.4745026278628615e-5,0.002918957362908259,5.329998816194781e-7,0.0022961562663113,1.4195032884377345e-8,6.244851862735601e-6,-3.352748021878682e-6,1.579053511002737e-7,-1.4298575591320528e-5,-9.531504864490614e-6,1.3622753498605117e-8,0.00461330054258724,1.937677205077204e-7,0.00010220823951101465,5.098520489354996e-6,-4.819748973400317e-7,1.668905841994972e-7,-7.555409632653554e-8,-6.583704007212532e-5,-7.50578208918995e-7,1.3603786002970689e-9,0.0013904332317906665,2.461822307564532e-6,-0.02072762311581755,-0.01351186311148922,6.599277947438864e-7,3.82518496456867e-8,-0.0001276663852394222,-0.0001604442310849663,6.978779013011582e-7,-0.00043927557155143404,0.004189613135849868,2.7817400868879183e-8,-0.010047952567219909,1.6350164395995126e-8,1.079101246137526e-6,-0.012222381510781588,2.157438008299796e-9,3.3337912127076597e-9,-2.0878383501232722e-8,4.880406739155019e-8,-0.01877265183588861,7.151196896870715e-6,-0.008262157749413745,-1.9852312739487843e-5,-0.0036294298231496214,-0.0005008481937238685,-0.0020599124317470796,0.04678688744388637,2.527807501984114e-5,0.001466991319830413,-4.838951101378275e-7,6.982765364593746e-6,0.0008563659725950856,-1.7463432528952438e-6,1.578070558505562e-6,2.081477315130087e-5,0.015728217224022956,1.1047096110106125e-6,-0.0002131027603056168,-1.5746696557794593e-7,-0.16490313822032476,8.360056871214994e-6,2.44275738005284e-8,-1.3171768513120519e-6,-1.204860951986575e-5,2.131314830351727e-7,3.321885251850176e-5,1.9773747341744752e-5,7.182629628843529e-7,3.213293077664048e-5,-0.00012489406487148358,0.0007358909901427069,-0.012215602610467613,-0.00011034126981712689,1.9772859818911748e-7,1.356271174497237e-9,-3.215299640307867e-5,4.115760529263546e-9,2.3123521710605166e-7,-0.0037558102412731387,0.00016350939773701612,3.6616098444408607e-6,0.009767779886033168,2.97678388640199e-7,-0.00041268241551506435,-1.9097430651038305e-5,-1.1751261250747547e-6,-0.00030222218319408967,-0.0003011134766666146,3.668990368677072e-5,-4.975325311207257e-5,-5.510418731091704e-6,0.012670308235101402,0.00020559244802598187,5.359446454342165e-9,-0.003091462951488211,-2.48410576442204e-6,0.012932559020555345,-4.739842811990469e-8,-0.0005618256244588338,-0.00015826256289841467,4.1169662828854925e-7,3.627415626136776e-7,7.2771917407621345e-6,8.041035000870556e-8,-0.00019943355997043,-4.080795976524332e-6,-0.0045883468008725,3.810764028552155e-10,-0.012396381447615568,0.0033741769193511573,-1.6170613825750024e-7,2.376330317321873e-5,4.78974835171897e-6,-0.0008103806103463285,-9.298713747796228e-5,-9.825350695963353e-7,-4.50030965236381e-8,3.6464584154374986e-10,-3.3438325930390533e-6,-1.6675224742357386e-5,-0.00041953624230472997,-1.964784736563363e-5,-9.812116672947013e-6,-0.0001796661618982398,1.1070747723228563e-9,-1.38798573523502e-5,-0.0007578992471621859,1.307661719237435e-7,1.4814822136416383e-8,-0.007469795270253599,6.748693362479408e-8,9.431615797389492e-9,-1.4748958723775907e-7,-0.0004783471105724857,-1.7372860118686217e-5,3.5220170416065677e-7,0.00023181636336744305,1.5205516689320575e-5,1.8000879733470754e-6,1.959524431160986e-6,0.004795529096554674,-0.00029636440422109445,0.02148220565140946,8.264603310308843e-8,0.002384529708251648,-0.005955062911652931,8.892462840748294e-6,0.002677891193116011,-7.116332641032841e-5,-3.8484062935495444e-5,-3.750795242751792e-5,2.980727298762531e-6,0.00040871385236584956,-0.0006028461898353044,-7.88335145500696e-5,1.8754767017625795e-5,-8.4609504533888e-8,-0.00019867348251523254,-0.0001970973382583452,-0.0012785708079832148,-0.0914849338842032,4.286495729366457e-6,1.6466352932287265e-6,0.0001271321964964045,-8.318356931047433e-8,-8.176657008807098e-6,0.001068451283586569,-3.321194092104074e-7,4.137692795891379e-7,-1.1294797589211925e-5,6.332418518883998e-6,-5.684957116613987e-6,-1.2554150494725747e-6,-6.978137447842536e-7,5.162059229180116e-6,1.5074145238713754e-6,-1.0350102918818549e-8,-8.628415457678784e-5,-0.0007380864758488315,5.831843419912275e-5,-0.00287140850122114,0.0002071603582969317,-1.5838546273821974e-7,-8.837737037192817e-7,1.9538503318733413e-8,0.00010435104880324175,1.3294925005520597e-8,-6.301754499782319e-6,-1.5766074452916445e-8,0.1006472580670561,-8.561707025636633e-9,-4.431528773801707e-8,-0.004272320984824773,0.002290382281444181,-0.00010110648353856,0.001952694457202142,-0.0036918626590249914,-2.3281757136062176e-7,-1.4486817302705735e-7,0.0002350200428509197,2.7418807317936e-5,-2.3342853681107556e-6,0.0017007688595640502,-0.0017825775074697958,1.2646803568272524e-7,-1.688035539826327e-5,-0.00021369678997729125,2.1197738120370957e-7,3.2333279412167723e-9,0.0003965941601862255,0.0014324127807867626,-2.8120743216675237e-5,0.00015648987701055717,4.224970523436511e-6,-0.019030024865060113,-8.671340033572505e-6,-0.00011147582227977182,7.85767372696311e-8,-5.54960107130853e-5,3.06084681864216e-7,7.711197470783304e-5,-0.00037503356411150435,2.7574435840505007e-6,-1.3531952257617164e-6,-0.0008870912667191533,3.771907744476444e-8,-0.00012203653212239374,-0.0023816323749086266,0.006772184320652741,2.9466179537335213e-7,-0.00024428874977999726,-3.697889418285971e-7,-3.609605194465626e-7,-3.3804598336129033e-6,0.010880706686975827,-1.1022044223985006e-6,6.137815176998629e-6,0.00020134186232567686,1.5726526371093175e-8,2.3840710599021264e-5,0.0003489433585173174,8.548791167843628e-8,1.1885376640990639e-8,-9.61430382084849e-7,7.218786047570591e-8,9.992545085424354e-5,0.002580392706136081,-2.142627609946768e-6,0.008796948926146797,-8.423278787006439e-5,-0.0013924250986292463,-1.1161967293504826e-7,1.3034424098501418e-5,-8.68838770751168e-6,-2.5052685931115093e-5,2.0516744212883964e-5,-2.5349072295011155e-5,-1.912029523772063e-7,-0.000523876460192696,-7.445109372339331e-6,-0.0023709630872303933,5.688211593760095e-7,0.0006514282402889648,-3.3634573431626236e-7,-7.952116856202451e-5,0.00015470904275360908,-0.00021688678766906833,1.4569517896387968e-8,-1.7944360698046724e-7,-7.301144356111622e-8,-0.0002264025632001676,0.0003327497987584138,-0.004014261254269513,1.3319213164386667e-5,0.011554203852938372,-0.0007760924250987955,-0.008864982022259937,0.13046254718210548,1.9580732543190982e-8,-6.497188989129654e-5,-0.0004563740697847152,2.5620269980208832e-5,-0.0029700810598001226,6.456252232922566e-5,-1.4340085385811108e-6,-7.717929517880862e-5,-6.558098883502339e-6,-4.384479628782856e-5,9.577068469379668e-7,0.0013701323359214257,-0.000355404446565899,3.7498785459000317e-6,1.1080667547958e-6,-5.748111533976363e-8,0.017462416320995544,-0.002748509519278741,3.7007858669918514e-10,-3.938133063741134e-5,8.8168614599482e-5,0.04097052419092506,-3.2974335568702884e-6,6.456771898047386e-8,-0.00011910113409641099,-0.00032682943037798395,0.016670220482410514,-0.00032229661383453845,0.003829271184258687,-2.9990585613190457e-7,1.0323251321553428e-6,7.171286191265391e-7,-0.025377537518124882,0.03192800553370034,-8.96753403409889e-5,-1.4642236097206496e-7,3.2527500305875798e-9,-0.00067662215074904,-3.5486755652937296e-8,1.2552506689189613e-5,6.7646486129682715e-9,6.195257980668584e-8,2.695244154422849e-8,-0.00024807506338220264,-2.3121106740991992e-8,-2.3631590140293923e-6,-0.0002921944550209332,1.5380734381231775e-5,-8.856264776113676e-5,6.8187407380616155e-9,1.379201368933991e-5,-0.004182542892976926,1.571834176014521e-9,-0.0031565771591886005,6.195416631799011e-8,2.4827484495365537e-9,8.488781204352147e-8,-0.0004008943060398451,-0.008847141924434254,-2.533939437299182e-5,-3.388233449763689e-5,0.022885559116730292,1.7389180799508644e-8,9.568792461278619e-6,-0.00132747942686251,0.0008464658196771779,7.838245632996177e-6,0.00010975054336626044,6.978580054273209e-6,-0.0007275573473748409,-0.00019091562576534216,0.06863567745676846,-4.146280853378759e-8,4.107069297154542e-7,-5.348411097116923e-6,1.867933031775987e-9,-0.00023959678219398484,2.351951127366192e-5,-0.007838687772164121,9.608753353518296e-5,6.064276609762942e-7,4.845835087889314e-6,1.1809748657221064e-5,-6.405075477111666e-6,7.005480294822175e-8,1.67953563166498e-8,8.825321261545643e-9,4.052285044964243e-6,-0.0005739808499356513,6.302377416299298e-8,-0.00010626319227924341,-8.230295251224207e-8,-3.77266794626685e-6,-0.0008117764077724132,5.359352435396758e-6,1.3967497268507767e-7,-7.5947380995256e-7,-0.022018195915734395,4.044678658221557e-6,4.099780289834598e-5,7.061049677598019e-8,1.6708847011396612e-8,1.4039130570964176e-5,3.1334575098474968e-9,-0.00013774382243525451,-1.190484648105894e-5,9.264110964642136e-8,-3.3901836491434523e-6,0.0031466169166378677,0.0002478985900324915,-0.000749863294061015,1.689771894392185e-8,6.189593619327499e-8,-0.00906022684648633,-9.949709492218517e-5,3.9639559998132234e-9,1.064405094879789e-9,-2.1461963314595156e-6,0.0018794747884385288,3.874497044309422e-7,-4.4674322433042965e-7,7.668661261284182e-7,-4.807767864933865e-7,1.1372742580355658e-8,4.255755253979032e-5,-0.0005508752045955134,-0.022755347559723305,1.865431785574856e-5,4.4356383277488476e-7,0.000783216354079741,-0.0018448102036927594,0.00010761646080936771,-4.457955537873204e-5,0.0065017907618312165,6.721260517659859e-9,7.354379315011473e-10,2.1781240310048133e-5,-7.914830746358348e-5,0.00015400487353645076,-3.8794554074739196e-7,-0.002612821092824902,0.004865295282797888,5.906164604052577e-7,9.264705012890229e-8,0.003174159162313117,-0.0013876660352707404,3.047043023972351e-8,-1.3675640270216505e-7,-0.012711204923107289,-0.0010812806240210193,-4.228708496922806e-6,-0.0002899706307459837,8.529337291118821e-6,-3.2381415521198775e-7,0.0037395769031718373,-0.00022031856809689998,-0.00010301706262372257,7.919120452015704e-5,-1.6400768823032763e-5,5.501231883551193e-9,3.301589432402885e-7,1.2347979477245197e-6,-0.005828250437389215,4.639883440134274e-9,-4.914823215074193e-7,0.0014901119211572222,-0.0002666687206271945,-0.004262787463574114,-0.0001409858246006479,6.154145407388789e-6,-6.1178123438310195e-6,-0.0008797681227861176,6.961344968914318e-5,-3.344405964522679e-5,2.2115465933225664e-5,-0.0006178718731462141,-0.001464661037971382,-9.311400116374102e-5,7.227945008736469e-6,3.188790582342449e-5,7.94527079614471e-7,3.2236322077428686e-9,0.00010542162159410395,-4.77628128003893e-6,2.094592469630875e-9,9.439906905478208e-10,2.089058918804121e-7,-6.641228305070968e-5,-1.3595190369919408e-5,-0.0004847725741683462,-1.811628516368291e-7,1.6006563454240563e-5,-0.005261890690690052,0.00014207704150237532,-9.192924458112373e-6,-4.268824988162834e-6,-4.6062977696304484e-6,-5.688051451357978e-5,1.2997406370303995e-9,-2.167660041324515e-7,0.005317238915267808,3.204892939576154e-9,0.012909647804917768,1.4178120195246224e-8,1.7728154345572622e-7,5.7335145271508736e-5,-3.413844876524932e-8,0.009125109871092718,-2.0053609627868063e-6,0.0006768434002992763,9.836406016094923e-9,1.6874557573487436e-7,-5.65708173583257e-7,7.221013992645114e-9,-6.9065493773917686e-6,-5.3885746389426004e-5,-0.004162385835797977,1.6556294334613142e-5,2.3221837899822795e-7,-0.06597338200663216,-0.0005023060479061314,8.43308589192765e-9,-6.3178026120935815e-6,-8.443754059506148e-6,-6.850186009899062e-5,4.3196729471173256e-7,6.080128494900805e-6,6.512351034826391e-8,0.000201079986197783,7.65834654633396e-9,2.478623462726093e-9,1.7190166061276102e-5,1.329532179350501e-7,1.2324229188608385e-8,-3.3230754559188114e-7,-4.610462777249191e-6,7.789434247954235e-9,1.006512569193263e-7,-4.669556852021639e-7,0.0005470571959449444,0.00018066344694034342,1.94608804426899e-6,1.5512840439435571e-6,6.000777804347768e-8,1.218565022585022e-8,-0.00011139711916996475,-9.276235137578581e-5,-0.03846044393139891,4.804803035107774e-6,0.0024368079921259778,-0.002007040191529086,-0.005317320094036404,-1.6773937752123658e-6,2.663553574089317e-7,-4.1046147334355965e-6,0.006215533590875566,-0.0020786642126040533,5.8603786143862635e-5,-0.00011198840957149514,-7.348219770619835e-5,-0.0010055915913653735,0.00024311443135616173,-0.0036698497983707057,-0.008148855327817728,-5.408927486527659e-5
-0.017754760564457683,-0.03748093136891839,-0.00824567497420503,0.007331383459586505,-0.007840940270398278,0.037757996664367965,0.006782358585041948,-0.017897653438922134,-0.03890876434252277,0.0009649248450642745,0.0015863431003708683,0.025030668155523017,0.08827498631615072,0.017743815544235986,-0.011432737504037505,-0.0028144115713075735,0.054659211861235235,0.028748075545962593,0.009376447235808882,0.044972787392907776,-0.014224220778487506,-0.0008523996684743906,-0.022898584078575368,0.03317855150453397,0.008089253992693557,-0.0281247087355041,-0.08200244087674946,-0.0007692587896599434,-0.002654456783147907,0.012165740085038124,0.0028451510056584084,0.02053010333054317,0.042467156090424396,-0.008666144131893816,0.003584032847356866,0.012101332839392853,-0.01058501695126779,-0.182251329363595,-0.46640915985426545,-0.007442677706251288,0.005073933607491199,0.12511307049862808,-4.982421802424142e-5,-0.014184920145908109,-0.03163878998293512,0.006181901077070506,0.02843022956767527,-0.07543239182450634,-0.022506817815155955,0.0016183440234271984,0.016219429005104757,0.01455235860726134,-0.0027155053288652198,-0.004611573836200478,-0.0031160307903519424,-0.0010327582276659086,-0.0017498784756071473,-0.0006570054447365692,-0.002290600273624932,0.0033929829079397678,-0.04266628357981972,-0.0014699584053232684,0.007103679318333889,-0.016094835870603674,-0.02076433789807197,-0.017077750558200933,-0.011870406776779419,-0.021484160938598507,0.05786960771638405,-0.005978629794299195,-0.07558795309705602,0.017023472440826026,-0.004917767302686116,0.04586588503116218,-0.04440134993501488,0.007052164359265589,0.0008988079985101649,0.011563635208403866,-0.007834082735826087,-0.09201986527682493,0.012944002527319753,0.04552666124800453,-0.0021990054906382284,-0.015254067772389135,-0.10089495512454505,0.001560185334255948,0.006028248257734958,-0.037058863396623565,-0.027848298811477434,0.02941613778784813,0.003327716304738715,0.013484550732755451,0.013116835673827154,0.0020575607331920764,0.004983698461728636,0.011016496049293778,0.010419875966363179,0.03154664442035937,0.004013006067992819,-5.866427272849251e-7,-0.007757264805150044,-0.004188476554190856,-0.009068198494787794,0.03204921293990992,0.002234039258382836,-3.2569528428894046e-5,0.006880560460558627,0.012494904452978517,0.007581669790397427,0.010968899477802552,0.047533553549328644,0.013239693234709193,0.016178007987036835,-0.027109433928671933,-0.012290684369872906,-0.010277039407810662,-0.006339084809042106,-0.07997574171304223,-0.02192352652309637,0.011990407168923412,-0.013262331802536664,-0.002538331224968715,-0.00586785497762321,-0.01178124079524423,0.004886397466179915,-0.012722885837320064,0.022158166588269523,0.00011292309773125453,0.009546671713906107,0.09224085961250239,0.0006084362257752218,-0.010544422621023841,-0.004315855025197379,-0.015356370604422409,0.003931924600919956,-0.044095891126971765,-0.0915820429725045,-0.019036284105823142,-0.049591524209972704,-5.313076417223783e-5,0.0048950299169518985,0.007490024470939716,-0.01511943175955821,-0.039478922548369155,0.006335673231660621,-0.04359959314115258,-0.3581953112802694,0.07810535350472492,0.01714891103983973,-0.022326505330056534,-0.0036170792454868206,-0.03085194905361277,0.00677200790300958,0.003309684721443773,0.018497242295552496,0.0541987985088781,-0.00012835361030738568,0.00986670485031027,-0.0412042142138489,-0.023468346106255922,-0.014204145577423333,-0.014210610718293992,-0.007333960346386448,-0.09584633174017654,-0.019838807749692933,-0.01719388714911929,0.006924471168531454,-0.011788532243031113,-0.24771046031128208,-0.04098864009029057,-0.02689290254829757,-0.03325965228032146,0.003863673210162233,-0.00699526894823066,0.00931206493260106,0.028071539227312314,0.025103074114667834,0.0033631445166975027,-0.0007126044783944963,-0.022482640413727495,-0.02107246999457857,0.031438364597306645,0.006628351805375132,0.054053361289334134,0.023921245977817307,0.004912929097031338,0.017536594055854948,0.027409727359781755,0.05458823087246856,-0.01203612232757223,0.0007815710555405531,-0.04445465590197273,-0.013935239896454732,-0.000560961154405959,-0.07001397068916049,0.023069066585321707,0.02659209843386634,0.004692234520007332,-0.005892921246413607,0.0026539761456660926,-0.0039369185240047955,-0.026264214684488252,-0.014000463118463813,0.004358940669590083,-0.006763519233572879,-0.01353313304753101,0.002333273117983481,-0.01776192303896096,-0.0017539680920890532,0.025874276164813637,-0.05483330084462068,-0.033110824223058444,-0.03454029527574676,-0.021686673309886828,-0.004687798559189105,0.014637760102687025,-0.002878129680539132,-0.015547822606094996,-0.049201221515431826,0.027938061891291,-0.012051092141064146,0.001477206233630568,0.028892752462525095,0.008176181732778787,-0.024922699645685498,0.05047131993887888,0.05656683304005128,-0.001625637015877146,0.007926645457700943,-0.005334924650014727,-0.0397189754125975,-0.0016493229518346197,-0.0344640927319233,0.006543041554323281,0.006414278245756577,-0.01673774191249322,0.03247261532305856,-0.0653257878311706,-0.009045080729720212,0.004770765200191818,0.049446557113697054,-0.033779276619952725,0.0226816773642895,0.006797095636329686,0.012900327792522148,-1.1872837603732478e-5,0.006152613549488706,0.03406123473678235,-0.19597067340328067,0.00177974677990278,0.02611813786370476,0.010855806822860359,0.01326351436364348,-0.09243989870810765,0.004430053417763702,-0.004411299133607827,0.0269927979716158,-0.016984192868903847,-0.011708007149081823,0.04476113379132585,-4.533642004389549e-5,0.003230277925467817,-0.03354623965151404,-0.24725659486239238,0.0028021195325891313,-0.001226359918291564,-0.04949491424304142,-0.032828946637096124,0.008502743103690591,-0.011267790556303225,0.014507448604490492,-0.012291493824932331,-0.019026604810278513,-0.04149217616486567,-0.024596927516540745,0.0014314718265495685,-0.009923697709837143,-0.016275072262430967,0.011432783293912507,0.02295112879437511,0.02087329105597746,0.2443935051560402,-0.03255601104865491,-0.08205308788274124,0.0012831141616516106,-0.029334678807572345,-0.023026002450023952,0.035936469488660805,0.011267883321124827,-0.014839897224646847,-0.026112742456462,-0.09585527863600873,-0.010692315773795258,0.01799339675108058,0.0021443323007588333,-0.006736466768415994,0.011016326192248016,0.0003060934795939829,0.055678779892787134,0.005606575279671233,-0.0011861897413609768,-0.012695429144514492,-0.000666865729726851,-0.0006717829805893416,-0.10442925834240668,-0.0003445034080868936,0.006391887202880753,0.035050689406489255,0.005406716040397441,-0.013731492390434141,-0.06794224614668565,0.0328348946868573,-0.08599850718019297,0.01596722450631205,-0.03805722956712998,0.0034650119264370005,-0.0013683183927923892,-0.11402650493619149,0.004272760161711631,0.029157793936519738,-0.000509812522253128,0.0006460788139293072,0.012487979345678468,-0.02564498172068852,-0.06283881150011439,-0.039533326119453704,0.05740859679502819,-0.005406782013778866,0.0060306194013719505,0.017038117292941024,-0.02343732941790222,-0.02197215924024931,0.017757685392552958,-0.2635664037579488,0.0004932046859948969,-0.02444860434752627,-0.00492183256392309,0.014969689149552323,0.047017347699693346,-0.007284188467338026,0.046742502401457386,0.02832470332214143,-0.004701802666204458,-0.006520456787143303,0.0037748598165308067,0.0012496766594267683,-0.031502281689427036,0.08153225164346622,0.05559864851238672,-0.005979817982733948,-0.03256911107487781,-0.011521090449605254,0.002014522579770528,0.03941485757565033,-0.022243692215852207,-0.0005425971799013496,0.03331507976145076,-0.012433257881639292,-0.02232332819403382,-0.05045821595149391,0.005455898877698928,0.03473163776288857,0.13020927102002133,-0.1811348747082775,0.03322257658237504,0.0016201879033133082,0.010017338832767564,-0.0029209813517354632,-0.0006682765857703998,-0.013134582641669112,-0.0026628121522662695,-0.024383538302117813,0.0031034563999128295,0.025685580219942494,-0.014064402540498122,0.009984482184790977,-0.0034419948332811146,0.0013824022707353834,-0.005250942946759096,0.013104348668207422,-0.0350765210650934,0.001444737847577926,0.007834887666831492,-0.01600121104183927,0.009778525213732792,0.0032723272338444076,0.004785313656611834,0.005274425802781479,-0.019277826599591208,0.03852882966020843,0.008231582068219723,-0.003394209175439755,0.015441702604221064,0.01924922179296118,-0.0408554969872057,0.0146267819482091,-0.05807841056639518,-0.017176896913952078,-0.0022003995040904556,0.0005740772189710697,-0.013463406229220709,-0.010855406671225865,0.011197065718079102,0.06717843343903951,0.005448431837976386,0.04932584886682889,0.0010929482786536937,-0.010032806098934088,0.012545813428687325,-0.04486505292061338,-0.000978667780827891,0.04629797276766112,-0.003528282062688959,0.03109890877021826,0.07484776935166337,0.01720681561891979,-0.007284116918981454,0.004700733253230283,-0.0071057115637813695,0.034962531523888174,-0.0051740671406150796,-0.0167502748699917,5.5623279649807955e-5,0.003227382683689939,0.020567111053424014,0.004462484108444187,-0.020392151781379653,-0.010041372001339255,0.009153770916782378,0.0011259887969572446,-0.00295795737406479,0.004817887393983256,0.006798103364872077,-0.009643763066378597,-0.01755235264863586,0.003908696908069942,0.1240914899881318,0.01876137275394285,0.02148011850022158,0.01847042379085906,0.005299194925100892,0.024742989787682745,0.0060728485558740886,-0.12805595464215003,-0.20751484991342295,0.021393707666902628,-0.002048483913313248,0.0029601415953948162,0.014210998597263824,-0.004200321085590986,-0.016080433987497145,-0.008474917719922814,0.0049273041094011205,0.15407452048111736,-0.009932819917366942,-0.007945726744424064,-0.02881159078788187,0.010768147249564208,-0.00867160108873577,0.05539954540836334,0.06416733059631952,-0.12160359644965979,0.026941728970996337,-0.010258974210273664,-0.028853776456912783,-0.0005297166126183583,-0.0001823708475967578,-5.598487950919662e-5,-0.06734510432943352,0.007562399043763435,-0.0019648870893433923,-0.0048337284192712104,0.006923227958395728,-0.007519807950302493,0.013640135125569941,0.007892408784300642,0.0009546630435579573,0.020704305331491923,0.0016857165580361766,0.005986331067106221,-0.009021820143971127,-0.006819758109031682,-0.03200007038503827,0.03342834859085997,-0.01819126463851717,-0.011204354876099387,0.015223783051624196,-0.08215533445491019,-0.008566234820136742,-0.0008134704676194815,0.016124679818631193,0.0051923895325671765,0.015826696746444213,0.0031765157095833274,-0.038248136791935394,0.013893881224703364,-0.13926924789848272,-0.0013751014337231027,-0.0039857537813077215,-0.025574445580559768,-0.007692615870041664,-0.002607975531276452,-0.14334938637512096,-0.007965765974404349,-0.0042635430322661705,-0.012339527958829422,-0.017833281457114936,-0.0025801149968174286,0.06750505862737555,-0.0005942501509252907,-0.13391204894332986,-0.05296398468090047,-0.17501164019631688,-0.021743100897310796,0.00303765122043842,0.001542579717551007,0.005028600347941392,0.001364142655802425,0.04269046671288379,0.023778948240305908,0.02769513675957569,-0.024311391494848067,-0.11232823778300371,-0.004789473579876358,0.01449063605559786,-0.034069056383486895,0.004464492318561497,-0.04843530519065098,-0.12834559165185055,-0.07012563425450935,-3.512848661557655e-5,0.07188583525748982,-0.013681657800589164,-0.005768272509158123,0.006396884019295612,0.010683510689272424,0.0033162609979626723,0.011110880609805918,0.00918801916668599,-0.056181873524110415,-0.016519081087608356,-0.0019414327493194605,0.03823543319595046,0.04555416273433366,-0.0024121070073306328,-0.03403229943342012,0.04164134127768193,0.044730982761393534,-0.006548172578732192,0.006669846765817056,-0.07693445948825683,-0.015325245673352583,-0.010762924328901136,-0.041636392379018616,-0.017596784177840163,-0.009809484281049663,0.10695324893276847,-0.01849968090209586,-0.015237170165619318,0.017700081655220856,0.002897743578614609,-0.004358862239314476,-0.004356949851228364,-0.02912035366443888,-0.023177922289960406,-0.0012611948395715444,0.0034446045860931918,-0.021268913665153377,-0.0028754867216775892,0.0042384939897601726,-0.011655568333026167,0.04534150264589698,-0.00037672251119147404,-0.009165825621039403,0.021464367081591718,-0.005163774615539296,0.003607547049796267,-0.16987154552680295,-0.03597068268982184,0.01418353321378163,0.0005601160132755467,-0.021283826333046818,0.0018446188817051734,-0.018249862436391595,-0.013574008218711242,-0.00828309243570402,0.015311495636751715,-0.03213467743717047,-0.016229682653829514,0.0030007399398073176,0.07508929612959037,0.018853269437840936,-0.030755918676732108,-0.03431356966621024,0.05781399088641592,-0.03241372244491458,-0.009164686042822723,-0.013422584973341145,0.006775223768727301,-0.0268946258829601,0.05232180822531518,-0.015642188305264426,0.0061562933387904195,-0.025322045581560815,0.011149184931582568,-0.013625747700871216,0.005213311516854446,-0.007803502802744333,0.023325512951487326,-0.026012358217940346,-0.008299153231746459,-0.006821732698881533,0.00867616205732702,0.03456370317871915,0.07776268783436535,-0.0076053073306923125,0.0786142791893667,-0.03189418159581692,0.041521604335798656,0.024597464306680195,-0.04357374308165163,0.012301144595824098,0.01474436822354619,0.012784019048922346,-0.005152661449756124,-0.05277012551778171,0.02238276516800397,0.21722393096797532,-0.003982310183459958,0.015217214616313868,0.021628539565426763,-0.01281019296766317,-0.01856166503876011,0.0072702230743288965,-0.007828810701539624,-0.002582390265615686,0.002852537985518211,0.005610136204040828,0.12107211510738125,0.02201411459350311,-0.11036013705415826,-0.024736622505770356,0.003888341949078722,-0.01184968874349579,-0.015448575874415837,-0.018530530250245647,0.003254272543017578,0.036463567098508065,0.007594382685965684,-0.022922669698346,0.013407515795961444,-0.005798745253741799,-0.030913061104001827,-0.016482512693983153,-0.014768755208024231,0.0144295945756312,-0.009046680916981131,-0.0017564829126115455,0.011072167003021605,-0.017941911447451275,0.0021087743723455787,0.017635604623137624,0.0016999913773361186,0.045258179437951185,-0.013075327248770918,0.007795205960974272,-0.030245457731325587,0.003129330936644692,0.10430299942618149,-0.005237166305050778,-0.14523061053967012,-0.042984057911894524,-0.04236937501991633,0.07251566124477904,0.02851531917713146,0.004348632084656856,0.039859990546176505,-0.004924476817450341,-0.0035510717809756898,0.0006441812554385251,-0.013800980110715955,-0.015439826769579668,0.01937709274352528,0.01709523044587513,-0.02012930388445966,0.0084834985048019,0.0018561356973805232,0.001089873014279874,0.0019798786497631227,0.04331951010135526,-0.007959376300277654,0.040348941500269575,-0.004333080999458616,-0.06126105928024117,0.03040574611441116,0.008730137720704079,-0.006645513197327091,0.023258910448021197,-0.009499028293703304,-0.03204745456332603,-0.005820260029167912,0.273769729855303,-0.0010424388588035072,-0.0002698677258194948,0.00044734543462254805,-0.18267479421251664,0.0034953060085172183,-0.007246178358400357,-0.004661575967020326,-0.030023905381312943,0.03480363284506893,-0.15872295687972837,0.00031591650849804864,0.018697865005378844,0.019350672160271642,0.03647432928278249,0.005099422816606136,0.005349145710624725,0.0062387790603679605,-8.184644229913829e-5,-0.01156337606607849,-0.007711479601312021,-0.003462445843979367,0.06850686722644639,-0.013616654130601091,-0.005129159384040349,-0.02979307012174104,-0.012954479658219498,-0.0026881346743721224,-0.0036307777994579737,0.10962199179448362,-0.005026852181799768,0.005333648019131942,0.00035767898521044117,0.006297286860672102,0.0009178445377528988,-0.02167766641855451,-0.014567305016498722,0.0032148137397598475,-0.004039514610667538,-0.0029997295987413963,0.022952318626266788,0.04185079107924139,0.01575999133501682,-0.003410859283121681,0.002857970481443317,-0.0011605936629166536,-0.01478844930534251,0.003940342219152626,-0.04651758109579873,-0.00361178076991564,-0.008132048363677313,-0.003870160881888296,0.00045408491547505037,-0.08021231442853605,0.0034505640473980748,-0.01560368438867954,-0.010250105406157672,-0.00996091057854187,-0.01643452651796906,0.0319391923146668,-0.03716872637960478,0.011983731375494244,0.005375467989324534,0.0010006436286857934,-0.026695429178289487,-0.004769474367094517,0.007387007259239908,0.04636905491861398,0.010893344995565712,0.02204223822172935,-0.05112532504426781,0.0018070145092679013,0.0032559924542283625,-0.017996242528170114,0.004037160236748605,-0.02067602213264763,0.039879921037822896,0.11269694883958437,-0.03237895362769905,0.004504614718825906,-0.08427166461660818,-0.01153389397313731,-0.08888413160457276,-0.03488671234299545,-0.10588650210502237,-0.016871142147920182,-0.01431049698157949,-0.005630551337617362,-0.005497242977980932,-0.014421259428672784,0.0013259741517686052,-0.015200486936748803,-0.003884183577611111,0.004961974796970026,0.001645852392357483,0.15363099308342498,-0.0032319734609131956,-0.001463391131892422,-0.0005695841373380972,-0.00802575065245037,0.01930378616066264,0.021058099674974073,-0.006968256491063585,0.018213033098618325,-0.013222675557699404,-0.13172784039898033,-0.014341945494379615,0.0009140694287452789,-0.012808989605900933,-0.13651761519611227,-0.014359734535901225,0.05959955339130829,0.09355382257213307,0.0196154058794491,0.013849802854338122,-0.007076696125295712,-0.01331742668401148,-0.04815252531761871,-0.029068615991036495,-0.0069017177793284645,-0.06055929463036591,-0.007981151486546878,-0.011361869568304428,-0.004421973270609669,0.017431599711017043,-0.01360059444914441,-0.006574542669113725,0.030747232620342402,-0.0007845706645639439,-0.0011811864451374277,-0.006585671698303486,-0.04607266857601644,-0.022012040228673868,0.001077976092346944,-0.042839066871238174,0.011611600478317996,-0.029105113073910616,0.027294535850160173,0.016306880646880018,-0.0014172489254633547,0.01683925226552674,-0.00043104316500830464,0.06338905932170746,-0.001800031455786666,-0.13832757766067516,0.021781798432925825,-0.026728144468506798,-0.03905129379290884,-0.007982488292327616,0.0015268375209416263,-0.07022694861848322,-0.017027654281264404,0.018028919043899805,0.012066112068623625,-0.0017747018409863813,-0.0006701704514853191,-0.02265281304630662,-0.05108053070944152,-0.014993998269801523,0.020536576017548214,-0.10514815775150055,0.06398602700210176,0.03581847697751073,0.00686341001414803,0.010391884709861188,0.003022110940037237,0.0787207629596196,0.1486542294423998,0.0025701983093995295,-0.07534569000029023,-0.005668602781724985,0.011924556667509023,-0.03263010732280236,0.024156272656910005,0.009498896601144224,-0.01008491356515151,-0.24855020405630057,0.009407123069252066,0.021637665098751313,-0.014685207194929717,-0.03422126319492236,0.017606124014491797,0.01991254973904688,0.04268654675252037,0.05162987011317455,-0.0035891475781681947,-0.003584073909507879,-0.013690996158402413,0.022246623422688572,0.019794647842900304,0.015147410682402551,-0.003852678802104492,-0.0015958091662469087,0.005636523871544341,0.0031191344605758786,0.01623926914180629,-0.021471870194623932,0.019805507496130303,0.007149530838432838,0.008940373071709473,-0.02519584871151892,-0.004380789476272184,0.004327334675053862,-0.013482174285854853,0.005452989186778723,0.019246187792305136,-0.007646835098057636,-0.013553862117987592,-0.005018332909685341,0.018998146089870716,-0.03054486210749019,-0.01760898614929829,-0.07309907798480708,-0.013863883578778768,0.0007849343817269983,-0.0012583499383254093,-0.025417414442472364,-0.00023956827408255776,0.010954813024682153,0.06853041921175418,0.010927047362201847,-0.09546373480941384,-0.006974185981675873,0.0071173709075083025,0.017246760685338813,0.00750927756416786,6.208496415638365e-6,-0.04845374654814805,-0.051430703694677504,0.06846307118939876,0.01684356357782235,0.009305930183927558,-0.04282573567888903,-0.050449578437110176,0.0006371871077135438,0.025004464885569178,-0.04677103264748439,0.018288846220457344,-0.005301793293256196,0.00021509832578203714,0.07730410014937661,-0.03907780487861601,0.04271148687098503,-0.08548894701993959,0.0002923970469055348,-0.004389527686726069,-0.01870432522628107,-0.002433690564430435,-0.005226124344854144,0.0011868645342474338,-0.0006754945052307448,-0.0011325274604132574,0.022627850802109606,0.019565916112014747,0.00413844307695399,-0.0171744280414714,0.030430172020260216,-0.04708389793904644,-0.03849388343985538,0.212274760055152,-0.00892025916800776,0.00258564718933485,0.008155051131325308,-0.002528826438719989,0.03317566563964647,-0.014909468341329557,0.00069328494828369,0.0017065291531253024,-8.262463916253182e-5,-0.00670132907862353,-0.06835684043244328,-0.01631184816710629,0.008135089323332068,0.008416384436713997,0.0013591094902949408,-0.011115410391539626,0.015241630318996613,-0.020979632835860684,0.004644000815460458,-0.006449177249805871,0.022587765533899073,0.007150168881707941,0.022898172677741968,0.03556442774606694,-0.015603233176989306,0.006443396579470573,-0.007601294533742475,0.014780578616637285,0.0790395416033789,0.06932561220492062,-0.003878426236042287,0.04444369346674648,0.0070518907022005806,0.005448886265639885,-0.01242720706613909,0.006174210771860089,0.000557935573397117,0.04194871760410024,0.05397804005042417,0.01927883309599565,0.015284421298019879,-0.018007657225098228,0.0074559724748723966,0.02894727960074306,-0.007121413273125654,-0.0014845182774934074,-0.0033938209367079253,0.04590844488666335,-0.002070372461275838,0.0044221045909580425,0.004875414111666032,-0.004897179848967426,0.011039028961477015,-0.0037767575399811903,0.017081107280318975,-0.015216147110663769,-0.017093529406338348,-0.005581288133726048,-0.013551574325560978,-0.012801258609670185,0.010787070266815135,-0.012111767694023001,0.09620407343936677,0.045816920428478625,-0.04235725666330836,-0.0038653126632652857,0.016097881441055506,-0.013543881726036489,-0.004986737107174122,0.02040085856060614,0.047780504788988765,-0.014678621036182449,-0.09587836397076899,-0.011046719254409254,0.0013207890318085447,0.15166704230614414,-0.026173930331424344,-0.06467961047587778,-0.03317043101742456,0.024507166404873715,0.0017059683814295568,0.041167183890138404,-0.03386250452240347,-0.011091348801983258,0.0023223070434141846,0.00497390767577599,-0.008406750202652802,-0.022433007727158838,0.02144125424365484,-0.01903933248740941,0.013218775447967346,-0.1547126471377851,-0.05468476705472369,-0.021280651136066808,-0.012397417651300202,-0.008506978800483012,0.010620148045745736,0.10420957382302731,-0.015344486510002753,0.5211050349535071,0.25268731579546966,0.012985795872737071,-0.04062887474628951,-0.017719269965709827,0.01027089314220575,0.007716015908954432,-0.021327541302525788,-0.041602470976613404,0.006344417014133796,-0.021312868259428797,-0.009466647752560675,0.03852830457617529,-0.02120726989232935,0.0014141516633117135,-0.10734731960064892,-0.08074068288442504,-0.002135837878086022,0.024676782369169814,0.018308063761878657,-0.003668811176339659,3.4297676847927505e-5,0.0053972657858594175,0.0138367755616855,-0.23870131845927745,-0.012587123383937637,0.00277183656953639,0.027606463894699118,0.0010731423517427174,-0.035695991405646055,-0.0022071932453400223,0.013743245898240275,-0.0375224758040531,-0.012922706631343317,-0.000401257647354214,-0.007570678664706065,-0.013433314458438872,0.018557869900178048,-0.01625481598193801,-0.000973224396147998,0.008574691564717796,0.13760194661881542,0.00465389499822777,0.030908040544545656,-0.0018417934675198921,0.004864194175297598,-0.025362274674080254,-0.2694083682285964,0.006100974071159726,-0.008778468450600485,0.003648951358627528,-0.06799146082448715,0.013741134426709323,-0.0014925967302588106,-0.011209663417957927,-0.016327579102835443,-0.018850781191304122,-0.0034491759977299807,-0.0030431645518547157,-0.03941653011406743,-0.02151911642555171,-0.01960863966087345,-0.015127212227298514,0.033438382571489456,-0.0038236058044276433,-0.026753379863293958,-0.03226762300255359,-0.0023955241122166626,0.017487602437086025,0.004821489406822366,0.03570428392276881,-0.00937017725664191,0.003456065265709185,-0.004429052023851909,0.023624763390216685,0.017189920614328003,-0.16053983484016499,-0.05253730634404974,0.01746338152406679,-0.00818208408099963,0.008642097964184359,-0.011481032219307963,-0.02017308499853243,0.2682180386455002,0.0018550739387137583,-0.001597110573129612,0.011845243682273576,-0.0008238301484198018,-0.00914989842021896,-0.013066776037703676,0.01873241681369109,-0.05328678592832148,-0.005393692493726121,0.00676473248131515,-0.016848093166117906,0.15842720159253076,0.5716482065563468,-0.02369496429037099,-0.0058813123614527285,-0.5831613711307,-0.014939010638045147,0.030010796181159094,-0.04341204769173146,-0.03426165338782994,-0.034318735932174604,-0.013861281599020003,-0.015022852564470668,-0.015721292007583543,-0.030252043723521638,0.010279032023845502,-0.011615728053811836,0.007273341735981376,-0.0018818106427715975,0.02158655699895462,-0.8838349247253063,0.01093877968742163,-0.007158224956583581,-0.13375752705633204,-0.8224425431762938,-0.009780263644643128,0.0412168921866396,-0.011754830615245737,-0.051742088166065514,-0.007799143322245072,-0.026389143227788736,-0.029306048312719213,-0.011077643755925237,0.000525425297610127,0.004594282770995051,0.0027697563673427794,-0.02525492372114968,0.006317270434919919,0.022312895433060476,0.03009512777953205,0.015496269374125404,0.028856242498477513,0.015476308692086604,-0.009617174138838891,-0.019114203630351767,0.038936373520584766,-0.007612211593823304,0.23080181699913283,-0.07833422691828673,-0.04236040467344537,0.027469829488836695,0.07374745419201645,0.03791542401586412,0.058368746676023875,0.02303129135088966,-0.0041699950361362426,-0.004580655277095502,-0.031629469889594475,-0.021645108030497795,-0.003741188549611252,-0.029832381306277966,-0.022749880801711697,0.13608114426324391,-0.04270331848965725,0.010451057592035795,0.008520632177351217,-0.011995187267530127,-0.00642985307968047,-0.010802871548094117,0.003832335842616885,-0.04311279273679247,-0.04649585934339484,0.2466478679471038,0.043341544630493445,-0.01331676387871994,0.001782237187399005,-0.02753680158912175,0.0766294685247999,-0.014197005120422546,-0.07466733993078378,0.004181946913377033,-0.007966721695993328,0.08948817792668251,0.01829341083248437,0.015699963986207877,0.07007274736497493,0.016542621559892723,-0.007337395739341446,0.024263605103442387,-0.016247953270521975,-0.012406232471676049,0.4694249352114639,-0.005196899185420989,0.003969707828218816,-0.016301475844102242,0.0020148427770436683,-0.042281361027562525,0.00982330885835836,0.028230073696022373,-0.001483259839915263,-0.008485825860589102,0.014180260522152821,0.0034520339099799457,-0.004277556763554458,-0.0007482159726350801,0.05187967016354378,0.09770991754521674,0.02273541571594251,0.028042270505011402,-0.008434900850261329,0.4103359917735361,-0.03836938677250146,0.008756810134400439,-0.03130657141764459,-0.011440663075518387,-0.0023930777501846023,0.021071344179517837,-0.0016926041578244622,0.1396590337571979,-0.08943890505884156,-0.024524549147372454,0.011937576772197644,0.002897426701565564,0.025718685776155326,-0.0024698026309124543,-0.07253210985027181,-0.0008348778983418015,-0.0011903809436262236,0.08206045465516354,-0.0013685087542398833,0.022486587969524408,-0.027060307957981422,-0.020331150958099897,-0.062437990844046,0.0010637675195539487,0.0014296652934717713,0.02871830890126148,-0.03550628147831958,0.04828362160014876,-0.01301386065188126,0.014616597273743537,0.02568528220854205,-0.014640922770013276,0.021280874385411153,0.01676030100134085,0.023103894394807867,-0.007961689754665713,-0.04962516206182954,0.5741246709444567,-0.018428333490646764,-0.036908670103002805,-0.012918367292513722,0.021004732348956168,-0.018432467066304525,-0.0012695881187028135,0.010201825319654745,-0.09588424716639565,-0.024085613098577596,0.03077716776624584,0.013869092126924443,-0.016069008926933748,0.009988451716253621,-0.015148359118484223,-0.09546333274192875,-0.00043739445936807897,-0.032868989900634915,0.008628035197034478,-0.022498101282508287,-0.10702350678502626,-0.023459246089259977,0.033689582622173475,0.0205369961067845,-0.004008986647022539,0.0038511158054461703,0.03591517358108831,0.0026230295771938472,-0.010778460080473451,0.005276950789721013,0.3313430771131607,-0.00014551654021488503,0.011871091523062205,-0.06261378469412193,0.010461182692779403,0.0018707002345763613,-0.0040986172625707695,0.011119828935989062,-0.004150701565322379,-0.011023993019534828,-0.036478868358244654,0.01707150942638691,-0.021446548502240148,-0.030741232438685984,-0.0052414299200336245,-0.0004330325618866482,0.022735087120935304,-0.10032100789157994,-0.026919126821667305,-0.012347445376690303,0.006153604922474187,0.028180800816699048,-0.013647358299294865,-0.006127144957645214,0.08562843684831023,-0.003769181633288099,-0.02200500227536395,-0.01264098198771535,0.0051444322016322985,0.005486315966663824,0.0485491987064961,-0.05271629744538586,-0.00013466680138662923,-0.01132597419564263,0.03131864854549349,0.006832365028458298,0.018943045541163883,0.02422016657965287,0.034878948328696424,0.0030127495383567293,0.0022228840146567563,0.0020564624210237525,-0.026671555840948713,0.005873334945135866,-0.033810240758157306,0.022150178603624227,-0.26951443649613793,0.004666060796807869,0.023859559172706213,-0.007383980938357126,0.03196971455327002,-0.044846426871572476,-0.3406692285370809,-0.005215750987190404,-0.0020415071158481624,0.015369941952712907,-0.009062340112905076,0.0011961116609882083,0.016775638267063187,0.0178090190452167,0.03511504003836308,-0.015977805600414285,0.0008498364343267895,-0.09490176319741295,-0.037369567325185926,-0.05253423424073844,-0.002519512563594617,0.018086710577335907,0.011630939832684817,-0.02209516694802005,-0.06944806963474548,0.014799419637711253,-0.0015235026635309623,-0.013283287556987489,0.019294560830530827,0.03022071479335864,0.007921251218249381,-0.0013298904094654063,0.0018901329649452236,0.3260699684306019,0.0028300009955728456,0.0020804284567930154,-0.046951495851317304,0.0018823077371052932,0.6336789206578715,-0.02498416668240111,-0.023678394801208924,-0.004694502940765233,0.0017259392716368893,0.019569716026126116,-0.006932608920578787,0.0019842866436192708,0.044543073050590465,0.0058755515381108125,0.013881399586807674,-0.0016083514983620262,0.02283463067806224,-0.017171429251902737,-0.008355574698271084,0.029744443109848362,0.0016590977866144385,0.009087886906854692,-0.023354995945283008,0.04723262469815381,0.09604428517559427,0.06789319655308645,0.003580716969736386,-0.013431539081011579,0.09632530277212936,0.04491408278772724,-0.011075000651544542,-0.004666089334023127,0.0038949412382862647,-0.003175286404257349,0.030755264388062642,-0.014396837586900801,0.014347350848765927,0.014240904216649142,-0.017049026286258595,0.00498747805977473,-0.10525212770699,-0.003467264054165753,0.02561983880468688,0.004394915803459298,-0.0034745734719763277,-0.0676506217359929,0.07203586117009309,-0.012025424151943298,0.022515223860381184,0.00043012296555389185,0.015596343499055365,-0.00185660428905976,-0.008643050572572974,0.01253999658729299,-0.009788664408915793,0.005299392218148569,-0.47287224016326945,-0.001107994945414248,-0.010612447239736866,0.022769760973460507,-0.01884017519205372,0.5574500251188965,0.008496956939325173,0.036506080929939344,0.005270662727070885,-0.08121264497003722,0.0032198483850152115,-0.006176734805194428,0.0012742257313220762,0.02155886411856045,-0.018817439392023516,0.3393346949633269,0.006099117958001443,-0.04817145162678571,0.0642211255408256,0.0064890278881648555,-0.0020535372495942283,-0.014566211277269758,0.2238069510537457,0.007265539546665423,-0.008001472999239923,0.002639791245201195,-0.002806086093997351,0.014710511662997305,0.016912482502448256,0.016297034329227245,0.027966472840489587,-0.0054676448021382384,-0.011784954032805217,0.014257409043239022,0.009097072469558043,-0.01211487396631128,-0.036582027614031176,0.025002419717566227,0.003311282309368835,0.007531449752832486,0.015421752352267504,0.015433696187187707,0.0027014931797566533,0.0059744380159827415,0.0013646322813656298,0.009684984535851981,-0.05023397889861769,0.0051676002385647735,-0.01449904807270741,0.01760724474388553,-0.024321315307133773,-0.015671510269612554,0.01365072021690139,-0.024943250762134994,0.04486164404079318,-0.05675289177088416,-0.17705572938484693,-0.01732655931118643,0.001628023393550393,-0.02347412000563054,-0.005145799683305086,0.025762456556549296,-0.007601598410474253,0.004087031789822504,0.0009691295290394919,-0.0601943674555514,-0.032884182164707454,-0.007170143924668082,0.006692423368804157,-0.014606295670603231,-0.35081876545245905,0.016914507682940894,-0.005024107854978865,-0.015443698270246387,-0.211722258449754,0.010528999018788454,-0.009254793545551365,-0.0004895241668236849,-0.1802129501647869,-0.027821316009067232,-0.014580229541024892,-0.025407318735233275,0.022624106431976543,0.02132193410398031,-0.007025509151844744,0.010190543058342882,0.0004316388321967679,0.010254774590976012,-0.012869447230514197,0.004122855474179232,-0.022245433330681408,0.0046473006668747985,-0.008026288174733054,-0.013183585893557392,-1.055050399537322,0.016405252215918154,0.02181430829477904,0.018622878772589502,-0.25319043630679516,-0.019716198819651254,-0.021940636534054647,0.009764663630448922,0.01345476681854052,-0.0040653861778991995,0.026494460812955367,-0.024362279779779783,0.022896472370803167,-0.0031128732903198397,0.00637687135986198,0.057428747247968204,0.019187321669505764,-0.03821467563307124,0.011907163014711841,0.018736818207798933,-0.015114462499695946,-0.0015838629924473935,-0.003973701657741913,0.013708962454529683,-0.000425401496613631,-0.021246202791189717,-0.018150356665501022,0.01669419131212635,0.015541142245638184,0.005058755664336445,-0.027142513123180834,0.01122754085008637,0.02580288650096918,0.1494127961123013,-0.052834067813819274,-0.01286840538212175,0.008319408590068633,-0.05527713970536752,0.026498477498535067,0.01782147715471183,0.015299852511816425,0.07410013057597098,-0.056679661331145326,-0.018109880326846906,0.015421082230204775,-0.01571912791041541,0.008994090193482407,0.025906434306762094,-0.01377449795108987,-0.10140469117413886,-0.004107872887857411,-0.025573514472853276,0.06444265119353076,0.031534513815131504,0.012082721937986207,0.0028099082883272786,0.050713054557945725,0.04819156289067905,-0.006757821751762094,0.00038101093014120124,0.30390044038904307,0.013820967536048556,-0.022842683642011252,0.20240576192225035,0.00913784893873526,-0.02605340122373434,-0.00585879507525533,0.012367408999125473,0.002106760279275477,0.010874106286792085,0.05807400553385378,0.030083700390150625,-0.4606416025346789,-0.012829923487061023,0.0221245848538274,-0.009433376707420393,-0.0021379053764576383,0.03841104891489522,0.010120370136974088,-0.022832282352283073,0.02310655162909825,0.026565190623841772,-0.06242774598467804,-0.010039895707450341,0.02746465333530068,-0.020116566116485046,-0.017307895768226444,0.021746451940089173,0.012271899689039856,0.010231160903913405,0.0072262300200236496,-0.900601062640817,-0.0031274016482711886,-0.003050757148628236,-0.021014340171859658,-0.011609111709731224,0.01035857629176462,0.043010533706365095,-0.028303417458403146,0.19015547516028164,-0.015317665266593394,-0.0032443972577311797,0.009190565643621085,0.07152601118309576,0.019923337685440856,-0.011342018053255742,0.02905165485208272,-0.0396367628209191,0.010753405909781577,0.012641264511785266,0.03896555975097726,0.02717250261184745,0.007860022927502541,0.007101354832229845,0.0005476955278140849,0.01286620128416871,-0.24855982409826538,-0.010614112772600492,-0.004918663414173352,0.3623868390241114,-0.012880550006229896,-0.0008383177291761967,-0.026007840039426355,-0.6720772218777711,0.013430641542981903,0.016217996665318424,0.0013207574393163668,-0.0055187440998452075,0.038407703016218875,0.015262434357282473,0.02134828811836087,0.0016896617407837766,-0.00835362187899591,0.012953837829627446,-0.010176550875257817,-0.2385210696111244,7.587276530784948e-5,-0.01181314240784559,-0.01794673116728518,-0.018009405344855622,0.004329410274294787,0.014889857751768432,-0.01165001674053201,-0.019708500619344704,0.008166404591975152,0.011663743503049773,-0.04224986094504857,-0.21349373730117804,-0.010665388811503362,-0.033334844058117596,0.006609888432194566,0.01795843870883118,0.037832704631000524,-0.020324376281791956,-0.0047714700258438825,0.006033188945366419,0.015809950687980745,0.0071961580570132355,0.0031347275798907503,-0.02246292341624212,-0.011705792534485226,0.03557035218545934,-0.18874724615716332,-0.015887234420915775,0.002861257634322101,0.6996484062365198,-0.008202084976161927,0.09887499208525696,0.01598966191522777,0.008250991794739093,-0.03143254332280776,0.04913136078448588,-0.010372397257015109,0.010530355849823536,-0.008120597809920582,0.016660831883200444,-0.0034848260638682405,0.016977558071175736,-0.029143154505391067,-0.16437258121413834,-0.023643264287329657,-0.2516463599004055,-0.02536908921865688,0.013913365719417925,-0.002068330718884681,0.003045922750970931,-0.007023974074854777,0.007570021574792918,0.012237682655950266,0.01889083787864365,0.0013433299818643718,0.05133689381364093,-0.11096838144931098,0.014683305469588959,0.0158886867993715,-0.0015622925470779592,0.001316021170168824,-0.022557024842171813,-0.01745515853872348,0.0015222305155475624,0.02301656576946698,-0.006793197213482927,-0.036342350134873413,0.02423801514260049,0.028019790489452134,-0.012575522335282585,1.1576099870262624,0.017903164939525595,-0.004363878795174969,-0.012620051102203433,-0.025324387569526152,-0.017565557719535718,0.016954899379925337,-0.08038855407539813,0.005604788327445931,-0.0005923398757659015,-0.04926659162629221,-0.006354525191454741,0.08407818542400491,0.06960758302921022,-0.012611838780685503,0.03941994282013184,0.007989304980583256,-0.025001404873592037,-0.009485938074249134,0.00047587650624336675,-0.003631396080891136,-0.06604694125962851,-0.057339777230936306,0.009341586264781654,-0.017813289630794316,-0.03846150309658469,0.018541436840678216,0.07144074541247392,0.12070871627975066,0.01449122466647168,-0.008349870104211732,-0.0024320188717865676,-0.014196564865358141,-0.014444585074670613,0.01263095069953124,0.010367310742367408,-0.000775525375502184,0.0030232449589675525,-0.005385781143559143,0.01612324618315597,-0.4295374336979876,0.07949124218441739,-0.04629828589531826,0.09682709419530511,0.03199959039920941,-0.06629009105927253,0.020551923600578448,-0.040996887054461695,-0.004506208632392372,0.0257621778828252,0.00011513773642946035,-0.023870210534710168,-0.005133099027943899,-0.002979399534069671,-0.00222133386117207,0.015027922244371439,0.37893797088781866,0.015093089708898333,0.05447902662717752,0.008320887356148887,0.004516745571891079,-0.0669364394098011,0.016880497450983967,0.008958680329897106,0.05168642945136526,0.008437914546902903,0.04785932819049776,0.0619233785328106,0.0008893981971596077,0.004573535104000825,-0.018950769449475047,0.10283615531625401,0.015761130834789583,0.02664155473212304,0.05231631364654277,-0.003902624892816675,0.0037223541912680957,0.03309640527004376,-0.006226385512491106,0.01051191409032981,-0.010214338740411222,0.013611363328891457,0.3218999213981988,0.022407228760130238,-0.01400538758230141,-0.03737502763578959,0.007526964671342284,0.022886026013111405,0.04532058289987617,0.01762184477684059,0.1052887412643031,0.8933083690026251,0.009354684520076262,-0.01954133846629702,-0.023491144900617655,-0.009876880447791336,0.004881054324869183,0.01249558211202384,-0.49149673792089743,0.8641311702349412,-0.01239636283753498,-0.01645347530302388,0.005559261350299494,-0.009330824093922274,-0.03652931432770856,-0.02014608586250688,-0.0037690000656311895,0.0037588214818242704,0.0026644333484000526,0.02288778976071626,0.010398423925835232,-0.0014318214784907468,-0.02526258990792485,-0.008215294622459623,0.005411575417383574,-0.014285822749343424,0.021884912841414916,-0.010292031978679006,0.4271395041969299,0.0017919666161105852,-0.016918141270707565,-0.08077507300254183,0.0043589860965767,0.9761282118117833,0.002752128912106855,0.01592182847616641,0.003245791365770856,0.017971229449415205,9.53844100877177e-5,0.017693309753667563,-0.003973870047047967,0.0036685101690636657,-0.017244148717509233,-0.025699459358747845,-0.004347346447104883,0.05547375717992509,0.025543762312736362,0.021030159576184815,-0.2907809385176634,-0.017456978830978187,0.013814522100801696,0.012101805870770477,0.021792972211642336,0.020966371943359263,0.014476546466823947,0.047412209457434074,-0.0066375422102282755,-0.006201253867402556,0.0005397770394210966,-0.9304321171184711,-0.038134367739985464,0.028326067727903137,-0.03885641275201124,0.00635072966269945,-0.023348741219024305,-0.020414750791132974,0.0007905876466338668,-0.04017480860331446,0.0005095518281450495,0.024110930701681355,-0.014028084268375096,-0.04717463644010422,0.007063325799890663,0.008593108456807386,0.013077819850877859,-0.0012070038110323367,0.09777027881955291,0.051229050422080036,-0.3883181786386558,-0.005716700666653196,0.005705524237782811,0.029560514593867993,-0.07462726820085663,0.0026029023374576354,-0.0007517274052588618,-0.056077597876878826,0.032369999941693095,-0.013739362449996406,0.004784744594871881,0.006487620872576372,0.010208807165327016,0.11373051993950867,0.02906442586754565,0.004934751885457445,-0.0012125780922360718,-0.0031274220018531196,0.01226860278256936,0.01359962452261243,0.004379620815143426,-0.019685882411067723,0.01183383133911775,0.02444298069076467,-0.004447368607884528,-0.003485268809754416,0.006754146235834924,0.013479952275247342,0.06242162885791913,0.00441280640916375,-0.004571490025455205,0.02816636926945648,0.0013171218679417507,0.004232534189213766,-0.057634454499748244,-0.008311758746458509,0.0029058769077892066,0.0275737092442796,-0.013856112035227852,-0.013792707605716714,0.03517264158654143,-0.0022908027331141056,0.011371619480087247,-0.005625880335628608,-0.011247718773802262,0.002924845474808535,-0.001577225218170497,-0.0003515240341585013,0.013551775812629785,0.043579998168581824,0.009234402579750167,-0.02123282937463955,-0.015065880882502825,0.032336440788640175,-0.15687312641512108,0.0032064671175078274,0.00111126830847752,0.004401457848814516,0.04791943333475501,0.046923710301598476,0.025334012501843972,-0.07478066370060787,-0.03959336985462869,-0.1723418184781167,-0.21148417886161042,0.009304385614086641,0.05837452564173873,-0.23729372184970998,0.010673714238237153,-0.005804904073556827,0.019168407008692157,0.008510172988280829,0.0027035452749260003,0.006476384947745828,0.031081687800906366,-0.3553300958537875,0.02094413349914248,0.042489742011639464,-0.1516863046144863,0.028524507071210792,-0.013667696688258957,-0.390387856585221,-0.011942353938138695,-0.009562288154484122,-0.016081704498233762,-0.03429142933418916,0.020038605049194302,-0.15321909481917828,-0.04352448600366188,0.053955868894604464,-0.007815710352133465,0.7667403824016219,-0.029055148268525954,0.08859735577061656,0.030075584941187117,-0.029895930105624302,-0.018648597926130606,0.04655574850858102,0.010245301365102932,0.7889373347406945,-0.00032178240155644744,0.01910095600578643,0.03266875918779988,-0.007133195012102078,0.009264654537673778,-0.005120403868204448,-0.01700151902059588,-0.006360580862747156,0.5134199740041367,-0.008224768418585882,0.00854975003949221,0.21970076494653767,-0.010416470260679489,0.008979789417935535,-0.008983657286080415,-0.006904300512360351,-0.8492112397561868,0.022276024073107692,0.01827351556858048,-0.0006217491804818565,-0.027691874483934953,0.018587948768356455,-0.006405906619420421,0.011643751404790237,-0.03892290153510203,-0.017337640864752757,0.021881862616737635,-0.004487598274863558,-0.002201221146606258,-0.00048779973622004036,-0.020752457781554767,-0.007973134368512547,0.003856686833387357,0.005169387331989128,0.18876099403132685,-0.0008312655745612574,-0.05905496934428811,-0.005675973003235413,0.02760143381783564,0.20918196774437092,-0.04164683389944912,-0.009651029663018562,-0.0023556148862553528,0.015023711264348094,-0.028632388723735858,-0.018273855282245677,0.028931140248459997,-0.010571757206889743,0.07687156854990462,-0.013949162570128237,0.013032632423346513,-0.01019170110748746,-0.009855200386937213,0.006276855143482862,-0.38680087195825763,0.022849708646390354,0.031190087020149804,0.00991929040174,0.2898763817265717,-0.0019618072660705366,-0.005158600384220335,0.010257108815494576,0.01284450025195838,0.014698903612043068,-0.032248177707515424,-0.0028809833420382347,-0.004334621638918179,-0.005915575813560281,0.015939642138619092,0.019555989438231336,0.024089475637083524,-0.03010295572312316,0.00943155175082211,-0.018632338715178776,-0.00744793605713312,0.01146354927595894,0.0013205915433900373,0.000617645679085399,-0.022262838991991885,-0.010396338087957702,-0.04996143919379392,0.03586373306097812,0.00038068840285632177,-0.0038315442916427855,-0.025240379949536873,-0.03243766882314958,-0.03218779987423659,-0.030244515280628548,0.21477868937108724,0.009274574478695286,-0.0018707977324083913,0.0261416581706726,0.01306883782967816,0.0013543592954192718,-0.015736135121187544,0.0007417363758577267,-0.0008991340728243813,0.06964430107282737,-0.024823524348903447,-0.0051405553192580555,-0.004933713770697068,0.005422003025159938,-0.0008203870272609493,0.0025062699287445867,0.028284806550118446,0.014824027521171956,0.00274049604558968,-0.46711993165627064,0.029742884786173818,-0.01768554424506874,0.0021886599215577007,0.23553272365597877,-0.00630236735651124,-0.006242205352464225,-0.5428711855893198,0.027622545681879274,-0.0028468483360484242,-0.011718039409970515,-0.007056290114491048,0.021910466341978463,0.04911438182898564,-0.006409070598238031,-0.004299365214592399,0.03029029218487267,0.027128624012675573,0.008408823748141003,0.018044518003534904,0.10681399971326755,0.019716247156338795,0.01444642449996536,0.01629458221123059,0.565902796861792,-0.0011254621331318049,0.011218819194255047,-0.022152549641759833,-0.23602055974015457,-0.011473802279397205,0.004940518179864739,-0.008272491741990962,0.004137180060752144,-0.02022322450102365,-0.002410405865248322,0.0029267855350099126,0.013165176252186939,0.003922951477761671,0.0008750377855903935,-0.020678883337041043,0.02688119038612058,0.02914186493399029,0.009268930928556074,-0.0028682329616458446,0.1175076412710041,0.010012144603024353,0.029206260467162792,-0.007794493565597804,0.005976609901154006,-0.009329210892190076,0.025453151818510378,-0.4478276464183182,-0.005392029967879353,-0.009674182957496669,-0.003593942030420294,0.006001774411743099,0.3845522016326868,-0.01020228765628417,0.01466792622045432,0.013960930618850398,-0.01963406651373134,-0.008465105302526865,0.003547834060555033,-0.01381144409560875,-0.08479106508093537,0.003990754787992046,0.045013954302703496,-0.00560601735196542,-0.49749192852777924,0.028254443016976438,-0.002447335211400059,0.012937011411338517,-0.013741152256443456,2.569239768490661e-5,-0.04167446108567674,-0.01174079653719673,-0.04998121038261161,0.045812705121534236,0.002723520272411406,-0.019607584470804795,-0.03668337620501916,-0.025592688527467544,-0.04797578715624695,0.030198843152902555,0.020463719662075164,0.028333816636745723,-0.023030624432976765,-0.705614330006938,-0.0299361068541657,-0.017785098474632832,0.010384610592609533,-0.02011519479310664,0.03849971270938113,0.020733838337037014,-0.19413299897496472,0.4867854135059133,0.005288345502776792,-0.026588841497868998,0.009295734711486148,6.713495713484008e-5,0.002189170588280831,-0.009525232350824808,0.006198558561663958,0.0030644810303783743,-0.006075078671301526,-0.007210585248230927,-0.13457599787943764,0.00581093154141854,-0.012404284709191415,0.0024326214784196054,-0.017599460895098673,-0.0747550546329876,-0.028010838846512343,-0.026315138974382535,0.007221107079203648,-0.016244469827142893,0.015902389264738304,0.016741322546295123,0.9109812495817096,0.11638933104086391,0.007334632171478006,-0.06041458599975158,0.010928808851531358,0.0013219778466009302,-0.0005387333608268818,0.02550640154095163,-0.013876328691594608,-0.017587678295171827,0.01084246957088908,0.00249407551780223,0.00216658586577978,0.09311965254659782,-0.039180265765935474,-0.00936844202442444,-0.0736107671799644,0.016934050903500975,-0.010327096673790948,0.013597908050087426,-0.00930857242519778,-0.29905456832875643,0.10373124044417636,0.014549774603437982,-0.010699632973910411,0.0006212842990862555,0.6464594593562651,-0.007461647535819793,-0.0027117894578623236,0.009897661536001578,0.001898818987683626,0.388635689030707,0.07980172624411352,-0.018998348091372463,-0.014092249281020486,-0.12327610847069082,-0.009054091102370876,-1.2275935088637198,-0.01856038315418118,0.05125412775706195,-8.99862263738227e-7,2.1888097435874762e-9,4.227782874344221e-6,5.868867004269612e-8,-0.00013597802641740486,-2.7343391866274658e-5,-0.000154811424319945,3.573939343692878e-6,-0.0006343810347431145,0.001804138787804277,4.108435855097736e-7,1.1588515592660456e-8,2.985873058022198e-7,-1.7841777062987951e-6,1.1058589009793618e-9,3.2003601468592717e-10,2.659861605578892e-8,-0.00010293169420094728,6.920253805327986e-9,2.5391980074118692e-8,3.6969072543691084e-5,0.0006075392685644943,-0.00012500020093764164,-0.03229780986839614,-0.029637693827680778,-7.941513453513238e-7,0.00013410027173677008,0.01191747729603776,-8.782935324996854e-7,0.006539058877820025,-0.0026007491848076825,0.012545474281068891,2.041631479487993e-6,-5.963053089808046e-6,-2.3696699829461876e-7,0.009247080510249361,2.2431404819955826e-9,-0.00031921325543748935,1.3248930841314177e-9,-0.00032777706555364716,2.1938109327379607e-5,-0.04735506508313847,0.0055495799433629145,-1.100768630080129e-6,-3.052762303423426e-7,-0.08773938409467519,1.508755247625615e-6,0.017652275888849545,0.004562883829066777,0.06485059727492626,6.368738230344562e-6,0.09682974456291049,0.000338466659286496,-9.612865587683983e-6,-4.949576595317251e-7,0.00017926526110656482,0.0356867153359417,-1.2411081980537308e-7,-0.030397970682315645,-3.2998945099951653e-7,6.784682233668127e-7,0.0005229733798017833,-3.8366248968774164e-7,1.8268473208141178e-7,5.207274322760469e-5,3.5116976423665847e-5,0.0002787373525450221,0.0012293189266188165,0.0069894401849524,2.2502321287976024e-6,-2.0070923318016298e-5,5.2388759486099445e-6,2.9999423479436585e-8,-0.004940932796614561,1.9216403958077777e-6,5.935165191817138e-7,6.345725228895649e-7,-0.00014514609000571,0.032348823946449556,-4.800152395567636e-7,-0.0003095468716978189,0.04112916156282154,0.5099609207973117,7.835126271693582e-5,-3.6977274162075524e-7,-0.021569234612798027,0.07098506821967021,-2.12412802810813e-6,6.099047609141317e-8,-9.648429108999323e-7,1.9395293641810696e-5,9.3631511774106e-5,-0.00029235627294355027,1.5290950434012143e-9,-0.00150033451973286,0.16007791042284225,0.0048635331609148125,-2.61337543094875e-6,-8.98426323026058e-6,0.0007722335897710764,3.331091921535134e-7,5.066380321716579e-6,4.198629009799504e-6,8.069043957417872e-9,-6.781860566462683e-5,-9.972518379086637e-5,7.732004517722879e-8,-0.00038169961440104316,-0.002452708458889674,9.51121763726609e-9,0.0003007242228445506,1.3160247456234231e-5,-0.00012162411243465954,-0.009815389246796258,-2.8520244548246865e-6,-3.6588259893187425e-8,-9.545092100893271e-5,-0.0003709112946808091,-2.040610863074388e-5,6.27342061694236e-5,0.0006467566045462725,9.096693401655642e-6,-0.0006961898312738413,4.168371978252594e-6,-0.001662968678147081,-1.6221185509812663e-6,7.518778248893909e-5,1.1951534687046003e-8,-0.0001575803432389833,-5.098412702297939e-7,-0.007642430012992918,-6.485480904316887e-6,-0.0005272954456359003,-0.002279774488329167,9.382604783692017e-5,0.0004292883528478342,-1.1458481150583566e-6,9.092417116152163e-5,0.005102630265582775,-0.06229255143080081,1.9095001675770856e-9,7.479338527627277e-6,0.0020028757970322886,-1.052673070822685e-6,0.2565674155725901,3.6051130136716125e-10,1.8583816487408034e-8,-0.000743868855083818,-3.574696251007481e-5,0.000260628928424822,-4.01520228665575e-6,0.0776029537391878,4.938872816406814e-5,-2.4529265552335894e-9,0.06409185291704489,-2.9875605711549014e-8,-0.001414670219972436,5.512670717688906e-7,1.5640636677276797e-7,-4.16113596255277e-7,-0.0003385886876756672,-0.013748136880124662,-1.7576191076784653e-5,-0.00033049944528329434,7.802768440916263e-9,-0.04132976882283401,4.765073061477332e-8,1.131865127665388e-8,0.0020607991942256376,-1.793891749122395e-9,2.9784510287593144e-8,1.1877300627391452e-8,-0.00016863346240825194,-2.396929403114534e-5,2.0924008495626367e-5,-3.377009137039977e-5,0.06772088017987699,1.0599459703053427e-5,-8.175094743378963e-6,1.5456308446459843e-5,0.0001888940031768982,-6.341426160710872e-7,6.205206622311721e-6,-3.2487755559362785e-7,-1.0466235584205563e-5,1.8163286015226987e-6,6.997602713454398e-5,0.0001437416523799584,-8.721480818207894e-6,-0.005152139957431245,-0.017929647564642437,-0.0005249210622650935,2.1513093045488763e-5,-0.09557044111534196,1.072589028879023e-8,-2.1087223988150439e-7,2.633135269829341e-9,9.348722336838949e-7,5.37433988700986e-6,-1.5524342252687395e-8,1.4031159516268536e-8,-3.2878986615525463e-6,-9.577944881655753e-9,-0.0008099027776893308,-0.0004090156026279601,-2.686106800528498e-7,-0.004511697237376211,4.034893552429253e-5,-0.0004581364263458454,3.2764711527678153e-9,-0.0001878237417258788,-2.6700025807624428e-5,-0.0001495624471345991,-1.5208259696031234e-6,-0.0013507477563479142,-0.03764219200093066,1.0902132903977996e-8,1.1868790707580956e-5,1.765619359161974e-5,0.0007020291918706789,0.20883416153446888,-3.198309361529539e-5,0.0002463266052785684,0.005010905956964962,0.0019024845520334566,0.18115263446088647,-0.001305887152867058,7.72029533635532e-5,0.05387812431945349,0.015864485570091347,5.6472424749820505e-6,-0.08472822518251633,7.437450242860685e-9,-0.00898464478632377,-0.04141953310863755,-0.0012265559632851364,-1.9113683566163164e-6,0.004944894809000289,1.090336814238424e-8,-6.961907081759477e-5,2.6788620437034893e-5,-0.004942400341057862,4.5155057448731384e-7,-4.535658011839416e-6,7.11129631864732e-8,1.4995159046016227e-5,-1.0299554546122636e-5,-8.575044992964465e-7,-2.4512106937990552e-5,-3.198261966652627e-7,-0.012466478834085137,-0.001159560126325232,-0.0018351375159681993,3.119071340096369e-8,0.1161950849545974,-1.3373230793450874e-6,-0.038536992441549955,-0.00014188426888317451,-1.1419224651199045e-5,-2.8323253338791154e-5,-2.987788915831402e-6,1.671454674459505e-7,3.757016139242352e-7,0.03996201138943434,-8.022076934821598e-5,-0.0010527973693328363,-0.0007876475288730589,1.6824761810141364e-7,-3.111626007701318e-5,0.0019650034118967596,0.0162048833026347,1.5284833120576824e-6,-6.564371769712807e-6,1.0695061659644206e-8,-0.003051015699384152,-3.046760914745747e-6,6.622884794227346e-5,9.44752807718885e-6,-1.825553781920064e-5,9.150912204658468e-7,-0.11641343927476555,-2.532231642415894e-5,0.033587246908155066,-0.0002275407878400415,1.5916598344878352e-7,-0.005751515221106729,0.12014484789165181,-0.04822000905551249,-0.003203051435164639,2.5680891169166387e-7,-0.007844950860317113,-3.217974181302097e-5,-1.20408115834858e-6,-0.09174311028209559,-0.006722499288343897,-2.552609613903911e-6,0.00048245737447594195,-4.159155503646872e-5,-0.060656459426809306,1.4113950456279278e-8,-1.841569369442908e-6,-0.0007277386618511628,-1.9636013706414435e-6,-1.1698308610696984e-5,-0.00026408772253816437,-2.8154425880444478e-5,0.0018722567393183454,0.06984189389521589,-1.9097989106819924e-7,1.5285192490221977e-5,0.04328149334878617,3.934851325521939e-9,3.548345986992274e-5,-0.00035390702677773334,6.826094961602525e-7,2.7573745575021347e-8,3.5057486371670166e-5,1.5040614626329885e-7,-0.022953869606908484,2.8166814206032065e-7,3.1324190781639727e-6,-1.965342856739133e-7,9.881405794498477e-6,1.1765450072531713e-8,1.3555580304469572e-5,0.005762036070336762,-1.2643702159920167e-5,0.13099455572955776,-0.04853767544227594,-0.0009353400561877834,1.648585752529741e-7,1.1061174670645713e-5,0.09965723350978806,-0.0001672259162734946,5.735477673308662e-10,-0.0017039473734712374,-0.014851541195639584,-0.0005149800074946143,-0.000139713757918436,-2.3828575336892754e-5,-8.210948081455172e-5,4.0439048654182866e-8,-0.0008806564431723674,-1.7040756405961588e-6,0.0002825110653326135,8.901380443366224e-9,0.00010411016485178948,3.265767230947736e-7,6.167303802373514e-8,-0.0005150363106096734,3.170683202812635e-5,9.97693959132323e-9,0.005612753838704521,1.8670662574882257e-6,3.5469668308377167e-7,-1.9706565379973284e-5,0.029227295955962518,1.9735020373445877e-5,-0.0003019149031899815,0.0007365743553009452,-0.001890381373073069,-0.06330878654330263,-1.948221726782648e-8,-1.499496042223214e-5,2.4764405448518545e-7,2.9922825713546083e-10,-2.6877366597621855e-7,-5.4176122072854827e-8,-0.07204165828625264,-0.0013244864735497686,-4.583358265836113e-8,-0.05387340537708951,1.6323271316842636e-6,-0.007722647046307429,-5.083161603247621e-6,0.001088190406647982,-2.1282661300664474e-7,-1.8664932311188154e-7,3.541379217412516e-10,9.2965659950206e-6,-5.918667839921454e-5,-0.12074573640938979,-9.409857884890016e-6,4.1856110483129427e-7,-0.0027472541614770307,3.321020855887036e-8,6.954723957619535e-6,-1.2577680650327494e-6,-1.228504438515951e-7,-2.2898893675460386e-5,-4.436191610723839e-6,-3.3903740643062563e-7,-0.018795173782564234,3.154026632229412e-7,-0.0006907805211824325,-2.8382383587821636e-7,1.418421551090468e-8,6.487579631356266e-7,-3.6214731400363576e-6,-7.278851328340608e-7,-1.3635676234143024e-7,-0.018853437867619505,8.690135618660833e-6,4.2584367448972316e-8,2.350174618026557e-5,4.1557330089192317e-8,2.632630679427761e-8,0.00100182751966571,2.6504225834889095e-8,-0.04842028667997056,-1.931322693593529e-5,-4.029167878005779e-6,-0.0015274037223207415,7.558662022688623e-5,-0.11226629296970714,-1.2711844149942975e-6,1.6086816008176186e-6,1.464517883849911e-8,-0.03483687995685614,-0.0003221080402511234,1.5634823903858813e-8,-0.0878474478465705,3.121954441187569e-5,-0.00013647772416458537,6.213915925042113e-8,0.011807770574478127,0.007755587994665802,-2.7620377448800415e-6,-0.0007358779488271239,1.3257980133185576e-7,1.853198681859604e-8,1.4603996162029786e-7,-0.0002356366147182598,2.813373892142021e-9,-0.001179383429104064,3.865459538565652e-7,-2.6335412508515788e-6,8.210435815114714e-6,-9.887471635749989e-5,-0.00025945459595133613,-4.634445192219783e-6,5.643414581257833e-6,-3.401628471444429e-5,-0.0014791336636079677,0.0304657504914303,-0.006133305621290219,-2.2814189260256246e-6,0.0039041418710894504,-8.567028415562561e-7,0.0168625786186567,-7.261234337141431e-7,-0.03284190751310234,0.0001235791369003092,2.458887291868772e-8,2.3090758919513954e-8,1.0167225649587719e-7,0.047173228336760076,-3.1010284711641134e-5,4.107468180815019e-8,4.094832551260197e-6,-0.037004661446644604,0.01407777262994614,-0.0017616039019685559,-2.9929023816141487e-6,1.5100622438547415e-7,6.36116040762108e-8,-0.053265896661287115,-0.004134914219889652,6.612851013443333e-7,0.4743995743610867,0.022668417388331363,-2.2119055793190512e-5,4.13528105161487e-8,0.3079532714218658,2.1871284360420323e-9,0.0001196078008645074,-8.186477701510597e-6,-0.0001266347504440546,1.4750791995199464e-5,-0.0024394834692884615,-3.4714210939146284e-7,-0.059009057920775376,-0.0016348009018543053,0.00035170480396118364,1.7762387000269664e-6,-0.0010999284047557012,-0.00015691897226943752,-0.10735347400321871,0.00012204925311465331,-0.37464295174140716,-2.3615830452294873e-7,-6.549324660376499e-7,1.461357575130006e-8,-0.0002619617366121929,-3.840747687888779e-6,9.869732300188394e-8,-9.382584504002978e-6,-0.0010777024334061025,0.0005153727258679908,2.5178299410677507e-9,4.037404065238004e-8,-0.0075079818341237115,3.517069274185103e-8,0.0007408911917252681,2.006612852212264e-6,8.78916397127616e-9,1.0920410059361233e-9,1.119730359106473e-9,-0.002965275971291703,0.009089117109908784,1.4320662711231336e-7,7.827253268102852e-8,-5.167491606616892e-6,-4.2832780132451287e-7,-3.274792334639898e-5,6.1807392233784175e-9,1.086237279646074e-5,-0.0033615382526193116,-0.006922839198978181,0.0015325871838172134,1.3710589269987083e-7,6.08441736819898e-7,0.000499415699280803,0.0028527796030175523,2.5023935404291237e-8,-0.0023923153098621697,8.88046017347155e-8,-0.004622482801892147,-8.126599593927253e-6,3.0558395332398736e-10,-7.219863296797913e-8,-1.004621330569222e-5,0.00369309443686916,-0.00011942421090793687,7.050661448085305e-8,-0.008798594313589092,-0.2631034266159986,7.929141782124071e-9,0.0017737916541022969,-6.412138803923995e-6,-2.286159286768452e-5,-5.005567457061488e-5,0.06373360072348078,3.7655279364057215e-7,0.0013371191439546237,-2.072754013626374e-7,0.006736288094316478,-2.902615524214003e-6,0.00017457878173132713,-2.1273331374249693e-7,5.413107403073533e-9,-0.12413196501802304,-2.5480657920518013e-5,-7.311721987590669e-8,-3.582751064712397e-5,0.011001444735484256,2.9610745697183916e-5,-3.797387768122995e-8,0.00022950981307467977,-0.00011286319026737601,2.6832578628038783e-6,-1.783957931211777e-6,-0.0001026938970589697,4.0879236177376876e-7,-3.412390933466014e-5,-6.736447518596034e-5,8.623271718737058e-8,-5.167775996295365e-7,2.3871542589870565e-7,3.99389343759592e-9,3.874091505966037e-9,0.03879019496162073,8.006944118177373e-6,6.966117169104891e-6,1.0889260537300105e-6,-0.00038476742603599234,-2.4948474516839347e-6,-0.00018921995668108593,-5.080845630715813e-7,0.0064719336555754126,4.212451413000695e-7,-1.3928347887826042e-6,-5.4511618233776815e-6,7.441432834376371e-7,0.08390196617165202,-0.015197452631127817,4.638669106812876e-9,0.17347588680058834,1.744014249016601e-6,8.503822641614533e-7,-3.3534145764235745e-5,3.6942023120545286e-6,0.00028864155535757163,-0.048362663452280685,-0.1979291421957896,0.0003627950297122595,5.788566960571867e-8,-0.0012280686507892824,0.01515180602922328,1.6275270482979387e-6,-1.014565351870056e-9,5.920036278972418e-7,-0.0003046557913535253,0.17553436024900293,-3.481863243495753e-5,-0.018742547572855983,1.5095854186408797e-6,-0.013340680327701193,3.1683197040119696e-8,7.204694871809636e-6,-3.357460904407361e-6,7.753286149214667e-8,-3.812152183835238e-5,-1.0536596346533145e-5,2.389609700804811e-8,0.03838425321919203,5.057935984417727e-7,0.003075640212472308,-3.3140408191023596e-6,-1.0743856203032642e-6,3.9337911647563395e-7,-2.8897720315279596e-7,-0.00015695723089947933,-9.910175206018224e-7,3.1099765188786176e-9,-0.03784427329082973,4.386805253719928e-6,0.050678711908403784,0.06316088254970964,1.8145841457761769e-6,9.150558261290798e-8,-0.0006759355569698755,-0.0003688068383951304,3.027683701140038e-6,-0.0015021731180127063,0.001630630875041561,2.1962697022148703e-8,0.05804285264639475,3.795280877072482e-8,2.4420536292035777e-6,0.031109741990235307,4.614246922160677e-9,7.74013403891105e-9,-1.781328925164194e-8,1.0099130559604319e-8,0.09274975744438052,1.3601007593067038e-5,0.0455817009715247,1.6390318407388804e-5,0.002022920622721358,-0.0349956198979271,0.0027211668459017346,0.2314728118799394,0.00014998103830698994,-0.0019015036086784676,-1.0582142058873645e-6,2.0899666167029096e-5,0.0005209961643686256,-3.43959773863034e-6,3.1466331774088196e-6,0.00010448566119691804,-0.12113729940756457,-1.4562329508915894e-7,-0.0009635152957088167,-3.2148735013004526e-7,0.4833716993844064,3.3136184030002624e-5,5.6255987711945066e-8,-3.171806307322722e-6,-2.9963184493109196e-5,3.493790066977365e-8,2.878844894915744e-5,7.109274181971159e-5,-2.4968753598031412e-6,3.824931682316901e-5,-0.00038073351260337063,-0.0008884210495807565,0.048382029009189864,-0.0012310252741372096,6.644636786762304e-7,2.989202703288299e-9,-0.00010635130569536244,1.077387571041602e-8,-9.153487481872169e-9,0.0011242803461755102,-0.0011315238719475929,-6.335589977091161e-7,-0.07551750867230567,5.746088804908789e-7,-0.0012773066821409884,-4.31934103706233e-5,-3.1424426638615444e-6,-1.8283372369864992e-5,-0.0011304895679984384,-3.18395886037548e-5,-0.00010066057332380751,-0.0006482642287721774,0.1476324678187666,-0.0027492521368799316,1.5599634860773148e-8,0.00020537762225103506,-5.809611374973933e-6,-0.13688499320778647,-9.01740658532102e-8,5.531155193239101e-5,-0.00020913966465307965,7.435730841887089e-7,1.2245179427227554e-6,2.2746191331753096e-5,2.1215410164754367e-7,0.001452052695940509,-7.44238673548378e-6,-0.01714640727209371,6.911725160306872e-10,0.019798001880189986,-0.025833251597759954,2.462943540137985e-5,0.00011716249390181233,3.766861933485188e-9,-0.002392933273583253,-8.7614931331359e-5,-2.541843122573495e-6,-7.48155786316207e-8,7.561764735425705e-10,1.5850356893665207e-7,0.002414177288301289,-0.0030051875743879464,-7.229755454751796e-5,-1.8950497469027994e-5,-0.0006975789604553029,1.911117483362234e-9,7.930679974066379e-5,-0.002469241502467412,2.906338331387648e-7,2.8586684568121523e-8,0.010538069187532528,7.841482273229783e-8,6.869988994351317e-9,-3.5198332301415725e-7,0.0008856125896841149,-4.542984934952088e-5,8.346873189499227e-7,-0.00016954538358504578,0.0019429544555862321,3.2529486415633357e-6,2.6931480263669982e-6,-0.050419991619492066,-0.0010192311397076992,0.006635916452978563,1.7767287238158735e-7,0.13204896393017407,0.013452736165845636,-7.0053135363679075e-6,0.002779125965844287,-0.0002786829889487308,-4.404558175608031e-5,-3.835044253008846e-5,5.343878534347368e-6,-0.0006459104372424918,0.0004517510495993804,-2.4926335271402422e-6,-2.4808187593095e-7,-1.7844915857143095e-7,-0.0010975339119738692,-0.0018337240716732595,-0.005808975039059305,0.23739960834063822,1.383621295070192e-5,3.1682354890705255e-6,0.0005965200796822501,5.261659062616442e-8,-1.8235719853265664e-5,-0.0032970061346304647,-6.697508835168398e-7,1.3729853838850836e-6,-2.721430883756426e-5,1.8787358351257666e-5,0.00012916002435758855,-1.2184363711309487e-6,-1.609508158653683e-6,1.4745719673303626e-5,-0.00011780689579410364,-2.5829552992989724e-8,-0.0002306257156945435,-0.002113665846565027,-4.749140938287155e-7,-0.002957035739541425,-0.0004610895992236408,-3.4094429273573423e-7,-1.7610157533390347e-6,2.0375247499621052e-8,0.00045038746558567766,3.156616393620859e-8,-1.471813459130722e-5,-2.3796091420252852e-8,-0.039713504423161794,-1.8165381749160603e-8,-5.41394224728986e-8,0.0035615013107417326,0.009243633683126973,-0.0003382803681724056,0.02441442091924273,0.005407717163279813,1.8304227702992115e-7,-3.031768866998408e-7,-0.004599532219572211,-3.390710163930777e-5,-7.331444160207923e-6,-0.003980198966928583,-0.01029420257646052,3.5489593655513296e-7,-2.6673363118345783e-5,-0.0004212802053444875,2.754615786582093e-7,7.975832207575764e-9,-0.0013429383550231933,-0.001989040588341595,6.970988573939962e-5,-8.572683520569058e-5,1.2335252538075991e-5,0.024763079367403407,-2.802093798737193e-5,2.9072135063756832e-5,1.6774407416916826e-7,-0.0001698782247565589,5.387596481581935e-7,0.00016897531688186973,-0.0007155332131958403,7.77746237812238e-6,-2.961896766073835e-6,0.0016393115443804618,-1.8186556906274465e-8,4.6898037908249535e-5,-0.0008070163736704217,0.10724169337117928,7.204584554013072e-7,-0.00034809604328245314,-1.0116612139954295e-6,-5.73210065940577e-7,-1.4757976352086644e-6,-0.12281839307433984,-2.6842311528496587e-6,-8.121086838741576e-5,-0.00046035075452088847,3.975151514987868e-8,0.00013233802914669468,0.00237430769641378,2.0881655480101124e-7,2.7209082226892223e-8,-8.954920989179271e-7,1.689237323840298e-7,-0.0005481474485122817,-0.008814709050739111,-4.730347536785473e-6,-0.03304856329805261,-3.197657652620478e-5,0.0006196142885528388,-1.4119649974220216e-7,3.601195408464708e-5,-1.801931797329459e-5,-3.351916168981006e-5,-6.116520440713202e-5,-5.791119087028562e-5,-4.2445542079456305e-7,-0.0010532809841379276,-1.8984161074820684e-5,-0.014989626272551959,1.2499341400518116e-6,-0.0036301475767004376,-7.761860443405988e-7,-0.00018207184999141646,0.00010879375685135528,0.00029193340779443133,4.0832059533015e-8,-4.785174912702583e-7,-1.383210250895453e-7,3.0428251662328876e-5,-0.0009265981087196451,-0.08382063032604492,3.2829764350150725e-5,0.2932245965985203,-0.0021699169113276184,-0.04814209745563858,-0.060098688780271914,4.1898415490543295e-8,-7.173005550953349e-5,-0.0014089204033922442,-1.9408068581583393e-5,0.007290425089308883,0.00019754972087682177,-3.685098837635792e-6,3.743686050228234e-5,-1.5041854539266097e-5,9.987859099425123e-5,2.982777689619631e-6,-0.005518935795635116,0.0018435790714761424,3.904686466493779e-6,0.000367482615871495,-4.838817590710476e-8,-0.14296220080723288,-0.011025783172726733,6.973567933505308e-10,-9.529821949882944e-5,-0.0001236216594087125,-0.38384555023367284,-6.578963944736671e-6,1.192626942647006e-7,-0.00026388358409690227,-0.0011497457930715882,0.033416809174013906,-0.0009338874078652637,-0.0002556060069309751,-6.651573543972611e-7,3.5570897789494182e-6,1.7834230276181362e-6,0.0375566850401583,0.1355592360778246,8.020690032850553e-5,-3.261070608828742e-7,7.158487041200937e-9,-0.0034124852935093486,-6.813316147553927e-8,0.0002225607456267653,1.3580529400689101e-8,1.3217658331732274e-7,4.5808590320300935e-8,-0.00019269350462991497,-5.0695481798590514e-8,-1.942912428054555e-6,-0.0007215255954378108,1.3878526559985005e-5,0.0005244833928372827,1.4765039189120616e-8,-8.432014823256395e-6,-0.015349160461255451,2.8087143570144912e-9,0.032668991571881634,1.4696026677529783e-7,5.747594038890951e-9,4.43155224183478e-8,0.00284528281463281,0.014546726523349207,-7.446241124675623e-5,-0.0005350669084265292,-0.12677584122093322,2.4789802685002554e-8,6.389701123188374e-5,0.0010497162189722076,0.013631100796828832,-0.0004252445131456284,-0.0006268849252464292,1.7631451098676365e-5,0.021650614406325985,-0.0006375530490032588,-0.13883385650478886,-5.3347904677147895e-8,2.6624155674559447e-7,9.193982730693051e-8,9.269391721203335e-10,-0.005905635143790278,1.7236005540155475e-5,0.027334346392308362,0.00028557311486565595,1.4299229250669399e-6,7.79763376376752e-6,4.4157719095494485e-5,-1.039640787059426e-5,1.6828305016494682e-7,3.4412917306568536e-8,1.7672692138696877e-8,1.0682738587286522e-5,0.0006949216385692125,1.4335358966902079e-7,-0.00035116268963975017,-1.9978376942370035e-7,-6.443969803981986e-6,-0.004101930486740457,2.3052198434903026e-5,2.9416192805220565e-7,2.306041335664588e-7,-0.0067145856519346125,-1.5794118612966201e-7,0.00019765797441095856,1.5676063196828904e-7,3.7962078177147807e-8,-4.093078519673554e-6,6.993972849977069e-9,-0.0004772051694601487,-2.143526505182791e-6,1.9716177805575302e-7,3.1078532811701365e-6,-0.01625851238350151,0.00018336124639972695,0.0005058674673819041,3.088917862811846e-8,1.834621636701353e-7,-0.006182790151797235,-0.00021447005507013728,7.037546563733177e-9,2.505401001788067e-9,-6.360663810239808e-6,-0.002548001182731241,3.524630831641673e-7,-1.0323330373943063e-6,2.383074811873609e-6,4.3414954442599907e-7,2.4380998824989793e-8,0.00019297355792247117,-0.0014706774833825875,0.048449889709445415,4.304564131984989e-5,1.0996655095962815e-6,-0.0019182806252047158,-0.003007772996170388,-0.004639345543182571,-0.00014033600749741026,-0.028711178340017796,1.5767435281250144e-8,1.5135783742613231e-9,0.00014079643409337095,-0.0002362462764438078,-9.090948134371502e-5,5.09304438067737e-7,-0.009074006217474562,0.06957563910691533,3.7296428634370216e-7,-1.0968909003317151e-8,0.015270824939761951,-0.017160026825422392,9.816660460383597e-8,-2.053313940264534e-7,0.04066516771126771,-0.0025861950357466412,-9.627862135652698e-6,5.8558040336720296e-5,7.1408672757122815e-6,-4.597174513287783e-7,-0.09660642559174448,-0.000644991806524331,-0.000377700963625216,1.5997399600564677e-6,-5.0769646534831736e-5,1.2635017353234725e-8,8.581497086268541e-7,1.956996625585017e-6,-0.013933782369349501,9.206185716537085e-9,-2.282068077286148e-6,-0.05115331741399132,-0.0012005439767222015,0.0020495357334766595,1.8791971825748988e-5,1.714883961190239e-5,1.480881037352333e-6,-0.0024982168559972706,-0.0007166187487772646,-6.765099826644416e-5,9.419374985242257e-5,0.00019718916701094713,0.0002822486103468691,-4.099704503346402e-5,4.0578422542125736e-5,-6.757298963577796e-5,1.2074131302275415e-6,4.76260184967877e-9,0.000536520928495321,-1.118273975972417e-5,2.610053041751659e-10,1.734646249801049e-9,5.098778553397354e-7,-0.00010100418033154313,7.528248756205613e-5,-0.0009039374565418257,-3.4526069223050904e-7,1.8321027635437304e-5,0.009553029810376756,0.0002297628547722752,-1.074232861242308e-5,-1.1893860837997039e-5,-1.245986899334195e-5,-0.00016956034201598413,2.8619103887412255e-9,-6.939622079760177e-8,0.014475973773187434,8.272432540194774e-9,-0.1797034844639711,3.6105807538211465e-8,3.8799661997591245e-7,-9.447716325894362e-5,-7.398426657249935e-8,-0.0715738296858035,-5.657370496459091e-6,-0.0017252279784543134,1.0397483582447187e-8,8.91282518544756e-6,-1.2524903719723923e-6,1.649266981882183e-8,-5.702088828496432e-6,1.0147728147558155e-5,0.027955998133620596,4.6321666905768666e-5,6.886914862280769e-7,-0.029455416835844517,-0.001671664159289321,8.020332067752711e-9,-1.5239722934490274e-5,-9.119040820237956e-6,0.00015305868484460916,9.050685714218076e-7,-6.74533475475414e-6,1.9903282411082301e-7,-0.011846679018617579,-5.084893669321522e-10,5.66539493530166e-9,4.2732437018244696e-5,2.0388842653096262e-7,3.0073921800360254e-8,-1.3366926731039896e-6,-1.0605415928455209e-5,2.117632150942751e-8,1.0554085078801068e-7,-1.0731727358159748e-6,-0.005527338046249497,-0.00041071623468269536,4.20907004961002e-6,5.8861666691889525e-6,1.4641090057693207e-7,2.6792022847672847e-8,-0.0001652881369835768,-0.00025611275420089896,0.1217834227863932,6.388252994038446e-6,-0.05934696564509068,0.0025861352828542294,0.047005623651784845,-4.081281368750744e-6,7.487279843829131e-7,-6.415606694787357e-6,-0.17868225439451635,0.04168317752919393,-0.0002042768747401169,-0.0031226654136844445,0.0006067714156756665,-0.00014826854589955474,-0.00021913119473992992,-0.0051906509197579,0.02039544816034322,-0.00014265226282006438
-0.014414412993573933,-0.011321140379550343,-0.02864325963128067,-0.01022964276444327,0.019946242398873437,0.07188509245975183,-0.012340196826016836,-0.014342671640406479,0.0004145249499742931,-0.0010932247539869877,-0.0017762151601345977,0.06399505813897122,-0.07174338636286848,0.07509833161748247,-0.0020698568829402575,-0.009077289428262247,-0.14208392393948088,-0.04618185764184091,0.011395919614187733,0.0363485556190426,0.013267580876345164,-0.029045810032584995,-0.04252427340543363,-0.00929695089598681,-0.0018534320115008995,0.02143966133462527,-0.04783954743368213,0.005872211084351875,0.004073439482908725,0.051132027184394246,0.001254555796549539,0.06902717104225076,-0.009094988363358425,-0.28600830748473527,-0.18578957085856018,-0.00833274817068741,0.0006163043694868975,-0.40465724951991433,-1.1830405690852785,0.0071781345517933914,-0.016705639558665553,-0.08105096337567375,0.005231343070221328,-0.01627684985299993,0.0001741253236104967,-0.05007489738272852,-0.050862291995144915,0.023016792441922007,0.018557049313130847,-0.003266203193106776,-0.00354053588489478,-0.02553118613377592,-0.02320164913089684,-0.007281280909865018,-0.007016589267550444,0.04245156998058519,0.03540823487992384,0.023183133741866868,0.01974601761867234,-0.01057251470524534,0.04760142225859454,0.01590712666370564,-0.01717222279694397,0.00885614498929499,-0.02040214854559963,0.0281508340069081,0.02275293854336269,0.0032535135273974447,-0.041564710243847,0.039640624921048584,0.08156074747057573,-0.0006633672824136738,0.00019454872426649672,0.015393091633086442,0.0023254252555489074,-0.021280128520061226,-0.017132002161474702,-0.0345708641298188,-0.04276071196727571,0.10606866136913595,-0.012281449384317966,-0.0940605208170382,-0.0014086652347771178,0.021214652954199664,-0.38095416439864493,-0.010328172070785513,-0.008201333112538123,0.009088826626793889,-0.011583142329982365,-0.014913355051817234,-0.0032837270337040536,0.09823830260484101,0.04256970953792916,0.004401670026709326,0.0024819567897793604,0.011346489928655501,-0.00021494133056876308,-0.31075682540176786,-0.16754532350660156,0.008123407085349754,0.00672942759163675,-0.001056307486123842,0.1410814154428408,0.024282708096848182,-0.023033347623368172,-0.015241111010254826,0.03198569448954913,-0.03286733030029154,0.0035842377578774176,-0.019187191344371968,0.013649510466166248,-0.1347519826063035,-0.11191544007124321,0.0059330318345018895,0.008014587695925002,-0.02775604003454646,-0.04773897556560769,-0.17179170907456864,-0.012031376900267787,0.013062314446528944,0.031143386409894447,-0.02350279806069011,0.0029077391668579367,0.013101142887535389,-0.046649259114701636,-0.013105058805649605,-0.04980781739868689,0.007416433636535658,0.0019079847534158034,0.006026468880918401,-0.006746592134277307,0.009414741719410813,0.02688442330509133,0.04456098514629048,-0.25555137726018984,-0.0750626737735729,-0.15987281408001763,0.025918419226400147,-0.003961033355153631,0.008137879929222436,9.049832624441478e-5,-0.005538703222555341,-0.0016258696343811607,-0.1939169228759141,0.035788725017937395,0.09293751865624245,-0.849144613172939,-0.21584957245795522,-0.016638670169413672,0.007135647148061253,-0.04888893459474275,0.024578428653512674,-0.007609442427565227,-0.013841349033555161,-0.08794316616240394,0.009491139595183995,0.031158580528426683,-0.016086390598502476,-0.011853760219356246,0.00048081968452606816,0.02271101893504124,-0.0145317559099567,0.003517252752544664,-0.20342423539113952,-0.021175707380962194,0.003344950186146889,0.022683613025492377,-0.02539533233630209,-0.5383662893559631,-0.02834175094812963,0.009935567308048121,-0.009658641148234892,0.0053582030554935045,-0.03626756295125233,-0.011412308363105694,0.028399015725653953,0.006364624737670965,-0.014976210848544724,-0.0109489203684916,0.020370786504372518,-0.003960508962109088,-0.006358843477755727,-0.01648983675022464,-0.21197932412906084,0.014790701242361592,-0.03990384735243424,0.021804412034953202,-0.004565175763218576,0.0005573892653956136,0.00047509453139582547,0.0004448501094884705,-0.041936302722206165,-0.10141885929988348,-0.01770053318250575,-0.0563341792421852,0.06356248122892794,-0.021041246162894822,0.06115989945647016,-0.09858522794638702,-0.04842261844123641,0.0038347740837707534,0.025983794454077724,0.00544884481405461,-0.014236276728922803,0.006219843230269362,-0.021348957927898482,-0.03230262593660882,0.03289370610946207,0.031133753693211474,0.07037251720066706,-0.021536498150680927,0.02343590351392777,0.019242411311097385,0.03862326693706564,-0.016149313143159816,0.025398523987405497,0.07936910350690596,0.007613946442688757,0.031924589683612226,-0.03237612346219976,0.015337576478543724,6.719943985444843e-5,-0.08337086738129074,-0.0631968416782911,0.01357909490207021,-0.1504516600689385,-0.284082876298271,-0.13054276341972582,-0.05618728810009088,0.03194174500140434,-0.08310137214175484,-0.008136705421748047,0.022364404285781347,-0.04402389864662837,0.0795203482184661,-0.019800786183168384,0.018858973048736516,0.009949419403710635,-0.011438059483225516,0.022928910029804683,-0.0014336919994093478,-0.010198559056107115,0.045719158334577514,-0.00024604615282441955,-0.0021214268326730235,-0.016398438269334292,0.0006591299632816572,0.011301979396193929,-0.22904421549174003,0.005321794571500504,0.0012937644587509567,0.0056697386551149975,-0.07638857601159543,-0.3050749891663145,-0.0069007025831524516,-0.0054953016810941335,-0.028133458669913125,-0.031066488352053057,0.03148087597264748,-0.15143550453740318,-0.1732502506340552,-0.04684720481054683,0.003227744749892736,-0.5937561664160285,-0.02736227245691225,0.006691488018077507,0.04811633963618078,-0.011441486406511103,-0.026082776414341424,-0.0040852233159967,0.05431210733468106,-0.009762325043539022,-0.0010342920086259255,-0.016538023281100322,0.020241452995378495,-0.02647672410512314,0.02552975261642132,-0.04958137303219701,-0.0025965530767280143,-0.07098417341421737,0.00893364075000136,-0.6370978845261561,-0.03627910521004196,-0.4576749291863962,0.0036707436111100833,0.013371044134785848,-0.08251022066178848,-0.022494400754112576,-0.032802411953525734,0.011903750633109667,0.042502883121336765,0.028641187054745387,0.011665892245673604,-0.043572296776346775,-0.011671596409144058,0.036125644707681204,-0.012169704858585817,0.03673562308961209,-0.06318386195380299,0.023848543840358616,-0.04348264717600614,0.00578554398543929,0.006042115002856008,0.006242761954126763,-0.18461819772164745,0.014990814791076446,-0.021185240344266276,-0.034393616895272316,-0.028847168822778713,-0.07269718902181665,-0.20329086824767728,-0.223862957776646,-0.22240166610754386,-0.034254194901222945,-0.0648498433019995,-0.019757265568614457,0.01084592065541301,-0.19860475512632547,0.0002918001382568036,-0.04300233968569955,0.008066721249633702,-0.005235835932580812,-0.042257205418536614,-0.03781128702848946,0.03373309524886281,0.016248067563196855,-0.13044883072029734,-0.020886679649265716,0.02159014577284779,0.0022184404551808257,0.014351196465213434,-0.10938124546282779,-0.06850828317692503,-0.7309605811633446,0.010735637149565491,-0.008269941868093156,0.023271856046164885,-0.04191949128160388,0.048313898743799655,-0.02384748547427762,0.004279195196886576,-0.08739615171361947,-0.004345668159203342,0.03325980995577993,-0.02042921804661546,-0.18147439111930908,-0.09421537680327674,0.07552514928829623,-0.03965475179529676,-0.08529964893932629,0.025149496203141553,0.02232607445012036,0.000760845076968053,0.023083299372501642,-0.11885171691756113,0.003949219692344741,-0.031692776295585645,-0.018464586778463854,-0.02585096322309255,0.029830695666532847,0.0019240734850427543,0.0359578593797778,-0.6658132175616629,-0.5580928972149195,0.0038412074609368574,0.007829082816897426,0.0221736108087498,0.004378160248961649,0.011791950418682973,-0.03854406203890903,-0.024343270571193898,0.04915683282388272,0.026862639340833994,-0.020151504751993343,0.02687459743128784,-0.3224817793352486,0.02563114355086782,-0.013865215591067681,-0.027261637103606517,0.0057796779256023,0.04358921449056652,-0.0006915082694831653,-0.00866413156654744,0.008195665792300133,0.0007880797475081636,-0.030777479936659802,-0.03262446921871742,-0.010098616209688771,0.025821380825163942,0.00029435043688863516,-0.0072878164810390444,-0.008791210227627744,0.013585199962108163,-0.018279656162007996,-0.058750202616465685,-0.02463656136751524,-0.20372750580827415,0.005055454051216657,-0.030579145656702167,-0.018522894681836988,0.019374512461581617,-0.04323571103964241,-0.10550819259970012,-0.21129851460773352,-0.0052243404197724885,-0.0423688971413867,-0.032962222436253796,0.02571441314648837,-0.0154656406812137,-0.06530416073292145,-0.011287607128451782,-0.1105389830643162,0.0018480984363122843,0.001886249103336013,-0.029899238454163424,0.026351161380716803,0.04520169390616502,0.009237075113560422,0.011514878588059219,-0.05958408653850711,-0.029302750779606868,-0.01320663021033397,-0.019966747524449602,-0.01132851189044004,-0.0006629303607041948,0.0029837707788828993,-0.006781255481655535,0.00028766731418272684,-0.017672041301921126,-0.00397776970396535,0.009435755168851756,-0.029129079730410012,-0.0045916146668787405,0.005885528612452617,-0.05194348012628325,-0.022058151310716312,-0.14370624892580963,0.05842336388877811,0.0369253916010166,-0.028388081316279568,-0.012105057836379274,0.007143815846575308,-0.008200546278658294,-0.16476068296015,0.08998439079357468,0.020776373735316156,-0.01044780846177673,0.05768618987167429,-0.03579567012548068,0.001240305380179052,0.004812709969883144,0.03056708683357101,-0.07580374077338092,-0.15035717174578167,-0.005511675362868118,-0.0156939017889135,-0.00572522442553236,-0.038673895463944064,0.004557145431135723,0.04095179383011782,-0.03360417685614436,-0.3297484837285083,-0.02277151258226695,-0.02331909474239069,0.019348222934354453,-0.07306712388708547,0.008435673860731185,-0.004401739242666736,0.0030297755870947185,-0.008136423080145505,-0.02490734105839465,-0.10359496892263564,-0.017085510790707303,0.08637274232114578,-0.004608486557572178,0.018035545223938243,-0.010954175365441188,-0.04582621019653743,-0.028014414028803003,-0.008973033984943868,0.04185573766244488,0.00974114481732613,-0.05136123848751595,-0.1855769882495224,-0.011549137605470605,-0.061513901068224186,0.16629202709964375,-0.18976553339098245,0.03268979389576998,-0.009296004249335965,0.017707493429952592,-0.015167304632541345,-0.01294016920383001,0.011384283418010455,-0.0923341847330903,-0.00814476764662686,-0.2706130282984418,0.0010805521292240883,0.004597596510848234,0.015590056454129808,-0.00634534145001453,-0.004982083102731849,-0.007703362161919358,0.017558434130251044,0.0041421840198836435,-0.004279138910305846,0.09516355815526367,0.0535046341465204,-0.24125375840242214,0.008166229327343899,-0.38950394222592877,0.054940743322504204,-0.46427086870176026,0.009405664290625282,4.230730894505541e-5,-0.029433685994263215,-0.018051789754949255,0.017534185108388556,-0.010719291791247088,-0.03186214911352181,0.004871399634566842,-0.022081009085923142,-0.42122982192950076,-0.004256385648204741,0.0648285342467716,-0.030107100680652366,-0.013649618931594887,-0.09139022649878825,-0.2659282871986761,0.10629079162981725,-0.015253591098371544,-0.035289873823785456,-0.05495859082748211,0.02380348873566618,-0.0002428120737363315,-0.017715345265969518,0.00540397742909704,-0.011642827151263191,-0.0033144429323783697,-0.07824941721082723,0.012123259644113205,0.021034747087696815,0.04270127332233642,0.011757201287764474,-0.064372726852298,0.02298091357215526,-0.15278543219938,-0.05293303886674039,-0.0100476339330271,-0.00867245346216805,0.03844195055717137,0.03512775929266354,-0.016909153604956373,-0.00978141629093443,-0.0030263702403772186,-0.05003212645374333,-0.019395677019133473,-0.01058213603164404,0.052555380186277034,0.025965531315517154,-0.0022361600640579127,0.003258763717894908,-0.020678006430216556,-0.015979851537849754,0.006704547292429197,0.043281413052227435,-0.008461990140176567,0.01588392304165609,-0.007586894916585152,-0.016650720564939547,0.0368376513106341,-0.04720525307857315,-0.015501516554877526,0.005197322977892327,0.05866411027909635,-0.019555913346266607,0.020821061644710426,-0.4350343903506655,-0.11554829680426337,-0.0018772704652292305,0.002264743581690709,-0.008766341971806924,0.012536904779153701,-0.012390387108439427,0.012768266104103532,-0.0328029432261161,-0.04814982684911229,0.007074510300640213,0.01607421333937964,-0.009606651755575513,0.21326690232763212,0.006099716366293251,-0.31066622399430344,0.007514345014897117,-0.0023333495373663027,-0.0022902123463950375,0.04265046571572384,-0.008417876581646055,-0.025544666369114566,0.008046939751693571,-0.29021209930715486,0.0365874142901248,-0.03285947621213836,-0.025994124348471814,-0.017146832678463397,-0.014494410728730145,-0.020441347900828077,-0.025848287928170066,-0.05387462335602322,0.012794126489097835,0.0017321456452918937,-0.03209703869288205,0.006252147955819964,0.120950185943002,-0.42528073964940916,-0.015700308885470804,-0.02282015193895859,-0.02029850106464437,0.08931896191415944,-0.06392417516781279,0.006500291569409455,-0.019230357810556598,-0.27925425584174945,-0.007298796342070091,-0.0008140241634464473,0.05739224542139709,-0.012081928949555731,-0.09560318286457914,-0.00015567292302876012,0.018462883817846887,-0.06617052796104872,-0.003746212906207802,0.13657485631119926,-0.00901138685640035,0.006005771500895207,0.002311389665862862,-0.006219203520231531,-0.011831162362796022,-0.05161780953130801,-0.3074757836329809,-0.02004528957513685,0.07589177218687837,-0.006086913860599452,0.028564279698912287,0.0057210951449633285,0.012239009423865355,-0.0374045064713755,0.04685271339803876,-0.015319164036327493,-0.0007096972399267543,0.021308730196324177,0.07705439898995792,-0.059916735217939276,-0.018540597148330562,0.006138041615486145,-0.04086646479072442,0.008802441072703004,-0.004547582625036739,0.009309828922596353,0.005319099253938475,0.02380740635589973,-0.018746078339518135,0.10857236686024407,-0.04398121427584556,-0.016591921552389977,0.0017732179931044811,-0.051929937482100286,0.04195135143118023,0.13027614014663413,-0.004452046579444868,-0.493734365913042,-0.02368164589506705,0.040918752556535765,0.0154522436841944,0.0538573446024202,0.0042853919112531,-0.13957976664995897,-0.0007342214394157054,-0.012445481259419466,-0.02602677184404456,-0.03685515722281707,0.007315684923582921,-0.003461209670149401,0.004110335491532169,0.09486786786260382,0.07112585736467736,0.023520001969018267,-0.002374551328102825,-0.016939923984864436,0.05080522786920483,0.02975788639628263,0.054447604896267876,-0.01730988033966696,0.017804182355121156,-0.04484163676170283,-0.021820264109464915,-0.02021033698838437,0.00731566475587897,0.01280852606373628,0.010676667568077391,-0.0058924453816757705,-0.6381885095051274,-0.04866460978428222,-0.019278079098512535,0.023582168610573717,-0.5583727895973425,-0.01835669998854428,0.01716674237195548,-0.019513638197850014,-0.05383783170782408,-0.02802243057931264,-0.2933656697858851,-0.003404950120511785,0.058160221935395384,-0.045040420119448754,-0.006709927669817262,-0.022352846659487113,0.03085204356500526,-0.06935053783854528,-0.0014508046417773812,-0.016983222745011517,-0.006760486938219401,-0.013909673318266869,-0.03686491761345678,0.0341916786173897,-0.06287983896163496,-0.06774104862142849,-0.02346680158620984,0.007133309047731018,0.024419648132607108,-0.000548106208043464,-0.01180338095400657,-0.005624777627190269,-0.007160083504231807,0.01699734014346177,0.008466949519515765,-0.03524865529288945,0.015339767725890852,-0.04479926729163708,0.00527623614070194,0.04582830261733761,-0.008737658948234639,0.08622219326707636,0.032910707932387595,-0.010633705414164751,-0.01159187885633628,0.010910721878644836,0.028336099837360962,-0.016353385678939958,-0.06422073399244255,-0.01493493476709773,-0.0004129290027776733,0.057393468288864824,-0.017515435289539028,-0.2730630598252901,-0.015331620723770811,0.024517059029221855,-0.014337822251036414,0.002008819262925954,-0.020507411567450617,-0.08461102393448527,-0.05305940543621546,0.008942157926867367,-0.012742006799271621,0.014224447925698769,0.018628922203447473,0.09110601266365848,0.0005597046608585288,0.06173772140209621,0.006543695017398932,0.03421405051221882,-0.0157670275439159,0.032057018665000214,0.0034819878646885627,0.08999540807963058,-0.007969858002070396,-0.029356981699947937,-0.050572715592352324,-0.4695295981864547,-0.2910054165022302,-0.04335596510418327,0.04590211472577721,0.0059433526985230856,0.018554915266577154,-0.06549104812074802,-0.1414527937922685,-0.012314937641804136,0.0052872736705467105,0.03337794594335719,-0.008252930042999651,0.05112793776788749,-0.01539315909508332,0.02399125647730216,0.03329495702246277,-0.048211362398888014,-0.0008220155677918228,0.22842517436220078,-0.011549092403527084,-0.048304242382073426,-0.006615465157778999,0.021800750660872836,0.012960586260305718,-0.011327110380534577,-0.012412632255518474,0.004736465754831443,0.022819838148279814,-0.06985450834650919,-0.007054123211901242,0.02759219457107065,-0.024109198382802788,-0.4047660478790931,-0.017040930049915914,-0.4270998509468882,-0.292826919021536,0.01723350274914992,0.02329090973444181,0.058169232825093786,0.016486465957314067,-0.0040074400137655175,-0.023704972159976023,-0.04795492856896999,-0.0642822771333158,0.02155366845727258,-0.08512431765848305,-0.04277675357479893,-0.01670847158811739,-0.07768254762413562,-0.022630942919704466,0.0009759610393302864,-0.0146022684430136,-0.014933482481637839,0.04271675218615201,-0.021597450656827277,-0.0358808745368151,-0.01758865465853887,-0.06234904897223714,0.030433200159677654,-0.009725953470478998,0.01223296134503471,-0.05760629318103838,-0.02473677572015731,0.0013801678956042451,0.004965692221048812,-0.04386934855574509,-0.011920759461645503,-0.006413788774807472,-0.02276209765477688,-0.012937195962877013,0.03545048402293105,0.0010939539733954007,-0.023057571149252,-0.04304370453064621,-0.06860444792437193,0.023123368024585034,0.01807459120755084,-0.03831673761942511,-0.048945891077892156,0.018989709343259165,0.052850103844320984,-0.034310148441818455,-0.3020490266212619,-0.3141921145224842,0.13231706058104464,-0.04509818708811508,0.0024199285794566094,0.028345816355340503,0.05549788783537224,-0.066135780305558,0.06085754305422597,-0.006980626042945914,0.19373993680392232,-0.06208713827209067,-0.13473714559222572,-0.003061779192648828,-0.006070212290069321,0.016620173908449942,-0.005180835025385022,0.2574789820691876,0.012515686642814217,-0.019194022485407913,-0.04067880179701433,-0.018703044125686574,-0.04884132212851,0.008060161379944475,0.010483236780601146,0.010972419321092275,-0.013997084725701825,-0.008183588648762452,0.0008314474589496967,0.06056038834503852,-0.029777965693256192,-0.1106969129978097,-0.006046270645242657,-0.012651415739128424,0.02602363557434728,-0.0038494814798468724,0.0400978934280829,0.055931234120635054,-0.04319562481759931,-0.006832155900156067,-0.25843077306080886,-0.12115197435559821,-0.026909106722087017,-0.03360230098314787,-0.04405762126771151,0.0015771790435792354,-0.01638974374100144,-0.03767921918574757,-0.03904260077797517,0.01022948695026571,-0.04856586559617426,-0.04232493506879109,-0.008496170179114415,-0.24940246250480413,-0.0062681863719262765,-0.0326498313137904,0.006808877706134808,-0.002526544098600425,0.03617110231425613,0.12854641130707023,0.061064923886988254,0.017778322160211246,-0.35690979597688965,-0.0017765172697181697,0.07590731853815669,0.027789394588126015,-0.006758216767821068,0.044910442725267785,-0.2927010691241776,-0.006867361482363776,-0.020466696478251833,-0.03787634935474671,0.02961310797218175,0.05222343634795834,-0.1079764301339452,-0.05745050922860173,-0.020454536186662153,-0.04096359510731418,-0.007148039822141072,-0.10726940142012609,0.001253257313692302,-0.12405466898962914,-0.021344690123896726,-0.006471923635388066,-0.37015229459211696,0.01116476544575562,0.03602417872752994,0.0039892746412988345,-0.039134789084528165,0.03758595151521149,-0.013921584727540903,0.01688281555834692,0.026041639992541832,0.05218633522736127,0.029580529118902632,0.024125195628016627,0.01772467308768455,0.00026128539775527315,-0.10364872769150679,-0.03402270541209873,-0.5197725152684143,-0.015322952974429427,-0.03761147533919029,0.07771302819310222,-0.005154511694399844,0.012058157155479421,-0.017955869052627804,0.003644466708578875,0.006330164027986029,-0.015562769580242275,0.035421925251739594,-0.08012346507075563,-0.027680822787715442,-0.009327529467554996,-0.031065243398188613,0.028527089928047644,0.058510396716883406,0.008260355064521718,0.0023341525991327217,0.011461416683232528,-0.00641743789492466,0.002568402907854761,0.011276404244654259,0.03406358809752419,-0.016698400786481216,0.015599811789797968,-0.015991585568372102,0.018228479591016367,0.00304943686023762,0.006873618283862015,-0.07488626595750247,-0.043513141948096745,0.0015020529276625894,-0.02512305094387557,-0.018682544633520592,-0.03823308999335495,0.007745912601535565,-0.0092217768616365,0.05518303955614101,-0.035687534897078876,0.005197111520374165,0.008058414750053089,-0.010199714244663483,-0.016662652706600056,-0.03591154779223871,0.002500744185113035,-0.003942930206449091,0.011481844173658828,0.05872577429727244,-0.10888812994085129,-0.031836187979024544,-0.06544627479161136,0.008356612992429291,-0.013557302009758132,-0.011302295118298389,-0.007792843630397783,-0.09428454713633982,0.008740614235648536,0.043735121977988456,-0.02196321551400615,-0.0020418859712663107,-0.009444556652852043,-0.12592029016741435,-0.19957639768108493,0.19350051786204858,0.025211395374299173,0.003221455690777475,-0.03162277194587659,0.12250525519039002,0.09295875939824327,-0.04200542002581642,-0.050854860526669654,-0.039790357572201174,-0.3316635197115829,-0.03558525428525172,-0.009469568971383069,-0.16865128047356848,0.021556777093792334,0.0700419227065936,0.015524920294694766,-0.014150461836834438,-0.005749016249865235,-0.017393890121638833,-0.04253414256390897,-0.0467106240325279,-0.016795056301816658,0.005929377189204388,-0.0004340729860814463,-0.013066683074157481,-0.04811805259737412,0.03788840670205218,0.026692543727222073,0.05155622922939074,0.030490172974168672,-0.010604349005006952,-0.028897337979344684,0.020641687734723746,0.002562172931902751,-0.28690684737557604,-0.01698753676441811,-1.259763109816049,0.45575025306152384,-0.01147096042495832,0.02099426725567355,-0.029085457812243476,-0.0004894296901056805,-0.0075462031859387935,0.10817229597614642,-0.03531130363944612,0.022476410484614462,0.00019085531653217913,-0.007803383653254059,0.05429126924354932,0.0028447955919546075,0.01491613965185934,-0.24487121066613327,-0.4113532162850788,0.03550067302728621,0.018522184318612744,-0.14520301774371092,-0.0028665563204413047,0.005485462364731575,0.031792497530886976,0.004907411812382634,-0.5776110672650248,0.01878079737070948,0.008745061114950659,-0.04873262926219013,-0.025000412962072005,-0.004285193347868699,-0.048855007200472755,0.014608865900299861,0.015473146887416078,-0.0431343152813497,0.0009060177280844073,-0.014379984622792108,0.04072869324727435,0.03663302902259602,0.0038350086229002045,0.013715476137804217,0.0067444609119320376,-0.29232330303238996,0.00631698888810206,0.03159554233752715,0.017720537150125892,0.012711356263935158,0.04585832656630373,0.18698625974320748,-0.025396201242983807,0.03329478468913294,0.033121212900368846,-0.11165617911865411,-0.07237489558656307,0.000699973317750846,-0.018552825114610982,0.0034458949321560794,0.02560862990503665,0.03115015107164254,-0.024237361720224726,-0.011122128721751778,0.04501319833912021,0.01601667938666651,-0.049268932900758955,0.0016341655148153222,-0.006215923239324184,-0.008083456161330105,0.030661180784591124,0.011811385888904624,0.014398206136775116,-0.03204944117305786,-0.02471986297678086,-0.04099356406914012,0.00026677719580447956,0.0027108087028864247,-0.016127505919030227,-0.14361565202852944,0.06076217234726755,0.04069196827549604,-0.008080097725724045,-0.02511353025010976,0.020749627378791047,0.020058761366271938,0.0084350873553376,0.34555094794313845,-0.14511622580175754,0.003990443723296266,-0.06017905248745592,-0.004730996914076968,-0.040386168154327606,0.03250405888820751,0.004451889153642696,0.015422625686369429,0.02072278038406239,0.02723089465348494,0.040184354496886954,0.06666085449160164,0.06726545855326549,-0.0026557534220046364,0.029828459580130584,0.07227437808478498,-0.01559764987860035,-0.09591113274473173,-0.007374201215498033,0.06568450451118224,0.012095568001541324,-0.0013382649240156752,0.005011236570169331,-0.004234564353737369,-0.0165182051582633,0.01916510166211083,0.010856582624910516,0.016467329707666067,0.03951743875222746,-0.06598401038900192,0.13775159434499074,0.013603327133751009,-0.0016767986926424783,0.0803518873253779,0.08178860290718148,0.011648404155494063,0.05807775820539973,-0.015935788135266193,-0.09778830856157583,0.04824694916715089,0.016144783088748227,-0.030100702942945645,-0.031240183397585497,-0.0170703981002589,-0.023487928816393833,0.027263448749181407,0.022880246009663097,0.016935454710619524,-0.008382006696592725,0.03891254527411547,0.02630388953323859,-0.08441188533470267,0.01720977301010862,0.01494761689355073,-0.01177409962110687,-0.05419289652672887,0.01310410887344915,0.09206965515852517,0.02742613127520599,0.02838536521142032,0.04781364696646051,0.013056854404567275,-0.06105166800261941,-0.11414992301797611,0.01336174873051732,-0.001066456175976782,0.012992655152174848,0.01527350867900168,0.005515402454875584,-0.011813391360192327,-0.03504573951590828,0.0028842809624620713,-0.00788122367134747,-0.031661619525038986,0.013308556242918712,0.026407625536194246,-0.002802732500640559,-0.01886477949392429,0.009878612214379245,-0.027498303160882642,0.03745017411938534,-0.06481352562332177,0.23000468017107778,0.07235743893761537,0.0029234359735710314,0.0016973804315512098,0.016721212210541125,-0.12659135180183512,-0.03481840097629174,0.036169413484458346,0.011540176571315897,-0.013018564131925814,-0.05248918439292538,-0.004069321976203355,-0.04595733693940929,0.005710916590032866,0.00583138704087105,-0.07911786265594856,-0.0026220857698717737,0.025834569233438742,0.00275373549914093,0.10693579167309508,0.07644504050949763,-0.02321019005830749,-0.02001566763874507,0.013558689277942904,0.027728410268537118,-0.02714474125605193,-0.045861346698529815,-0.010512638452155443,-0.020278996785081382,0.0052903318215840045,0.024960336694562102,-0.022322953595903527,0.005884038342628628,0.04776665246072298,0.2962139589653816,0.03943996486418655,0.0004325325842997607,-0.0076678974769492925,0.03186055942296662,0.0016332429845533625,0.011931501017897972,0.0744688937184037,0.013785167316655134,0.014631869101322081,0.011824515731404972,-0.021808080837217858,0.17111148061394488,0.024761646752267552,-0.0036635644173408366,-0.02288487888259283,-0.14742637169001682,0.026478596455490333,0.001749489620692657,-0.05573686418210855,-0.02504333597516961,-0.00405845566433527,-0.11895073478308404,-0.013699212164624441,-0.035019559446027415,0.013630732505589549,-0.003399164372922314,0.06486088209385343,-0.0062062512315606,0.0027043287088872603,0.020250691487831318,0.0539480578309508,-0.01897229943278944,-0.02283312437157292,-0.07215109142157416,-0.025783040473470464,0.030701453404617496,0.01841014991623524,-0.031845754387177294,0.0016450600032840157,0.003953867646941944,0.01809652313568222,0.14514382094603206,0.01887652903678827,-0.01883738784454181,-0.0011847079167637276,0.021464881880092435,0.006795535164428657,0.018497894868460207,0.029498561357286235,-0.2676155624067178,0.11948571104085204,-0.010665590369171696,-0.06241723206062488,0.009973647754577541,0.012317197262291302,0.031221061754422408,0.0715027870846825,-0.04023109614577436,0.019157936059855274,-0.048062244153697975,-0.002052945702416764,-0.26763958937908683,-0.031385108234644576,-0.009729635951316595,0.10272171679844178,-0.0006311330239441304,0.005608703613688704,0.03864763239266722,-0.02444085902061488,0.05591473886670428,-0.013203071381212794,0.054733693407797546,-0.04985899792427517,0.025508088394417427,0.010070147403780538,-0.07022083308015681,-0.034622693638539204,0.0030439095246492798,-0.0031736944802105427,0.006471876297837298,-0.001745586095694307,0.029729645368206548,-0.007826091047718364,0.023674062237432736,0.0330108309217394,0.023149608380663267,-0.004899723203607209,0.016675958820087544,0.020714438938739477,0.04026774688554724,-0.00025979704764722555,-0.012750509580428115,-0.017227351720521256,-0.0474689706047684,0.049579609052671,0.009575467302056495,-0.06866180773977248,0.029943575774041165,0.03176287770520503,0.015444383091107738,-0.022668786374651972,-0.02384064014040632,0.04627980210716487,-0.0057954095254899585,-0.08512441628772649,-0.14939972212232533,-0.004857999368596211,-0.012488657850553864,0.02060639830051514,0.002265634391733329,-0.011676529178657802,0.015431444948717399,0.04645171201900666,-0.027036465924993536,0.03482348471993646,0.03826435393602878,-0.03990146247178927,0.04527520240958438,-0.023886417166067986,0.0340333348653985,0.05677169046975905,-0.026770781538289157,-0.0402352422443073,0.1290341088142668,-0.03687257432648039,0.0016503508113601129,0.04603879979140402,-0.011658987479677307,-0.013879652845275814,0.024804401157780376,0.021465880649657265,-0.05218549098572112,0.006757117448955796,-0.011157887905937969,0.030123933400318492,0.006916204234585166,0.010484461964551883,0.012350493756059677,0.00022728999408627715,0.04219405647836538,0.01895060678543814,0.058829714649618836,-0.03779566715911642,-0.013949407066263575,-0.006198381160494648,0.04303235802854033,-0.026437706479555345,-0.0006143773443909595,-0.015033102832035183,0.017031572626365232,0.13632130760743166,0.011603351517397442,-0.00927437222435401,-0.0595075356027337,0.020048422073273287,-0.1841667938624596,0.008692981566127855,-0.010037578528226732,-0.00136325277708238,0.0050902076784495875,-0.0010379564341747027,-0.0053306144347970985,0.02437797881179904,0.01733871063515835,-0.05554463902626594,0.014127754106539214,-0.02846131962542131,0.006391994362957121,-0.02419708755701322,-0.048711218776197995,0.028564303667053537,0.04014308590012661,0.0473980032243162,0.022946829286865977,-0.06824685470064651,-0.34964452490567055,0.027372797010684735,-0.003806799659741955,-0.05188380322761077,-0.05813981097344367,-0.030034907056688098,0.010685335543712426,0.005491185982464231,0.017947351741099737,0.012901319992238314,-0.04649614073696284,-0.04008421851267485,0.013513341907582799,0.01054935902084253,-0.017602937131869112,0.016972588930229904,-0.043415381656814134,0.004789208862746364,0.07782018174702898,-0.003858104379105498,0.016761213006702746,0.01830515410233602,-0.0038274734470178373,0.04322060881008838,-0.018796731553038626,-0.04751882225355075,-0.03668535353244806,-0.03189243411929965,0.011050301474824664,0.023465827631298453,0.0002874411056836834,0.006894421409469942,-0.052805879319123505,0.006977696964440838,0.02213055819564147,0.0443728007721802,-0.011946210295718629,0.21806908166433914,-0.02046414060805546,-0.028962699852627338,0.002750429817751865,0.05696557741475772,-0.01894632855442069,0.011893562748809927,-0.06850804580790282,0.005698762508927757,-0.07737483816708846,-0.24592948309145868,-0.034832149235626275,0.008543510255094589,0.01109542598715052,0.058532906448704125,-0.020758083555847406,-0.08321018918832124,0.0832573813459021,0.012880463517831231,-0.03409452231153409,-0.007923033423772097,0.010709518552857844,-0.011482823229016503,0.019937563203939135,-0.0015153737058426486,-0.0023197945574793266,0.031239379452927096,-0.011382888166735938,-0.02700965508063291,0.07266829560353472,-0.022011443784663243,0.02813137189241388,0.015168978534347843,0.09882830712467694,0.01817902302047969,0.0020267928398425283,0.013916371757204615,-0.016648240569793415,0.06135551969646258,0.015360958789869983,-0.04000660536075884,0.03256213861914148,-0.043359331752981234,0.01877489821799827,0.003940750302717788,-0.0398789948033027,-0.004731938906843425,0.003506973397634283,0.057506718245349475,-0.00955011447558718,-0.02240975923541555,0.18861930551247497,0.006787714071833761,0.042698304907389684,0.01079309302758702,-0.05586753355419205,-0.01622717233840376,0.038941047095249814,0.021263118619344823,0.008153216412210895,0.05951190036103071,0.028223098993976237,0.012251345120148471,0.019532650789557238,0.02042369904665975,0.0840133604415314,0.020663318604420056,-0.03998601756620701,-0.0019330999571138818,0.04687923177516495,-0.013268747185975371,0.04872410404186667,-0.02966180739349511,-0.1502862727484171,0.011483353139965402,0.0009939737224158307,-0.025162838179880964,-0.03278080100881198,0.017617359035284608,-0.024929603856890026,0.06676626519856654,0.00889679242868624,0.013420130940858144,-0.007699704680362629,0.014123807213991313,-0.022992471011093585,0.032935943603661144,-0.021523209448105263,0.005201213229611312,0.18689674807978918,0.03614950669816608,-0.05748528159529087,-0.027870906767930137,0.04788080595608335,0.007467805293913443,0.018194733956534037,-0.015491155406266444,0.02910406538103416,-0.02122875836539606,-0.05410472260837196,0.00676844484587491,-0.031074605054527638,0.004936985423682927,0.03271909727664024,-0.114385009057969,-0.00914313923010468,-0.024624639858870978,0.020461824189283107,0.003229775825275283,0.022161819912071223,-0.02393925309399947,0.0074149383049189055,-0.0003699524565945467,0.005179550848197323,0.04374081160312926,-0.03844044700963423,-0.01874877170803302,0.040871508927011746,-0.007550253408226126,0.021471198125027513,-0.02694711782351078,-0.04099169740311481,-0.04382749684373266,-0.17640249140094966,0.00505614546182187,0.01859197565136128,0.05856954841431161,0.034665804592805216,-0.004434993709764967,0.014628569608248654,0.06579488804345601,-0.0421537425651195,-0.04740282423665576,-0.019145441066939384,-0.008226290385209722,-0.051345954787393566,0.01023368393907731,0.007186250589256815,0.016967134182323207,-0.016462906979541003,-0.005164978558241273,0.020883911884084227,-0.058573789589900116,-0.004619693216568521,-0.0035056796068602125,-0.0521067662580208,-0.002503717380022863,0.01468173735338496,0.032960599193756934,0.04650806150675635,0.02064800585822013,-0.009575385120115243,0.030123509065219878,-0.022038497616449604,-0.0666130950353363,-0.014153938923072928,-0.01937454636208713,0.03494892617595724,-0.07402483871692311,0.05250143060584378,0.0021391628861238132,-0.021773275216673937,-0.01768083614228999,-0.011629749736584927,0.015155940239765187,0.004628650993396377,-0.046885947453120025,0.04302528879122747,-0.053969494731063605,-0.012284007700145594,-0.01089081468171571,0.08159416647413309,0.037571935195046535,-0.013605520102373703,0.13494591412631962,-0.009585048373992322,-0.07532632880429446,-0.013682956523325629,0.03214074000561595,0.010504798414331162,0.14191802063362502,0.03137912251213493,0.05420838670579542,0.019313297553708253,0.049940422002691776,0.03844269838737091,-0.05115592539368663,-0.0005688707821036587,-0.052260085594753036,0.010715519565565046,-0.055070327811790776,-0.01797352081302961,-0.09516800932397018,-0.027549011029122994,0.041682796816530754,0.011652942398995947,-0.0641347537853676,0.04173370175067248,-0.020581248406188024,0.0019389526405575452,0.0037190566254139412,0.028526176462037256,-0.03605373933055489,0.028200932953041047,0.05721603937490727,-0.011724497317800342,-0.00390404993379434,0.017791625028621638,0.06198797890192509,0.060554922762094066,0.02389372080870089,-0.09583152920822613,0.1519408140352425,-0.057732116660076827,0.008085213433560057,0.03591329957362177,-0.0036146832394479134,-0.03459676391219091,0.011431106014242687,0.004910307301543071,0.010452652099047555,-0.004810191765500349,0.02313868858936985,0.04577320689213593,0.0013286018338476424,-0.02191463840392771,0.03184814944665959,0.015347446218584082,0.049721811185008846,-0.008282770619643998,-0.04269755750499371,-0.009903684991513728,-0.10000618177855358,-0.027918705218326068,-0.06359759879956073,-0.02540947390900783,-0.09143791853330185,0.07580828577602006,-0.0356589030776604,-0.02285424067031272,-0.045824054242302736,0.08843996910297847,-0.008260915433766058,-0.03659208693875371,-0.009980380020124358,-0.09104580253915628,0.01872221374833316,0.045005660622791765,0.003771278341901052,0.050459728794066905,0.000510784205289383,0.09360489425125706,0.015244587142660748,0.036357844704070885,0.27618168079061434,0.009186606394905539,0.04412662415688828,0.007872987389418995,-0.06081326312414603,0.05039865835578894,0.008975216535475283,0.04845552448866641,-0.029401954332570313,-0.13888635673720273,0.03484279026815784,-0.05222983726343955,0.025822286924267246,-0.006801137000365998,0.000118401307190652,0.026827215338016686,0.1013878787161957,-0.02432763341766986,-0.022511746458803827,-0.03126758066719049,0.07999722280828792,0.006109059007940232,-0.03049429369821155,0.048626285300542804,-0.0198788742625311,0.0019342177447470021,-0.06293292015584484,-0.0032588604043439773,-0.046641181023460376,-0.02232475670552958,0.021238881112140007,0.029296183816768462,0.024925988171617064,-0.027847395808748843,-0.017315833335487696,-0.06175767233264651,0.010716498819874687,0.014138292883671966,0.08048739384810233,0.00011608172553678742,0.0015018058911664411,0.23204868403536238,0.021213445766989025,0.08576480404553877,0.010530675232985232,0.001558726619805384,0.020023426815896528,-0.0009757748865126814,0.31161243860128707,-0.030668578582208283,0.0040942594439457025,0.0021003330257372,-0.02409526905466919,-0.07959672564311404,-0.06463727216032567,-0.009228572223946685,-0.012103900094984965,-0.010196431706845033,-0.014254436767259904,-0.006179138846391652,0.06269853727826558,-0.038093933580341854,0.16431681986750846,-0.060033984335404966,0.013787013115461377,0.0043705396965378895,-0.01777829553770971,0.01116351500604651,-0.012990599312615814,-0.05567145584177524,-0.015347640839536325,0.01910601237341325,0.008337509370562657,0.004020717955654618,-0.03346069600706869,-0.07125308515628603,-0.01582041348049268,-0.014693486185478832,-0.04421954555573393,0.003989276330855773,0.0242597842370742,0.2436436281996066,0.05389572734475223,-0.06916832953811536,-0.019209306659604408,0.0006036246290932468,0.0002095268755510915,-0.011268242804817419,0.021758664692242746,-0.0003420584585001052,-0.011689060134358442,0.004880150207782208,0.006493948832030583,0.0023924599740894337,0.01536403858790436,0.09682006017294498,0.05524448348660371,0.006710329282213934,-0.006501496618511737,0.0002631022325658705,-0.025819058628258063,0.0051069236078546965,-0.0015894688760340614,-0.053628081446277065,0.021315727900855563,-0.05291058628245082,-0.0026542733717178635,0.0550636779234992,0.12821328699828882,0.021833348983562928,0.004501433380937669,0.022045329280249604,-0.07674811865183528,0.0003089670597091754,-0.17381710641620884,-0.019241491210777895,0.013454232925141696,0.01694513773372819,-0.011788085543230409,0.03139729307258676,-0.05668655791760102,0.07559664523796528,0.007333720819588052,-0.01169619932261412,-0.06157206854550168,0.047912041450672405,0.03485817716591555,-0.03896808679019159,-0.051892618647514155,-0.04546819261122437,-0.001496642133588466,-0.056104442276591726,0.1956508610783203,-0.02517773344334273,0.00803111578716198,0.02920036730756692,0.02368214168745908,-0.04345548964280965,-0.07724723839965009,0.06080215943438816,0.10043014776147174,0.0005699948897017748,0.011400617979234084,-0.035756646192453445,0.02274526017754397,-0.03452380652379361,-0.017141419761173893,0.04456733798156165,0.011868941959164658,0.022421040889753385,-0.013919840558628493,-0.019327561178045016,-0.03129965369225829,-0.007162595305999275,-0.01924104946101579,0.00904433142113703,-0.045792516995334154,0.005428513681181357,-0.010533041240705643,0.07826799239046522,0.029261871736252942,0.015155562307427317,0.016694671496679803,0.04778367786821036,0.11569950431663756,-0.00537343419091485,0.003323923634525272,-0.04525536873904912,-0.0011760488214349607,-0.023769419666223257,0.013319995359779568,-0.0022107664744908107,-0.019872074926752248,-0.01607686040961198,-0.007230568434351881,0.02737412147462237,0.007043649087790982,-0.12150027749521541,-0.033361988671458676,-0.11364438389273346,0.029016197149758227,0.024667411533300765,-0.081956760545836,-0.00378465702772246,0.01676997705908434,0.053501819107623305,-0.09317128408110875,0.0016957934176389244,0.01928216933731619,-0.008033076889546464,0.22245775918690924,0.0024731464498017885,-0.008296669046217175,0.05528224652607605,-0.022466139035259403,-0.044786158240185614,-0.016579617507886724,0.04768449172831879,0.027366417784378427,0.013111507671737854,-0.03156673435131552,-0.0025629822421251447,0.002776727119453426,-0.05185034980695491,0.09205532158557617,0.01307011424250959,-0.0002840993075778897,0.06710879438054462,-0.02962450060294941,0.1619241876032902,0.05559097186232975,-0.019155779693846853,0.019261416314066082,0.04777073074365035,-0.06282102901218423,0.02328603103887872,-0.002053101409046576,-0.01925918050983455,-0.056201484563644044,-0.04409661081535887,0.11115083673757908,-0.02379367517414721,-0.017427159689304972,-0.006274747878251219,-0.02647359198522281,0.07872315929216711,-0.0290100286224515,0.031778725787262374,0.0023620175365977047,0.017790228205740277,-0.004900943600659957,0.025140461150385818,0.032884131552236795,0.0028893185681226896,0.011693469476085738,-0.0147033980138076,0.022811758986335917,0.06501650803966186,-0.03226649520001956,-0.03170257423801104,-0.0060460849690571195,0.006474386394984322,-0.03693362008380063,0.02069623340275939,0.006118779711641764,0.011406014554040667,0.07966596421101713,0.01179033226253523,-0.03054241381681777,-0.08304688579801223,-0.004053794989886228,0.006822198445433969,0.039491784128586005,0.004529961033085783,-0.001996988314886039,0.018148033906527417,0.0036817661271015822,0.04770211016875692,-0.0018340614587941673,-0.0014143604214496008,-0.019664122207473156,0.07334743333137794,0.08080483922412895,0.048553403163168696,-0.037655819347719444,0.03062681387837074,-0.015919350752483297,-0.11203807572746882,-0.012548913381579041,-0.016617958475762862,-0.00586233439784678,-0.003654399776678474,0.08007656994629997,0.08285107253050228,-0.025418988586807245,-0.10454259358539275,0.011899637580427225,0.04592990910714434,-0.020898570406984618,-0.02493348684083685,-0.014680800186397391,0.009268489884107112,0.05324333542375825,-0.04666330889949677,0.06390542971485047,0.009113218517086352,0.03295053545389237,-0.1337915231997613,-0.029200574548667646,0.06309691342812584,0.04997174747586541,0.08390296668403607,-0.044627746319974904,0.017886711112623743,0.04295513872784795,-0.08437222599968663,0.09865393764584951,0.00637608457418537,-0.0171310724435898,0.050528993915122555,0.0859654435171251,0.02125861206513946,-0.016476776596391574,0.043102004661704996,0.003593749572246452,0.022751553745820274,-0.011397855370887555,-0.04740222035434272,0.11466350036835138,-0.016219344109742906,0.008079881723460858,0.005634042031488207,0.06202562385715282,0.033504766749956616,0.03247006301899091,0.033645110870565986,-0.028826870058765053,0.21586504654260352,0.0026684348240451072,0.03048859209548027,0.13394305190377054,0.006261020429519704,-0.08660555439746531,0.005312703887284442,-0.04319603241265213,0.09972853212730115,0.045121199189452454,-0.04255687343538739,0.03535221706624725,-0.021087842051201733,0.0360461814093469,0.0004379291917757655,-0.039647512712690514,0.05658656061586953,0.041873677881085314,-0.07211224009051875,-0.0261744081467441,0.0053223812378746516,0.020606163358479535,-0.01590058326110011,-0.015382917601982626,0.03106472639774438,0.02531702217174825,0.46044288745179074,-0.018499115694112334,0.15836692701014954,0.055294885111834446,-0.025015152492187553,0.04114918162485992,-0.014395390923709783,0.04518022998854576,-0.07537765060124002,-0.013812300280733325,0.0006913501783856191,-0.0018444779316268978,-0.057798602125330945,0.029459991626936244,0.137878372477644,0.025650862762631732,-0.05005274207360344,-0.051379841662310355,-0.015869030521571403,0.00023119775960367406,0.0773924311333758,0.007915166850580135,-0.004546622830275737,-0.03215379574976396,0.02147038921384592,0.02309082795051154,0.0033390050375601277,0.01403223960289779,-0.001293244542694083,-0.011760940262320219,-0.07278552795833093,-0.01056794698615704,0.017355253659388836,0.025715597645103117,-0.00748606898196158,0.014632270160291228,-0.05379129552613904,0.038786504410381895,0.040381917411934865,0.002794083718526963,0.012973974481063522,0.018447282838224055,0.06428361989219411,0.01133467439785818,-0.03723816663841717,-0.020013527569062717,-0.011273165015154518,0.021491179360054957,-0.005254962854451151,0.00351276583762683,0.0186648170947592,-0.09411955969335395,-0.01470138843251334,0.017409343300641922,0.096649760776927,0.004550255180902241,0.02437217000988312,0.09280340657551278,0.025524332793338544,-0.006678440545329067,0.013002436057831801,0.020723443635347394,0.024458945696096634,-0.044766694998543244,0.06064713275191025,0.003602017962748505,0.0568555637873942,0.04464513313087082,0.010156396050660987,-0.020787943023151456,0.0051229048549430445,0.010962116732400773,-0.08974223019868077,-0.018334526147555152,-0.08330899085376586,0.036041493873881336,-0.004401644984682207,0.003392167309357319,-0.01718572648337613,0.020971582762285834,0.15051965881957585,-0.04766212512913626,-0.04023066722220392,-0.11771157471594051,0.030498034961283338,0.04074661483264208,0.02732495850068517,-0.0037006160912369523,0.020696801268627496,-0.03396745000100054,-0.03968208989317645,-0.030768303754484805,0.0023850248217058834,0.096483332310072,-0.07610510991798947,-0.01892163272077596,-0.04269698268808497,0.13805073058210837,-0.024371213572749184,-0.03634207499544573,-0.00885444597042806,-0.009053546615177765,-0.01629957457043929,-0.0026322762605559547,-0.05423622947091644,0.058799210176402994,-0.00890096795910722,0.029816862652751297,-0.0413077993580373,-0.014964910093340222,0.01795700339744144,0.01705926511567668,0.058943056586940656,0.021853212506584896,0.0005314429417921929,-0.03469849537941627,-0.0036230786063242704,-0.016355828452276455,0.01975659102481586,0.015320249644901196,0.015781518628500635,-0.022610316038935707,0.021181563807658677,-0.028988482940803806,0.05710880546575936,-0.006951357209800335,0.019807584462796513,0.004759802379339817,0.0015209707572694242,0.1489876529594767,0.031019693723465025,-0.030299267467853497,-0.013816556640449562,0.0021791384037896933,0.015080494003086642,-0.042727559013201244,0.014674384112822736,0.13908314290245016,0.024968769033421268,-0.057263100030468195,0.07789269920908737,0.019442152726696804,-0.021642895401328133,-0.012876096478976251,-0.008175791036592273,-0.0360437811450538,0.03388865482247638,0.006894473112879496,0.026373857836915704,0.04928816550545889,0.04538838680809931,0.010483028238013503,0.004867005594405782,-0.012071826375176897,0.11980159018821723,0.007863431531404785,-0.09114174805654329,0.0166571881627533,-0.006034843853512939,-0.020050862307471107,0.13901379773960798,0.04070098540705658,0.015541493437922327,0.02715734345929377,-0.09453145693441911,0.0027792902552619125,-0.003935228871569052,0.07082110036208178,0.0626312432625582,0.020179955135972705,-0.06068262837743532,-0.05238021979073437,-0.013144422275672696,-0.0013342706785692826,-0.03671500436030328,0.03704980603458807,-0.04109187509857293,0.01476181210273353,-0.013049453312760306,0.058252124130376615,-0.013875616546329184,-0.018834114647006572,-0.006855681867364183,0.0010269161958831319,0.025259905467464705,0.008684226450668575,0.04354934669936483,0.0014503809544521573,-0.008627841044813067,0.017860017342172796,0.03604718429323839,0.2354610932338801,-0.019187096073437715,-0.03626801235122912,-0.005207857266213978,-0.02203422294496704,0.03110992564671733,-0.01236471123127103,-0.01603274098579277,0.029376686959039944,-0.0005958328590622841,0.014882044049045362,-0.0013295261258008395,0.008994772277219454,0.002033253977970162,-0.015823108777112793,0.10000774703701154,0.029572821506917535,0.02958941962742756,0.02822644042680622,-0.02919210018205831,-0.06881028399357092,0.06343220189751264,0.0814286758977687,-0.006829006890257006,0.029708913309150375,0.005546806213715172,-0.05569065442250576,0.05158855318586575,0.025302472826297162,-0.014881356967634929,0.06058104385556362,-0.2642930040065039,0.03678800469060661,0.02865261101010219,-0.050456906828912906,0.033059084559909024,0.035608389130175055,0.2886955900976318,-0.04088615461620293,0.13676613694588013,2.1750868595127315e-6,-3.4257814629772704e-9,-1.1267227333799923e-5,-1.868724773118613e-7,0.0004684916314374732,-5.5715448308291116e-6,0.0005238765963042624,-1.2953492413370071e-5,0.0014617772866927226,-0.032349121998777264,-1.5573250031486463e-6,-1.9993892604909524e-8,-8.90108004303336e-7,5.150775391760121e-6,-6.1436116532628815e-9,-7.540610978782215e-10,-7.62163390073678e-8,0.0003932816385372462,-1.2660903089389136e-8,-2.9123395870467306e-6,-6.430987081706974e-5,-0.00010059056384648102,0.0003552355873566171,-1.4311687720619375,-0.290688192442758,2.0962902155113872e-7,0.0007587567835400932,-0.05734965207284404,2.3861661216928454e-6,0.007802169501701428,0.0007256190640418936,0.2148993764565148,-6.123811420399861e-6,1.709081067247098e-5,1.1056257120944935e-7,-0.057847659722028766,-5.4395941809053105e-9,0.0009814464625890196,-5.445563447725732e-6,0.00032455413297327596,0.0005553291101136892,-0.03687271492344735,-0.046437881492011,2.870141698529949e-6,8.140221488817101e-7,0.011953220946452348,-1.0545797855421313e-5,0.01199975777308282,-0.011818596630291722,-0.9308366828245198,-2.0393389473571943e-5,-0.2532055462761491,0.0130276838229193,2.6145166555302524e-5,1.1850945940139468e-6,-0.0004213631272840246,-0.049640174702290096,2.311248111022679e-7,-0.04332545199940796,8.588257836006363e-7,-1.9326392781127133e-6,-0.00015515376571784145,1.2150924217912973e-6,-4.752243194794392e-7,-8.265347534575085e-5,-0.0001419766797283728,-0.0007394427743747656,0.010882186006483607,0.01569688734889496,-8.697970769411256e-6,6.71697754501821e-5,-1.6049063189527146e-6,-7.341874978111784e-8,0.009167660873856676,-6.340916699709709e-6,-2.1316477378796606e-6,-2.091254151292965e-6,0.00043099144802738465,0.12000748757418478,1.1790493982255512e-6,0.00102452767032446,-0.09665851338286302,-1.2852738321926154,-0.00017820345775554358,5.89883783722045e-7,0.06377408252706118,-0.5792519864689893,5.957940913514648e-6,-1.256631483523285e-7,1.4507956523912569e-6,-6.232858370047722e-5,-0.0007547241103793567,0.0011989194796946379,-4.157531173065027e-9,0.008069905160937196,-0.5581742144786404,-0.028510649155577994,4.794869649993316e-6,-1.9655630659975998e-5,-0.0013833546677233244,-1.093882162961357e-6,-1.532016042604667e-5,-1.3236032829322397e-5,-2.1925362325182773e-8,6.463948274415543e-7,0.0002978882689603779,-1.4954159095054154e-7,0.001251185744777672,0.0016154649509871888,-1.540897251808837e-9,-0.0005927453907403901,-2.273145151931999e-5,0.0003441098680809773,0.02358043229321538,2.758409001657469e-6,6.970795968230803e-8,0.0004318314466473794,0.0012008361181017335,7.252709610749974e-5,-1.3634754541934357e-5,-0.0012434061959538667,-2.3837199412901633e-5,0.0006861721015241073,-1.1298813904714322e-5,0.0058683961688075215,4.803809893871858e-6,-0.00011131005884124079,-2.627070510262397e-8,0.0005158071626425453,1.4476853412714874e-6,0.018907990130173857,2.0516489427357953e-5,-0.0016451781396540355,-0.009962432309293945,-0.0002295940518450834,0.0005339955077374725,1.885730258166518e-6,-0.0002499768593935414,-0.002370582258208742,-0.1675100101492717,1.8349348116528195e-10,-3.228611113137436e-5,0.011122205587753342,1.197075544800974e-6,0.43625270748998446,3.784312032291989e-9,-1.1570457441332019e-8,0.0007368111355745555,0.00010900891955500924,-0.00012737487608660558,1.4657784527916107e-5,0.005620527728751767,-9.105527052821749e-5,-3.948869693910784e-9,-0.20137041517182297,3.271781556790643e-8,0.004783733586464223,-4.102726572696724e-6,-4.0363457624870147e-7,9.711474593665503e-7,0.0005405742626152232,0.008310136306135973,3.4686156986651895e-5,0.0013988413441552439,7.224522911332409e-10,-0.041689334953062485,-9.46705475644849e-8,-2.9305211948077448e-8,-0.0027961647479060048,3.173261045206696e-9,-8.64689096886917e-8,-5.408676352711833e-9,0.0001334628836389129,7.737542669516984e-5,-4.1781049114675284e-5,0.00010120892292064809,-0.1334760374520556,-2.8691327790486554e-5,3.9069438255268096e-5,-3.737183073138084e-5,-0.0004085764734895747,1.533518352636598e-6,-4.232182910790527e-6,5.55396071411085e-7,3.06734401140929e-5,-5.97868137508506e-6,-9.252997852349232e-5,-4.0152557716055526e-5,2.747283706483472e-5,0.008696654691220829,0.018970043298395467,0.0016414224051573,-5.291071671820191e-5,-0.2533665586997813,-2.9562550187337e-8,5.64943805930751e-7,-5.906742410292931e-9,-2.5670080558426456e-6,-1.5716854309566486e-5,-2.436058294114085e-7,-4.495519549500837e-8,5.939730366666396e-6,-9.326975410756111e-9,0.002806618545037054,0.0014349288809398786,7.295542938934307e-7,0.0069178612194633615,-7.165875442893821e-5,0.0016472341146140934,-8.975396061355195e-9,-0.023835270672861952,8.044071447343981e-5,0.0001693594442997437,2.9684763870330144e-6,0.003391607230696536,-0.015344188437666162,-3.391258053802443e-8,3.5034893130614364e-5,-0.0007699133561800409,-8.772432033765654e-5,-1.4308726792878588,1.948558232012232e-5,-0.00033073026673946515,0.0057854059705277905,0.003139515041652885,-0.12265705044410424,0.003723809173493464,-0.00010657639682776221,-0.026915955293588922,-0.31921574679290643,-1.9644624582149106e-5,-0.26258392383465434,-1.70477009878503e-8,-0.035945106252256664,-0.06166615769143391,0.0029419021855119354,5.555239126042721e-6,-0.0073530195932107745,-3.4054654818316266e-8,0.0003241025549840515,-5.469744822228506e-5,0.012470923001160372,-1.3184705915936235e-6,8.095821964815286e-6,-2.0430434227725058e-7,8.033828718723157e-5,3.621936580877616e-5,-5.8607647013264597e-8,0.00013464120883810438,9.368118551456028e-7,0.017960214105187333,0.001430807380643273,-0.001000718413706636,-6.988401629604013e-8,0.22231645176907477,3.753567299868976e-6,0.0016512763686478138,0.00039654557224366727,2.6383425906217894e-5,2.8801332334182916e-5,-1.305513210247966e-5,-4.592474892178844e-7,-8.371841938581426e-7,-0.03490880018580356,0.0010791840405985909,0.002134705151433991,0.002146336062537557,-5.951983668428529e-7,1.924317101043016e-5,0.00126878087348814,-0.01279663444529433,-4.4886658794318635e-6,2.12127783756344e-5,-7.677087299423971e-9,-0.01821495634612802,8.932016584140001e-6,-0.00018142158917910933,-0.00037145823917228427,5.589243013481848e-5,-2.7636800096209058e-6,-0.26843703852500767,7.495959937031671e-5,-0.02643683678616071,0.0005709905256026104,-5.097258367059432e-7,0.01564718339341198,-0.01463287307342398,0.01011533443670487,0.006921967304606369,-8.96734155597656e-7,0.004345864959759638,0.00010014425902937774,3.7135862020476473e-6,-0.4018125854272512,-0.008897616738977376,-8.805988738203041e-8,-0.0007089531487167733,0.0001399681303411171,-0.2967346984114556,-1.6062750993021957e-8,2.7503157642438936e-6,0.0024943609655565524,4.384576206328816e-6,3.58198861682979e-5,0.0004954881045549087,7.315817315145523e-5,0.000105366902289461,0.08709927173003962,-1.0529942191805919e-7,-3.7755940160533186e-5,-0.045193216550615034,-1.2328034273544758e-8,-0.00010878081369725123,0.001005218386069373,-1.8430672560909578e-6,-1.8618559777250354e-8,-0.00010709224457627897,-4.0766311018569645e-7,0.015531073298006959,-7.339311860476982e-7,-1.6614596351161026e-5,5.618864132306278e-7,-1.8242783082822456e-5,-1.7929887463630223e-8,-4.974732988038966e-5,0.05858964514345644,5.248218764819512e-5,0.09459443198284134,0.014029226491402369,0.006548767318122373,-4.6636893991092165e-7,-3.8361358101646204e-5,-0.022523333322169492,0.00048145552986511575,-7.60283047293326e-10,0.002912960714468227,0.010397043368357117,0.0006510555036811638,0.0005279631858456924,3.362387447758408e-5,0.0002540190625950345,-1.296350727979234e-7,0.0030591740916179333,4.935970898012343e-6,0.0002756560393279983,-2.1482456129956473e-8,-1.1541227870282e-5,-7.093741882513438e-7,-9.839881765297265e-8,0.00045022055195431676,-6.239596101043077e-5,-1.4744005895524215e-8,0.009405381842498173,-3.0991740803676393e-6,-9.464046817897476e-7,6.514277850477868e-5,-0.03440266821053228,0.00039268151880378355,0.0022470085033319265,-0.003428746352142298,0.004799487530135593,-0.07673196249015746,5.5946486304803145e-8,4.103129619714707e-5,-7.974548026368211e-7,-3.844919850304893e-11,4.784186096173926e-7,1.4508553826397819e-7,-1.1915924455606728,0.001509574289487503,-7.362379020325882e-8,0.15305901108604303,-2.1452208263661454e-6,0.00789187170630612,1.3955402891951962e-5,0.00024022242666887905,5.57124990779867e-7,5.658539508623939e-7,-7.990684901411881e-10,-3.1980959234623185e-5,4.5905394255640886e-5,0.34428199304966256,3.187782495395197e-5,-9.232289958915896e-7,0.0061650343548080855,-1.1619416676045269e-7,-2.1687107590651067e-5,-2.3972630205926215e-7,2.5788673478632784e-7,5.5858664108399125e-5,8.811572566713721e-6,9.633917412155135e-7,-0.7451254828920355,-1.358549379715246e-6,0.0022713542896326544,-2.0350165097667017e-7,-5.793722486838182e-8,-2.1017363021069713e-6,7.91389512588836e-6,1.3463426937199152e-6,4.246327185153387e-7,-0.006654147946392186,-2.8033599081211946e-5,-3.9980956340751606e-8,-9.627499670727957e-5,-1.128090118263092e-7,-3.6373411813755974e-8,0.0018110369503432366,-5.037363734992917e-8,0.1159752607709379,0.00010834024985229007,5.480594381213066e-6,0.002198601506393061,-5.7566805367059715e-5,0.19578250572521938,3.557008820154195e-6,-1.9235835051478745e-6,-3.566505912475093e-8,-0.0006355674695441849,0.0009126700954027456,-2.777239105616197e-8,-0.1687672211592144,-1.013107396374835e-5,0.0003051107040050738,-1.8538525931033334e-7,0.05146799478916364,0.03575437344625243,8.964025691948763e-6,0.0026182599242758897,-2.047585669837093e-7,-6.224442688357312e-8,-4.3705040143893203e-7,0.0014504201263889627,-5.401687069861438e-9,0.006476228006590645,-1.291238139911055e-6,1.9794074841428255e-6,-2.6050560478996232e-5,-0.0007244188922754802,2.4009491596643784e-5,1.146942001373219e-7,-2.3194613795851637e-5,9.964604702972224e-5,0.0016898066727435435,-0.08183548119086481,0.003955615290806236,7.043716236276865e-6,-0.02130940639169676,-5.0843553290810806e-6,0.10293026204817579,1.586366083883295e-6,-0.03960293358977651,-0.00039970026325164554,-3.732924250439418e-8,-1.493676668878896e-7,-3.851908058905007e-7,0.12858104538463522,0.0002617840870442478,-1.0292343841783458e-7,3.432695254090845e-5,-1.0618859348085152,0.02886958007911744,0.00016012223639449985,8.354733317617047e-6,-5.273708317543591e-7,-1.2792155516805348e-7,0.004240660413870501,0.032095708815859325,1.807907548556642e-6,-0.5347657497495675,-0.24502302020482603,6.281031153498873e-5,-4.8984923380155504e-8,-0.8661173424261506,-4.3541967197600895e-9,-0.00034363113406499224,2.17531907260593e-5,0.000527037453214696,-4.539744459108874e-5,-0.01146016285110818,-2.225320323775981e-7,-0.0008562389994040132,0.0025261874879447532,-0.0008103686249114617,-5.621532856325828e-6,0.00775564265398998,0.00014212839923288811,0.024565583058574703,-1.81341338976182e-5,-0.6488424801209476,1.321973985835001e-8,1.2668406440541347e-7,-3.3352058606203605e-8,0.0008772719272940321,-2.7080457144279535e-5,-3.0098967489233797e-7,2.9834863302768966e-5,0.004715031314390217,-0.000717368879328717,-2.984651617000955e-9,-6.755358486791249e-9,0.03354314480111498,-8.686106801880644e-8,1.1818132747976051e-5,-1.0032850449315234e-5,-1.7144990098645618e-8,-1.9556899970990527e-9,-8.820459958941689e-10,-0.0813953145670041,-0.008611845021732734,-4.22593014179351e-7,-2.4631265092833754e-7,1.4954525227484083e-5,1.213076525063972e-6,0.00010796797505818745,-1.0033262608753757e-8,-3.416405955425361e-5,0.009148716546405922,-0.017119968395491014,-0.002258243199264598,-4.14293007539035e-7,-1.7961222530393783e-6,0.00019549138997376758,0.00018989613545272732,-6.748833317193892e-8,0.005015999275116201,-2.8148319056175986e-7,0.007330030051434733,2.4891623936262874e-5,-1.479768063725878e-10,1.7942874516729823e-7,4.0428000795067476e-5,0.004117952479646192,0.00021747962172469215,-9.435050290964447e-8,0.09981083128150203,0.16833111850428395,-2.358838648193473e-8,0.0016258090175256257,2.0035655272643282e-5,4.218796732402552e-6,2.061194939528832e-5,-0.04074684766237624,1.3159731408751707e-8,0.00041552688065848997,4.7225783481041894e-7,-0.0033570849473107955,8.05807895742916e-6,-0.0009925709110376602,2.3767634427240836e-7,-1.2790885127976492e-8,0.12125988312982372,7.830968310429398e-5,1.451214575107218e-7,-2.448725490822312e-5,-0.024629545673633402,-8.202749881114357e-5,1.889898282869673e-7,-0.0013957812647937828,0.0002568774963762621,-1.0101891765867954e-5,4.057850301553145e-6,0.0002952394564559313,-1.156344900277162e-6,0.00010000785409403079,0.0001831602602422322,-1.9941520567473559e-7,1.419895146848038e-6,-5.843552293161025e-7,-8.50277566844665e-9,-7.851465306032979e-9,-0.039173082943307236,-4.879668733970277e-5,-2.085720208366837e-5,-3.2901336062263198e-6,0.0012768419606459247,7.1082313946035924e-6,-9.434345395220589e-5,1.147192691397514e-6,-0.037091185441568086,-1.2588194880924775e-6,3.946933138543329e-6,1.4842125981573417e-5,1.0225909107097753e-5,-0.0034881010296885506,0.05819564410057865,-8.719643425705859e-9,0.08743234566281899,-2.852585237178573e-5,0.0019412396778619723,-0.00024162446189279763,4.163253858990856e-6,-0.0028352088488645677,-0.7979438993679651,0.5735081636576069,-0.0007289500712177599,-1.8229283500759141e-7,-0.004545821252577298,0.05338214477319525,-4.487371026762332e-6,1.7068410628449937e-8,-4.654728947423026e-7,0.0009142290628574301,-0.11371346095984336,0.00012300614229587836,0.025569447991074412,-4.446801368573894e-6,0.02258076956820787,-9.812239631749875e-8,-2.9025354208567222e-5,6.281886228975964e-6,3.135264629210502e-7,0.00015814448214612753,1.9585770211882902e-5,-7.874774443639154e-8,-0.08823577167459007,-1.5396288335356445e-6,0.0007511578201828684,-1.295206201867849e-5,2.7348363785817398e-6,-1.256827137918748e-6,7.290173090201968e-9,0.0005172419311065823,8.260042869689954e-7,-7.255215164758688e-9,-0.06554525342653506,-1.3767250234053563e-5,0.25624750410497654,-0.03973756205778045,-3.338401022678905e-6,-2.852957072807527e-7,0.0016356019823433599,0.0014435437614679358,-6.494830855879874e-6,0.0058669696572906105,0.019975200599219534,-3.747149840069297e-8,-0.008785379428445594,-1.0734948269544575e-7,-7.828349747551755e-6,-0.038518472762916645,-1.2677052808537925e-8,4.547950295443609e-10,6.340250774394818e-8,-4.0021764135395044e-8,-0.11421173591060096,-4.0595542243337945e-5,-0.05383644847461255,-3.0636732990529936e-6,-0.0068237809482525336,-0.011248831237708146,0.0037003209554882233,0.08641013333090086,-0.00026332767226477927,-0.16674474599130917,2.9780222053910066e-6,-6.004947769788771e-5,0.003958645697821339,2.497988479177593e-6,-9.669928975331032e-6,-0.0002560894943144376,0.2434391786971446,-2.097427817204789e-6,0.0038834342817892775,7.695291045356489e-7,-0.8735868187068263,-0.00010310081321129871,-1.1819663374261491e-7,9.058382474336213e-6,9.454232356986836e-5,-3.0923903708568456e-7,0.000138642898349417,-0.00023663614965130364,6.013069913990421e-6,0.00014183770386466676,0.0006355458610158848,-0.005257880506860602,0.20187353360415727,0.009068141333727908,-1.7337462108746315e-6,-7.952406732257555e-9,0.0003505985345100271,-1.2385960688728395e-8,-4.390589586344973e-7,0.005944004010416393,0.005517459009865888,1.785900975992405e-6,0.05638745509895671,-1.912431320028052e-6,0.003918029954093072,0.00012667777017583148,8.470202119692516e-6,0.0006760451173022375,0.0012658302168944147,-7.257329438736804e-6,0.00033725317379662556,-9.524503471425305e-5,0.11654133602678485,0.004533870296043574,-8.908636712438162e-9,0.022694757988574565,1.688402202004724e-5,-0.2922823767803493,7.924049958557555e-8,-0.00010539802718767532,0.0008797937192071004,-2.0264686214632732e-6,-3.559298447641801e-6,-5.9907579881723905e-5,-6.483765200016034e-7,9.876778955231202e-5,2.036289605911179e-5,0.04329421188526794,3.5157767928911286e-10,-0.011095792675860139,0.04401587982283672,1.0590897034035152e-5,-0.00021633647089913666,-6.128418827966442e-6,0.0022959090248377834,0.00020139791708118082,7.528009154267323e-6,1.736404649163581e-7,-1.595768097197893e-9,8.644979434535571e-7,0.0723047258288716,0.0055081567703609835,0.00032453429849610416,4.66188650207755e-5,0.0019665871722907013,-5.548209034995227e-9,6.252280543606048e-5,0.005490332528950148,-9.255593042267751e-7,-1.9530308018392284e-8,-0.004824273748909036,-7.833474572477295e-8,1.8605975187629964e-8,7.866049165083933e-7,0.005326734700815905,0.00015980375645696654,-2.6200587602831504e-6,-0.0009750747917678382,0.00034170695084867475,-8.785305873448834e-6,-4.643524312952785e-6,-0.09535114706886816,0.019455327390460297,-0.17291335539266584,-5.161249096719001e-7,-0.7581096131198137,-0.0067633030035878505,4.7186638028051675e-6,-0.01044320310393232,0.0005141495623490755,0.00019109122271032675,3.1129761218551266e-5,-3.921537746087722e-6,0.003011715724710484,0.00020280996059796053,1.1596310876882399e-5,-3.900315237359564e-5,4.592857058005606e-7,0.0027186480295995352,0.0013785441011009425,0.013649367036578042,-0.29653362992166876,-4.5379394327582645e-5,-1.8596972450879434e-7,-0.0015311381976061966,-5.7157715602218495e-8,5.827515772693914e-5,0.0034462243744428633,1.5258213773017282e-6,-3.854837818950685e-6,8.151447543980339e-5,-3.535215758976307e-5,-0.00024123714329959967,-2.196252961161882e-7,4.069375909465656e-6,-5.091241524191048e-5,0.00026068351354524566,5.439783728501679e-8,0.0005862737377242411,0.007559568725241661,0.0004336869559722345,0.00849728480397971,0.0005398841507044949,9.190823773153056e-7,4.902294655995121e-6,9.28809871028613e-10,-0.000616631773468157,-9.12281778002455e-8,4.700945264879408e-5,3.67315894801018e-9,0.5723592951108003,2.5042419988813985e-9,-1.9038251359085323e-8,0.005533267610189796,0.01496522165780334,0.0009364220244663102,0.007518805392265904,-0.010840975484370574,-1.8644671088280385e-7,8.577272161414129e-7,0.0031199325596844574,2.3215046796032368e-5,1.6163544178326994e-5,0.02526846886439671,0.03909806051410669,-1.0476666681413782e-6,8.640474871413062e-5,0.0014410002689260182,-1.0138604481790825e-6,-2.2881496019970526e-8,0.0018620145166892144,-0.013924781510468165,7.929747462931402e-5,0.0005176958550450195,-4.2459266271777096e-5,-0.33294385332555976,0.00010996213080005646,-0.0002941514998298089,-6.035365164858142e-7,0.0005068585974328244,-1.4428427904111807e-6,-0.0005612064129962846,0.001982545840576222,-2.343071875010594e-5,9.0147425622078e-6,-0.0017547272266753566,4.158344087124011e-8,0.00019776727958742413,0.009555512466704386,0.0006421758225769736,-2.452307829803324e-6,0.0014489881972963303,1.9666807169471667e-6,1.1332258737506429e-6,1.4745356493872652e-6,0.05997560783998779,7.263162257853395e-6,8.89587463461794e-5,0.0008233817827374423,-9.895521573335953e-8,-0.00016072879540374174,0.011872966215150882,-5.898755960909163e-7,-7.969653612396876e-8,3.5955872199622263e-6,-3.962529828288597e-7,0.00454714292936842,0.00850706057616435,1.390725481220656e-5,0.0234464868598252,0.00025545221798495277,0.026888625456649606,2.0095933109254283e-7,-9.445517317629992e-5,4.78578089655457e-5,9.636621268072076e-5,9.607554543800134e-5,0.00018333630848132998,1.0052826364681522e-6,-0.0009852046362084366,5.304114212023592e-5,0.02163064429350925,-3.843825198801554e-6,0.0008468700029879983,2.13840622553807e-6,0.000412619116929136,-0.000869590010296406,0.004443978562960638,-1.301265237473037e-7,1.0721780991929108e-6,3.72722461575159e-7,0.00018770617899122044,0.0020698629392654766,-0.03637856955174357,-8.160447276850391e-5,-0.18652151611604495,0.007793157283686014,-0.04908903562682099,-1.8466885040579655,-1.2089652453445288e-7,0.0003023965210360302,0.003566612193594665,8.239019218336807e-5,-0.004887373097972159,-0.0006967319328765598,4.512896643799058e-6,-1.525811265778998e-5,4.507011691856633e-5,-7.146473543784282e-5,-5.4437650113259295e-6,0.004611124595726324,0.006830627526369426,-1.6690335226776654e-5,-0.00019975475117917085,5.978301310938239e-8,-0.4433196796999255,0.03410764403633948,-1.2223605387704384e-9,9.419349180461722e-5,8.549326471118945e-5,-0.3353644087037537,1.596202472509134e-5,-3.86894952603134e-7,0.0009189803779463546,0.001999061786975176,-0.014552688946338321,0.002828571051907147,-0.024971428978460608,1.7549047688358854e-6,-9.190456516927625e-6,-5.622571259245035e-6,0.1058803300575164,-0.0871705803410805,6.929166993074887e-5,5.803712764124169e-7,-2.045404458392991e-8,0.007185296646738948,1.624009929659942e-7,-0.00012663285573921712,-2.5330758120396812e-8,-4.0218614857923107e-7,-1.5479539616433668e-7,0.00015624404505842904,9.823227004740476e-8,4.328623354199479e-6,0.002162098588257777,3.899912845994891e-6,0.013120167282750117,-4.289572597647451e-8,1.4240828768663505e-5,0.026844776743018883,-8.10599104809559e-9,0.002364624950587313,-2.681651191660528e-7,-1.5207832407011096e-8,9.042046522200059e-8,0.012402581898641074,-0.021739859777881065,0.0002423920714562655,0.0003614684675881108,-0.33319369725722936,-9.067829272180195e-8,-0.00011628350990910974,-0.0006313509244364468,0.007481803796963504,0.00016928291938711482,0.0005020755530438237,-6.397530321677891e-5,0.05314929325504636,0.0016372002190792045,-0.9505317626462784,5.2402979303090014e-8,-7.885634757398563e-7,2.445248231452979e-6,-2.5502217533904248e-9,-0.0021980808742227964,2.4816510389769064e-5,-0.05065958452178165,-0.0005835118807908657,-4.076282016374222e-6,-2.658850556969128e-5,-0.00011586901095483881,1.3912873177091e-5,-5.002345577209688e-7,-6.955216768494976e-8,-5.1394065867654826e-8,-3.208731897252903e-5,-0.0019646154232759727,-4.2532818707308184e-7,0.0013284139138818318,5.494281418993996e-7,1.4769964776562006e-5,0.004013224643131252,-6.903294329774212e-5,-7.994206985828534e-7,-8.949590104556648e-7,0.09645477843878325,-1.0700887145276283e-5,0.0001097159952223592,-3.499916657045965e-7,-1.0337834087728592e-7,-3.046974873299746e-5,-1.5919968380032068e-8,0.001407761523296358,2.0487064180230163e-5,-6.05728695701746e-7,2.158014161590671e-6,0.029114042150467867,0.00022818193883722415,-0.0002034203898801934,-9.172717868252689e-8,-6.777995712400897e-7,-0.4436863216687925,0.0006515740636814371,-9.959134574313855e-9,-5.013604882165082e-9,1.815964356621791e-5,-0.21275495829468127,-5.135465400707417e-7,2.9575939900494674e-6,-9.240499028173588e-6,-5.604060343000761e-7,-6.70232223262679e-8,-0.0005102065192943428,0.005092641044711854,-0.11979966147919185,-4.962960730381383e-5,-3.4020739114737353e-6,0.0023678443612880073,0.015584446966386167,0.0030486602263408713,0.00038103545215051327,0.09422229311894625,-4.328675331372045e-8,-4.333019639922095e-9,-0.00019685037187855414,0.00046203454738247274,-0.0005769288098917968,-4.087740947122942e-7,0.02163531917904038,-0.3044372899166774,-4.257069594088003e-6,3.310761860497724e-8,0.06884338946110802,-0.011186322071807808,-1.7633434200303721e-7,4.178687663669578e-7,-0.08352652938629035,-0.0003218043693777872,2.9947339514002635e-5,0.00021284595936776896,-2.7123499808823226e-5,1.0306592907460832e-6,0.30288253765320405,0.002759690896596112,0.0011935221982071198,0.0005360901196809209,0.0001989232755050807,-3.570776488728833e-8,-2.7076962201277865e-6,-7.588521143464533e-6,0.016410891794294002,-9.563048820274839e-9,9.76228324622852e-7,0.08683109330013394,0.005610550077562948,0.006844012568762992,0.0007544670584138657,-5.035165138878028e-5,3.032850917072949e-6,0.005840390537741769,0.0005174685161932757,0.00022854205273858952,-0.000244985506654416,0.008344380414200714,-0.00031483545808441704,0.00026562661093976203,-6.737643825971418e-5,7.940284353935567e-5,-4.915983192743667e-6,-1.3962363165816172e-8,-0.0012617019767162674,2.8098913499974287e-5,-4.365976889048051e-9,-4.216019926618977e-9,-1.5410189109221761e-6,0.0003774843665382832,-0.00022364751720260756,0.0005073463532880851,7.682244491102885e-7,-7.669537670551563e-5,-0.011058022168072057,-0.0002189492921047531,2.983528015576553e-5,3.101063459709508e-5,3.483340705123794e-5,0.00035700748634326374,-7.2133056129748685e-9,3.5946397347608183e-7,-0.0058502612919255625,-2.121347271802354e-8,-0.28156528959516436,-1.7281392383078353e-8,-1.0527840700325086e-6,0.00014769484886301143,1.975770926310183e-7,0.04545102198244422,1.3465854143746014e-5,0.0013786738760472872,1.2643578519225263e-8,7.003465622545946e-6,2.7736826326840713e-6,-4.398956127832365e-8,3.0228923771247196e-5,5.6791995191929345e-5,-0.09023039728344884,-0.00016361766931538568,-9.483941868504431e-7,0.13417028315598145,0.007850875594158424,-2.9006835981781887e-8,5.6601221370300436e-5,3.3507445449387774e-5,-0.00012317532284100707,-2.0276455572343366e-6,-8.611482771314627e-6,-4.1619978964624327e-7,-0.0076401654978326405,3.648799156048821e-9,-8.856897140176179e-9,-0.00015479810854657217,-5.025297108995908e-7,-7.94752329051629e-8,2.009335250907629e-6,3.040157641542862e-5,-5.780568787527862e-8,-2.968168768685553e-7,2.9645602256378467e-6,0.004765393556226627,0.0002058952279639925,-1.2508372990716055e-5,-1.72515434737619e-5,-4.500101545568125e-7,-8.308619827562813e-8,0.000314863755221495,0.0007675398323669924,0.3126879951742012,-2.434230403380866e-5,-0.0597355894606153,-0.00284748745343677,0.07656432373187272,1.1358582945319995e-5,-1.8048896104905232e-6,-2.9063714288568576e-6,0.05006538424640894,0.03059173736255616,0.00013796917535557895,0.0008317862420881283,0.00016494590749971394,-0.001266893943920877,0.00013854072358299163,0.019888770815668977,-0.010464270591910463,0.0003029333189203953
