-0.04879390875430545,0.009823556403716793,-0.010448185454151826,-0.03649125122319674,-0.07879803384275874,0.04831384393037297,-0.22866433423496346,-0.033302553591056494,-0.01109891401074492,0.08644373179777176,0.09073614488443127,-0.05014928241507732,0.13234123521397123,-0.014357423910041689,-0.038480072376842145,0.06469349363760557,0.03299288461312244,0.07047242448061297,-0.031072853153091273,0.1531944788130204,0.012618488812051964,-0.005053865917943767,0.004381522948278871,-0.016680675132647593,0.2186196529398785,-0.04285371409241634,-0.003264491965637717,0.5305368043991621,-0.051841802601302334,0.007497942415284342,0.15792852714366745,-0.0021727527055190876,0.019015087053048774,-0.009833655664806429,-0.02084058748005191,-0.005311077964506694,0.010978973034070805,-0.04429575004178332,0.08373253306490369,0.024182216431654524,0.03949669880057627,-0.017981688234613102,-0.22649600922159152,-0.022692862803523894,-0.05248630421192502,0.02314491188735701,-0.09093852367914224,0.21907719289083616,-0.06254613832061295,0.009682543884991901,-0.021603889083053218,0.008427611405522839,0.011032725940822274,-0.055640919010329526,0.007618392699441756,0.05126306990132434,0.009371295240271138,0.013745849006227218,0.1594804440974258,-0.007271528216733714,-0.020195266042719595,0.011511368696119462,-0.033301935874956,0.0386051999139454,-0.0003726228951563826,-0.028885964711662382,-0.4953456591756549,0.027847565685078735,0.017893476415338228,0.013785460716462694,0.022403658404073212,-0.014766030504688388,-0.02823603046272183,-0.06730803223626936,0.012475949286454124,0.0041222232139261905,-0.2837475342721518,0.0007078123489918653,-0.002926168752310332,0.015873636471951613,-0.04381539295172843,-0.02643848330262699,0.1828563399358245,-0.0025410985872440506,0.08711159052927542,0.04397439810418291,-0.03157885087421164,-0.023258594377693953,-0.0023048186621963396,-0.028960753788851434,-0.3495320412912406,-0.03353298217916745,-0.13202945790544618,0.010255453594936625,-0.06556256444673636,-0.03948059185313468,-0.010211717016773036,-0.027568675106522278,-0.023513742569775786,0.09706143530456757,-0.04695690963126253,0.32872166093147825,-0.2154046946161543,0.009641803677368443,0.025504258890578058,0.004002474990556948,0.9687512905766198,-0.011702735762810335,0.06591794670021045,0.004910588753318734,0.01214349630754441,0.020846118342888076,0.005469494192766433,-0.0006516890280181542,-0.06678180996823357,-0.009705342221423052,0.24031922757239954,-0.03804198165926209,0.006689971540481565,-0.01189127075849683,-0.008513144071912393,0.32828768921172014,-0.03119522487395443,-0.06292357972051832,-0.0012185032001070795,0.3891313170151989,-0.04385226536760456,-0.01681883395940531,-0.027125883389317096,0.03526573497947538,0.007260857750225114,-0.018001109841861762,-0.07179571621054492,-0.05935292096910416,0.04366876935091568,-0.012544142666229163,-0.0026835223065404534,0.021448599458381068,0.023655821565625956,0.0006016832103341585,0.01872226904379204,-0.007998209730430972,0.0171063304587733,-0.03550593907129951,0.0025951035866000893,0.044338005358895316,-0.015097926810085482,0.023046291993523482,-0.003943440824514255,0.01368304698553402,0.001691950048552826,0.03448939927693573,0.200450742398516,-0.017381267031851166,0.005416109626821708,-0.0400417708817713,-0.07139078847649216,-0.19083849827779886,-0.02784989430983842,-0.049581910912820604,-0.035233579357736744,-0.03269860637374222,-0.016806603929580888,0.3279783050456899,-0.036543958784022834,-0.015281096395483473,0.09582116890032921,-0.012614916277016164,0.005454348070088599,-0.002616627956740558,0.02499194258598436,-0.036099335701692326,0.005473801665971223,-0.18278105645003961,0.0724060931152053,-0.034104712185580865,-0.1346906311237035,-0.007130401136237197,-0.017185215117933694,-0.005774129051133059,0.006660595405264758,-0.8988230797617689,0.00893579804142064,0.12570103483267303,-0.0022397459633793915,0.0087348221436514,-0.08365447557258676,0.0167002775669971,-0.00818902489845641,0.12543687795732694,-0.0005172506716917269,-0.02370004936082637,-0.050161307568487246,0.0007119324927771231,-0.015827022112716804,-0.0029766168468086107,0.012157775323430542,0.12111127890239004,-0.09782446522876853,0.002389232076893677,-0.00903507879411336,0.0009468648522670264,0.008799807776995294,0.00944606852135621,-0.02061579104520206,0.004677365495808772,0.06274210514357037,-0.04916700295143528,0.011554913817235501,-0.052908830666638096,0.009441007350687869,-0.040927856438457866,0.35608864839855414,0.016850117177455104,-0.008534622742445208,0.04179210309666814,0.016183012564852106,0.031420834517120966,0.0060771081552957185,-0.02359674661875033,-0.0061170941044110805,0.015970562111760955,0.28144740274365176,-0.16625215489511902,0.03609968293676502,-0.05212692121631335,-0.01989360571224097,0.05456027692162024,-0.014627855282014934,-0.012925160124723334,0.029208073781774146,-0.009212925280735362,0.007843113620765507,-0.006455767601437401,-1.2206561371785938,-0.012560191109514562,-0.013049263312495896,0.011402765607272158,0.44782955357914034,-0.023752948220021608,0.042390894959680736,-0.028774150861863745,-0.00019494917069096118,0.009335990274848882,-0.014267290012867306,0.02800565464349347,-0.009837371602770872,0.02114633543533273,-0.00028529348128358833,-0.014443155057961121,-0.018901330455264542,-0.1400317089910459,-0.021279539204215325,0.022444144605287875,-0.023461990769646945,-0.001915606388138258,-0.0108668882476195,-0.010368246046709828,0.06027625621572952,0.3855372614252701,0.00039801450475351885,-0.0016163974204914666,-0.6540437366056722,-0.04293140842128196,0.037009566851338604,0.03278115690409322,-0.03706189515992264,-0.004519696387433214,-0.007428376803119363,0.012678129134656047,0.04045944014694669,0.21637037459595376,0.09917907091221423,-0.8407428690582037,-0.016199990084714955,0.15810856984535349,-0.02845019286905881,-0.019886639587639365,-0.038988786152913235,0.018043291334834066,0.20191419697403035,-0.042347356157733884,-0.031512209885477205,0.008759530415773042,-0.2783085794401359,0.0011517098646436352,-0.052694487170811044,0.016223490314132505,-0.06027510286367033,-0.031754501709656324,0.02988301656114345,0.0021827140844834503,-0.01566905505160321,-0.009958427472156473,0.000680544291753904,0.061132588699592816,-0.06344467236704077,0.014769724584766664,-0.03465037424575712,-0.023494921009842074,0.04087565592271858,-0.014509165521303657,-0.0031075650331331417,0.008626508322777227,0.13622371996643778,-0.02753523013961967,0.0359615425550146,-0.7494738307832449,0.021089726593345404,0.004283420979845687,0.023044835561449872,0.4823269497928777,0.028571465005370555,0.023399585158585978,0.038911858609935734,0.006467443612564239,0.17236768497514277,0.005479278151142353,-0.014433871538130916,0.015202779020910384,0.0002719635085668415,0.020941348073392874,-0.2155959478004661,-0.0531259529197996,0.0009244380311201894,0.015115442215574149,-0.14396758638031315,-0.10671041815294302,0.07773438623917173,0.12351644089631009,0.010283293991960818,-0.0009805358804442221,0.01449845625757007,0.153406738601916,0.04975971709791338,0.01206352588678783,-0.0011301273107164889,-0.0031771516796652577,-0.03439611457361025,-0.01621913081180537,0.012368676590995165,0.033093992207795964,-0.008291648758131487,0.21624402460292913,0.047175891567349026,0.006620383233894245,-0.009434232271814835,-0.011249884468270466,-0.21526418860776175,0.0210809001182497,-0.012139502996433293,-0.0242217497107049,-0.042959397835147684,0.016673764242568723,0.01544786258637032,-0.01920082593596817,-0.003171531133261851,0.07130282870639348,-0.004766557558468776,-0.002507984379917616,-0.009863737674095319,0.061112991882282586,-0.012225926122482633,0.028029008975408942,0.00866006348621795,-0.14022694769664668,-0.022940210194065003,-0.002840045894117793,0.05355568106460851,0.05857093942177016,0.08194502650076174,0.049991888447038946,0.015021947466266283,-7.386950710497331e-5,0.05594403775103274,-0.0014045471252757125,0.024949592176199076,0.23497497390235367,0.12387377785034914,-0.15581626741368382,0.01367487020252156,-0.006691503349429695,0.026983531780388148,-0.05085370260530908,-0.03463903225019749,0.010873684246689663,-0.03894488007972541,0.003147314554666991,0.07488627181555785,0.003479304170468822,0.0313729114132002,0.014003597498231102,-0.0331985937882564,0.014170036447467282,-0.050624679424231545,-0.04330608749660314,-0.009652681166983257,-0.8706770250792033,0.004338903137067973,0.010455125942826271,-0.024413535057647096,0.07938722550534294,0.00286285191305069,-0.02376435070982552,0.022038945054191572,-0.013641365607327316,0.0019931285496568307,0.008743000552385638,0.02283218602337911,-0.011813636436272645,0.11162729642092017,0.01584704977540241,0.03595272144411865,0.08662417521554744,0.007700916983594652,-0.44007616184535436,0.011940253676584689,0.21015261042248312,0.0623771825038375,-0.022834982519270852,0.02255848610366229,-0.004059356550897064,0.004137888696277514,-0.019800471238340833,0.0562336580351257,0.005066811994765885,0.023751949629513547,-0.021482969180624423,-0.030468617649139773,-0.024495940415363293,-0.27048606858988933,-0.01585273967066314,0.03640311868457502,0.03278706885248539,0.07127302846129169,0.008035568878767663,0.37449389992980286,-0.035001668596123636,0.04068977657178863,0.011101817279268289,0.3691746645454259,-0.06591514813135291,0.00132377439372533,-0.009211365008013672,0.05588817143870983,-0.03823513671886758,0.006552686014401843,0.0971778199163964,0.0029021534810453886,0.048205574783878546,0.018770899114315398,-0.03771316266283975,0.031447022722204565,0.011892885637053041,0.06040552968624979,0.015686824561726098,0.12669537457986735,-0.041412404974835226,0.052313475627670414,0.02990540649799911,-0.002672503358553513,0.026201678025699948,-0.09274912146611314,-0.07535005037789233,-0.004282874606360565,0.03178203505376587,0.04019243995207944,-0.024266222564619966,-0.04189673190921894,-0.026197612130999914,0.013720171451495844,-0.24704298593314888,0.02233291873744747,-0.015549379071671865,0.02081847459464825,-0.010586736431832833,-0.043443314572186864,-0.2034434951365256,0.018477421612260514,-0.0027625299135252135,0.022236025804886594,0.010402772613815614,0.01145192027615849,-0.06276161133428104,-0.0016337535253114766,0.02606292942800792,0.02355779458048346,0.005210364848608151,-0.006142017613456119,0.006481042222731048,-0.15888980469753733,0.0634978206676351,-0.050350702773357625,-0.003708368167281151,0.03593174223351525,0.0831410087630502,0.004745234379697649,0.015033587955258554,0.027647690073990816,0.013691026230276293,0.004084551707819628,0.009754478349350393,-0.00917244540687534,-0.02484509856958539,0.008859700574248563,0.0008117936631606426,-0.018647203161890502,-0.02696001453932695,-0.00520149559724814,0.008122862644086126,0.011415526940936616,0.017658791363601267,-0.023737804291158682,0.006335057274554856,0.02482918665782563,-0.0017021097910401295,0.020213676787534496,0.0229918007953529,-0.04771121845260495,-0.01716362705155916,-0.02458166252290539,0.04681199890819698,0.0013083322319289437,-0.03349202559911646,-0.0055358731688102125,0.022329242032355978,0.054821157646074425,0.0011497890482132789,-0.022892093053087592,0.04919134642841527,0.004160359858360607,0.007885268881182128,0.01954292859954876,9.926915663527325e-5,-0.004020208745714626,0.022351374598656548,0.006470454018199234,-0.0034220494417240843,0.08220961747611,0.03069269866864488,0.10741815586879966,0.07473833217954962,0.01408560226627742,-0.01418672492945916,-0.03319632596685551,-0.035605338194727665,-0.018227430166007252,0.0013988406241196572,-0.030508365221066924,-0.11605700060317758,-0.03169866426480894,0.013636964486067882,-0.013948735710073379,-0.18690012708248105,-0.01226404520093638,-0.026334301089264045,-0.021105987015232586,0.06650685144268209,-0.1322721335022834,0.03423956654660287,-0.01918566909080255,-0.00590213703981135,-0.062275865310766676,0.017833984589742613,-8.537610665371176e-5,0.001257222636922961,-0.024147410192654206,0.0029176083771744743,0.10080935989390127,-0.02331554504144151,0.031091410687622556,0.026799593464602367,-0.012239036994287744,0.1241883525490266,0.011249134829995455,-0.013956220389445662,0.08369262597534544,-0.002814576162904814,-0.0944491712339186,0.004766798164382635,0.006739887488947716,0.00495752482493117,-0.004297448862416786,0.02372230287255661,0.11873745795310242,0.05491514723689761,0.12363146615825826,-0.03458982827805812,-0.010716741751821246,-0.022628773363976507,-0.052132808554233634,0.027598950668789257,-0.0036651414602602017,0.02447471191499062,0.009055598140548682,-0.0302010945888469,0.001877620489722176,-0.05173797569477756,0.008495811554894317,0.01902037180479965,-0.02613423508228152,-0.04078643135062521,0.013942789222710417,0.04170322307618335,-0.018815234729117947,0.055740653402608586,-0.035976724457214004,-0.04157845852455466,-0.003775703416977194,-0.07646030170508311,-0.06258588400783083,-0.034707946058915695,-0.0046082473500064225,0.011254502254359977,0.05227080561235198,0.0011727208075171802,-0.02789417374151526,-0.04210186657655868,-0.0491504435585739,0.01433731174620334,-0.0005977062232886965,-0.01245533287510625,-0.03534468682391889,-0.057808389559795614,0.020736954924359452,-0.01950693419394156,-0.0880201551672144,0.025479457499386626,-0.004129947348701535,0.017705358583043562,-0.006618562150833895,-0.03596897085662931,-0.008749822963181941,0.06563617391293519,-0.013708567385037895,0.04620701885869494,-0.018461556330294115,0.06277740139012167,-0.026353795678005554,-0.022791824660089333,0.055784667630177864,0.01783646877083811,-0.002761865761840454,-0.03243002442650322,-0.046374360827030614,-0.043583171636782936,-0.06864637775288429,-0.01298384542678832,-0.029076966682623606,-0.019665932726638857,-0.004315373898862163,0.04326426863190136,-0.07773116041244066,0.051885679582483135,0.13573651901970152,-0.010752293307632499,-0.008750359003897756,0.02939013453374173,0.02085171512976558,-0.061806077375877067,-0.009685670504950394,-0.0069420500922205974,0.030451970251306193,-0.04756957194149436,-0.002942006938610575,0.03341251760684827,-0.007664553144422825,0.04522977093438385,-0.0013868376809114125,0.014097284029048751,-0.030773715014220215,-0.006350423915137071,-0.03780792989073234,0.056762172822800494,0.013110204712575069,-0.016724614084523637,-0.0194855087461292,0.03983181683906878,0.00862345305904455,-0.10428218743982143,0.009913849764416227,-0.015659697808587225,-0.08858808732085777,0.011200821281818207,-0.06057328859787958,-0.07959601611037215,0.05564951778796967,-0.011474637176434044,0.06509509371426248,0.01497584691242082,-0.044274113257642966,-0.004221655217406806,-0.06814341200879426,0.01220264142830274,-0.046305997929266596,-0.05596689265803434,-0.00028235076752025634,0.012658752679271856,0.03094548606168246,-0.028194399972562678,0.04895824454979447,-0.03669821210314694,-0.055161837644845946,-0.03399779645678791,-0.1476431376504479,0.008510551018844126,0.03623725423858559,-0.01674617412209045,0.006886888148073922,0.01962982944178293,-0.1965681986839627,-0.003834453469607979,0.01956258230032404,-0.0033251464938075515,-0.030061930123338243,-0.02149445460509014,0.09985621976738912,0.01557115142350085,-0.048460501001500234,0.029096420684254554,-0.029065033872029744,-0.035624755198114144,0.023292756541422932,-0.009148272848960914,-0.061556835322335246,0.0692961767495035,-0.01157909497305809,0.032258424005704,0.07897396209955332,-0.0076719890676031355,-0.006745788978150813,0.028946781352715334,0.05434168127069938,0.030858483085921762,-0.019883730228684726,0.06033789840876125,0.0044174556371672224,-0.004375238193460973,-0.019271316185040632,0.006606312348594656,-0.014754341125808423,0.03230658486063476,0.02676919340342465,0.005695315934190148,0.03421594421683949,-0.0133796727641311,-0.008129550610874503,0.008697802157257684,-0.027938113518757746,-0.011596989363169996,-0.015223997372231679,0.07664503889463958,-0.04975751819983998,0.08344855576433474,0.0016183252446353436,0.03149792205022095,0.024602159324331296,0.012718273626887822,0.06059403852259493,-0.02262604191855644,0.004786388530192198,-0.02381931187119335,0.04648786256393578,0.0029009311483605416,0.01062371864219358,-0.008099611073703272,-0.044469204476627056,-0.03036976415251047,0.00838847780642027,-0.013450579241634841,0.011217354075597541,-0.04882488774455851,0.08851320304529509,0.05911977212963393,-0.054848683437739965,-0.0014704606583109125,-0.03045639823540114,0.006135587774679152,-0.02599226505662955,0.012129616209449523,-0.08741534553701058,-0.029221154225524515,-0.03374618109410221,0.0012997512376387022,0.055706637402181514,-0.034615265112833526,0.019780889510911948,0.0009203364643326495,-0.007763899883684644,0.1232610796141671,0.06138227595874923,0.016514273524080636,-0.005320265381669742,0.012734533207549248,0.023404523917633924,-0.0017517625619802857,0.0027528119790076744,-0.020170574585790746,0.10548234548332402,-0.059282019870806835,-0.016748548974646837,0.011464632076240378,0.004005015753136831,-0.03958482170855859,0.018459507644365658,-0.030309898205814534,0.017153874370706035,-0.019633415906355367,-0.002983192458486883,-0.04384846534924236,-0.0191208166747856,0.034533622390881646,0.015293253390723294,-0.04583957197792188,0.008133080606171461,0.03932396543223149,-0.010486221465725976,0.021323756842321018,-0.023731835909245547,0.0211772402672068,0.01516856485432072,-0.015853750097448938,-0.010249418326566229,-0.3399787688322249,0.007677141711610602,-0.01962030505637813,-0.03157239252959698,-0.011984047405348974,0.018422826149617322,-0.05760435409456477,0.02539294748203247,-0.01602798446037923,0.005203809138038196,0.013356349001696799,0.0032599812120679417,-0.015223601752950344,-0.0711405303554784,0.03460064446335309,0.009617819212508039,0.06545153329898312,0.02877442401040753,0.004636085690435721,-0.04850566079443297,0.08119274392083753,-0.07070185287011554,-0.025964974996895762,-0.005666156986990245,-0.04806003551129834,0.0063312018537544645,-0.014327237537145265,-0.04901407248871692,-0.00848326159757562,0.022164541152960737,-0.020347627467344864,0.02348729367076885,0.0010524087447265629,-0.006400565995136276,0.04327270639623748,-0.026739181519587873,0.02159181747947514,-0.051631808227739384,-0.006932401271114941,-0.09015989685394743,0.010055805469164625,-0.09365530402646982,0.010990705872245599,-0.006201696892276232,-0.03554325404593328,-0.05211777312706545,0.02213462316088055,0.032872527988729416,-0.030173692182870582,-0.018895117525971727,0.03338576665282744,-0.0006649169263255317,-0.008875583724147873,0.013298699488586863,0.0007587644477098365,-0.004288445295969723,-0.04893189219455962,0.038931136221435736,0.05688289453973994,-0.0069317975830927026,-0.03338577851809532,0.004686340065745753,0.007731967187282862,-0.004156584271186148,-0.022615169156779302,-0.006676677265204489,-0.018930263564470806,-0.01374529926579271,-0.02310329668216582,-0.005940187290889298,0.019179884295681404,-0.03326655375053633,-0.006581486737559317,-0.04801027771918598,-0.0017789623252610909,-0.04017015168938087,-0.005510198182491877,0.012573961579619208,-0.027458764619041176,0.05526991162514605,0.014028527088157716,0.05868084042231203,0.10821387625946954,0.002295539619808551,-0.013593236484666704,0.07828481386059138,-0.006837859018560266,-0.047594238461897476,0.004899414354440523,0.02977356888459326,-0.034263980196556076,0.024323714453203138,0.3422408127953531,0.013839088035183522,-0.12781318578163336,0.05418954082051641,-0.05521854853077457,0.02266634262741718,0.00829219791921787,-0.0031442303443327546,0.01851545571389579,-0.015888356645973545,-0.02468823255640018,0.038198962773094536,-0.01730987803421158,0.00015383013123937417,-0.0190967468170129,-0.008903828680558945,0.02077283520338824,0.026448862653523975,0.05548600288966554,0.0943093295768449,-0.0175397324419464,-0.07346433008933673,-0.016341150495463808,-0.010081443178933114,0.003960977033557356,0.0016299987241836789,-0.0039330942759079335,0.01830802554195543,-0.1023713593458524,0.05534015957346128,0.05447398256819724,0.005002665777283255,0.023982406344657647,0.007112057510312297,-0.030823950678097845,0.0288091159918622,0.0318339151199325,-0.054714587487069366,-0.03271996844705427,0.015099211712367833,0.08254520811851762,0.014087726974139514,0.012978731261682697,0.023505646420744597,0.10219575091787192,-0.004362006427072629,-0.06747378533327719,0.009410499318619259,0.021802448080052272,-0.018950575697090244,-0.0077927115926286206,-0.10028641151438933,2.619719103387659e-8,1.339725405266612e-7,9.932090760510909e-9,0.00466007305635685,0.00423022503446191,1.8182328628824074e-9,-7.5673893804584225e-6,-0.009854147614532849,1.8226090678363782e-7,-3.289420193652859e-5,-0.0002659692919273482,-0.0011693261758978224,3.470113145095932e-8,1.1958979191043634e-8,0.02459683647248312,-0.0023630364441373786,0.050509334625530755,-0.002663976843166438,-8.272170802757495e-7,3.291432775309744e-5,-0.004776748792039598,-1.003059009550139e-9,-0.000917877855840743,5.629836345022454e-5,-0.0265817167410205,3.497321804032949e-8,0.021036399233707925,-1.5199375231755852e-6,0.1798120392486453,-0.05846724533330416,-2.557597757191221e-7,0.0009528898152240117,-5.601077077699301e-7,-0.000836691108162313,-0.06608417730603833,5.853958472915727e-9,1.7281006823438583e-8,0.06889776945536141,-5.5017679560620536e-5,1.2903831321606912e-9,-1.2271367449301351e-5,-1.956147250722906e-6,-4.4198165028319636e-5,-2.3332085482274945e-6,3.153502997274571e-8,-1.4850287666234863e-5,-0.0005944660151726566,0.0010551007396770729,5.409135578338109e-7,0.12997878251917427,-0.02071767444431316,6.553490247807048e-5,0.012917587309857481,-0.0048664754599485605,0.0013740876345309516,4.877214776878927e-8,-0.026600214790960308,2.7036095134880256e-7,1.476115795817634e-6,4.7227706804875424e-5,7.730901099844978e-9,-0.00028369289162810674,0.009374251745612128,-0.0007575767438083858,0.0043251541769677715,0.0016709698379173687,-0.00021719836144029614,-6.038413737918802e-7,1.0686565052042685e-6,0.0012935763825225877,1.394986970049139e-6,7.72366330423907e-8,4.191794812466454e-6,6.287383193075147e-8,-5.230001039885357e-7,-1.488835651985987e-10,1.509808442059623e-8,5.9029051506342967e-5,9.363109336468778e-9,5.200522098136769e-9,0.00046890611823613426,1.3939163191700743e-5,-3.6564739636091304e-6,-0.025969945272663608,7.795107649144484e-6,-0.0002969929557181672,8.001073878993736e-5,0.2527334688784322,-0.004907190509584325,-0.00032640327975741457,1.2316212386759284e-7,0.00018270587425206486,-0.12355374525941443,-0.0109724011272192,-0.0004391020476859353,1.0794340462097485e-7,-0.08470301970737637,-0.001550181919654392,0.00011834953161837802,-0.0027851703985106724,-1.2808053918567097e-6,-6.161819652295009e-7,-8.759807399982833e-5,-3.299278152069096e-7,-0.0015467840240432906,0.03602401631633256,4.2160654689649135e-9,-0.0003836360482978307,-1.2115501318632482e-5,7.761470203204723e-7,0.00017287671841614838,0.010485073784138876,1.2691179335000413e-5,4.902991297939252e-5,9.539100857824945e-8,2.2976653565182081e-7,0.0006346347581285272,2.316239980881818e-5,-0.00045223542431926944,2.0346075011237752e-7,0.005656738883089929,-7.062489991938037e-5,9.940632289540119e-7,2.0101881569901947e-9,3.298218571312628e-7,0.0003882759791409285,-5.671646878369074e-6,-9.893855279052843e-6,2.414131289540933e-6,-2.218466582312728e-10,1.2679706086204945e-6,-0.0012875755978143388,-0.02279137008008547,-0.017175951500576048,-0.03159451868850738,0.006055700572687783,-6.747393250350342e-6,-0.0026537579856267257,-0.1701661953694611,-5.597847124727551e-8,-1.470456222063543e-10,0.0012504052332360516,-0.0114194330672035,6.959694046138054e-5,-0.004738564373383269,0.0007893113054251444,-0.008987742784256625,-0.0003153742051011932,-4.97328772400274e-7,-0.041393952724320116,0.011967093860221212,1.4009073293408392e-5,6.010030273104205e-7,0.08086036695749499,-0.0002312460634357194,0.00021421163049240022,-9.70325955140794e-7,0.00018176597134100803,0.008684479303610715,-0.0027552150777410134,-0.09122572281739849,-9.209421245159888e-6,3.840009683009349e-7,-0.00021275984057922415,7.28484108670005e-9,-2.673367098804391e-7,0.003237393767449248,3.435098471893383e-6,-0.005727622166659785,0.0001819773093032495,0.001079454072964836,-0.00025920227686526687,0.0003406315502019197,0.015550417941994965,1.4209428517597544e-5,-0.005819482473839344,-0.007310652808882878,0.018631676699442323,-1.0248960550462982e-5,-3.450220070089216e-6,-6.416037784336831e-6,-6.927386072441699e-6,-8.487277042945607e-5,-0.00022128039783808617,-0.05086324079456972,-0.12506766073397557,0.02991229329199996,-0.0025843282942332735,-1.8000654218752743e-5,8.298222275993083e-9,0.04095905624126317,9.52490823019625e-9,2.4979645071171452e-9,0.00340883187163854,-0.027104771706035535,-0.0014786600108323,-0.0014122204267437155,0.0025148873760372226,4.999053635934558e-6,-0.0001911154201010845,5.367514647469651e-7,8.778675085707732e-5,-0.004565663914036122,-1.881148236204666e-5,1.3917857150103075e-7,1.1294593593724755e-6,0.0003247645666704102,-3.939036708339172e-7,5.367643897136176e-7,-5.93858117015067e-6,1.5983468659719335e-8,-0.021206659723247867,-0.018853812157999528,-0.0002355917368186411,-0.0018581921626719122,-7.14007014179785e-6,-0.024295707727105764,2.173801476020379e-8,0.0009401327483828936,-3.453791349791735e-6,1.6612994104825418e-5,2.7534978529475396e-6,6.134116735606945e-9,-0.007168360428295273,-0.0001095139652989019,1.8224241458142387e-5,2.8929349707995655e-6,-0.00016285970971807728,-0.020113160387154494,-0.02780990215796919,-1.1459474115894236e-7,-6.22582817765005e-10,-2.825999093758469e-5,8.630033022427597e-6,-6.20555041075388e-7,0.0003191054402549298,-0.035583271470386535,0.0001853524572936749,0.011908584332672945,-9.292783186509723e-6,1.896579543154281e-9,-0.00020041962420691561,6.074456893045976e-8,-0.010616245057462947,-2.9318793707266977e-6,0.008919243447962799,-0.00020201587835799728,-1.557800864571135e-5,-0.00010540283555471319,1.5070848354004074e-9,1.545577468481385e-6,8.606850204095906e-5,-1.3324268826053753e-5,0.031013054514914984,-4.847092393944763e-5,7.384883869560044e-7,-3.2027600369577414e-6,0.11188549588950991,-0.0015536226183030521,-6.466077945432858e-5,0.11117915462000383,-2.2784775312700845e-5,1.22949273695383e-6,0.000583700597871939,-0.09516647532291245,-0.010178996606555302,2.4272005573477973e-7,3.30334071358962e-5,-0.0011417170919401087,-2.04712866080925e-6,-0.00013315517145429112,0.0023889787262305617,7.2433062514969115e-6,3.857394914119974e-9,0.0020310286063249805,9.079545095502795e-5,-5.958645545728336e-9,-1.3112211074250979e-5,0.030623530503362417,0.15450797457015142,0.006141514422779437,8.281665807352567e-6,0.0018947754627731683,1.5502863064398298e-5,-0.028997290708502987,-0.004475900957004342,-3.820934571518997e-7,0.0005598501088854846,7.446365482977058e-5,3.956258961837489e-6,6.689641592894091e-6,-0.0061210183069349,-1.6549950242403244e-6,0.06301618059569591,4.948300003082551e-8,-2.566938009262998e-6,0.13790923613123596,-0.0018522725984482236,-1.0771982559276694e-5,0.0043454945407575,4.762192275936661e-9,0.022083584452047944,0.017749608720805554,-0.04585101519842283,4.6304145625564175e-6,-6.154092496712948e-8,0.005752033233875409,1.061256936062821e-8,-1.9247496411967102e-7,-2.7241973538094655e-8,0.0007833206120722025,0.00012542698131134955,-0.01677379409011337,0.00011532455446428003,1.411939483473429e-7,0.0008868410741342814,0.0006503473326944231,-0.007846537278965116,-1.6407468210605236e-6,1.608476247745398e-8,-6.388246095515027e-7,0.0005400852634238618,0.0006102739428115456,-0.0012678814669015992,-9.687861812324172e-6,-5.9064755947302316e-8,0.006063212342269253,0.035707669630937744,9.648336987688744e-8,0.13658807055617217,8.059475373883851e-8,-2.3133339941416864e-5,-0.00011555971628496309,6.625792396519614e-5,0.0034198617516949525,-0.006763452365703415,-0.01160573782181018,-0.011497154393964593,-0.008551454267035297,8.782319775926806e-10,8.841904944323353e-9,-1.7090100665306807e-5,-0.024009582379221683,5.2265491913561224e-8,1.1842476479451136e-5,-9.04486843449348e-5,9.946432786428483e-8,7.030271110153308e-6,-1.3904283918120264e-6,-0.0021688950710654353,0.0001796579744892668,3.7784849164432255e-9,7.124901307831166e-9,-0.0002466486424168579,0.11614679504418746,3.0575684048628204e-5,-0.00022601944123579187,-1.8132472328069582e-5,-1.184853068436631e-8,0.00016958351790208326,3.276294781862088e-6,7.676556936786483e-7,-0.0030117982644242147,-0.021699895002257108,-1.7978876575730496e-5,1.1144131299989368e-6,1.6183004068803797e-5,5.6675778449921665e-5,0.06833699006165261,-6.574457583119475e-6,-1.4315381971830021e-5,0.003732983547706681,-0.0010246365800412605,-0.016647946502416744,-0.27993421454448253,-1.7576496243787432e-5,-0.0001159136218333856,2.1694401563816107e-9,-0.00025840794194209593,-5.778143581380846e-7,0.0009589677661097085,-0.030566969798428545,-0.0309479401257704,-0.004316190736744829,-0.00014800802259173906,0.009428747822312289,5.00394701175022e-7,0.007078629801071656,1.587521772350442e-5,0.0005177137529983611,3.3370349305505975e-6,-0.00028024655983927005,1.5022980853984791e-5,-0.0016911874982952213,-6.308497085827369e-8,-2.926528871960432e-6,5.19308346910545e-8,0.0015932586244105096,6.758455220814974e-9,2.6877849251816244e-9,8.621207341985918e-9,-8.275485119391135e-8,0.00017639794796764363,5.261175973014787e-5,9.973022245191032e-5,-0.006138863338492229,-0.00974679199498496,-2.182600228195497e-5,5.004904640060204e-6,-0.005912034294851765,7.59152026148513e-5,2.548998898066479e-8,-0.0005214142108869169,-3.449683473277787e-5,0.01763809920885251,0.0002955694732804659,0.0036461172678059484,-0.00017521014699184434,-0.038185367127880454,0.061531884555733996,1.1421961700064376e-7,1.1606141430142713e-6,1.294588569435151e-7,1.257357547718163e-6,-0.0004903387228196721,-0.0029197038954862364,-7.050235926620019e-6,2.833966135717958e-5,3.294323615461725e-8,6.495138791029476e-5,1.3069931865949957e-8,1.5735715668818706e-6,-0.01285761344297498,-1.6282959721461432e-6,2.295488393855294e-5,-3.049890798662025e-5,5.791499441219067e-8,0.08963014403116176,0.0013007185780224972,1.5521804139217998e-6,-0.0003902243935556271,-1.3693366546496666e-6,-0.0032966592916636728,-0.0019920093006646766,2.219145065571887e-7,0.004447537470696261,-0.00020124275070543263,3.5928903052706573e-7,-9.183108939658791e-7,-0.000514077429627946,-2.7721196624641564e-5,-0.007662430661980579,-1.0322040722154924e-6,4.349441233390816e-9,-4.33259039773759e-5,-0.0055333430404971296,1.691628228120412e-8,-0.02804054394391642,-0.0037800440180717487,9.77408073259741e-10,-9.940693822541036e-6,1.5433036100161515e-8,-1.0871649500643343e-6,0.1495545334473718,1.1000505743298528e-8,9.178520723907013e-5,0.049118149268906564,7.710173439789969e-5,5.983278693832972e-6,-0.00017776229253740894,-9.11658865732079e-5,-0.004750210903239349,7.028616784232611e-5,-0.032486328628465344,2.1831881774625472e-8,2.6083271298382726e-7,-6.768298869697098e-7,0.001106427682415756,0.004521125067185494,-1.6970683254236008e-6,-0.02545292938498278,5.951942162111916e-9,-4.85680066049099e-5
0.016278987897294428,0.03959339299399289,-0.03324628060727264,0.07992964317600126,0.31825773991135975,-0.3822270149939868,0.23356363909442734,0.06383786059814156,0.004101919443201041,0.02328125582425855,0.06924022981911548,0.06160345575881365,-0.2900873610051349,0.08033865050128952,-0.0733351863855205,0.04992598477110732,0.11169785322272219,0.0673484118651686,0.5068798289476035,0.08692717645863013,0.026654252133312184,-0.06571151374487272,0.02676198867175117,-0.007711008969650379,-0.3103478175571581,0.003971474453464907,0.004853848355196533,-0.35094685752847,6.180347554618493e-6,-0.1118954451180798,-0.08017247619864065,-0.03124087086325744,-0.08744964675133815,0.022667288863885915,-0.03361205528744904,-0.08903831298357545,-0.12437740337190917,0.07072256207175087,0.018722313252510503,-0.05567655462618859,-0.034031496622446866,0.06374545272228715,-0.15223018202232197,-0.021843617054400966,0.42315225229685893,-0.007445194918545894,0.03441629458757234,0.16431879972515162,0.09739800238639873,-0.01026137557300899,-0.04701114431190945,0.012009751940695423,-0.004794383374246536,-0.010752753965789452,0.14624943409398838,-0.1443834170786431,0.04532650576038577,0.027149210036441218,0.13567263193544932,0.022083489577198634,0.04839260890003061,-0.14667057080532686,0.00665744912498667,-0.014361686286065378,-0.11817828834227839,0.0964518071632483,0.29533440561499447,0.07947302399406908,-0.08344338877395785,0.08820676807226846,0.07953893432204495,-0.03672299619574915,0.13139869625592837,-0.13257241458541102,0.031917550972139,0.01543872406182345,0.2026775090580486,0.05876997867744649,-0.001749614475556882,0.07681877904906287,0.041615408660618414,0.05464769541322312,-0.3063273176230723,0.06607387270196341,0.059027842838986544,0.0719992337981239,0.06280773985599808,-0.032282803647831315,0.0004674402580349124,-0.030085588901783922,0.11200703815848101,-0.016344788222340867,0.07213574413617607,0.020985313429946473,-0.06859109420474852,0.06681687467062147,-0.0006641327372562955,-0.16640229629592795,-0.024873559043044224,-0.028683984441158827,0.20669750561501132,0.01030232183256885,-0.20093088276917115,-0.04916122825306957,-0.024959591592050856,0.08794107440917287,-0.5451862178342708,-0.01222295349725755,-0.05874625682190526,-0.03159863332984969,0.07738952596446325,0.03593427935265936,0.007250114719681733,0.017794201738070115,-0.08665958551864605,0.029089860181557015,-0.0499432290207551,0.01353695440593583,0.09742863678297908,0.05293336517752323,-0.0025852280305116437,-0.16660905456046748,-0.029100245017616544,0.04242312579663121,0.05847802004791447,-0.4406778237189428,-0.0015973631270753685,-0.10386420577196986,0.05147366630444594,-0.1005523248022655,0.061512167731052614,0.020791299335542135,0.056488935739253066,0.08882036322029307,-0.08887481050624046,-0.027934208330407273,0.038779867052880945,0.05913095021969639,0.03004060465718794,-0.21351886085017213,-0.05046260997187346,-0.07739382854560972,-0.03371236965540447,-0.014769935049116611,-0.03930641833244408,-0.18510629331558448,0.20181633407355548,-0.1266801508536446,0.004687924250902142,-0.04752220352384029,0.04057311551878229,-0.07503144252223137,0.0007165658153098775,0.0024892830251701525,0.059890268712479156,-0.024710794245720535,0.07224675647739787,0.15987172261748128,0.004889682197244838,0.05024414964282187,-0.19321546909486642,0.034482069062505616,-0.02469182822824223,-0.42609314127184916,-0.08868530138352071,0.03573762703308603,0.1329120908889081,-0.031169568144832738,-0.0443300037904919,0.0469546717540652,-0.03426046800450422,-0.03813505595553579,-0.05834978894699816,0.435725085233571,-0.02067743034240266,0.07334435393943295,0.01834314613188326,-0.0342103120565298,0.042122463732084725,0.012760647307004547,-0.022508340789499925,0.5685253349499817,-0.004269948183718952,0.19618074687605258,-5.9562014939729124e-5,0.02487328642155262,0.26578247183917725,-0.004230762951920042,-0.06610986034684174,0.02459161487786332,-0.032273252196318936,-0.09576335971496519,0.009156157454526692,-0.03295232285017846,-0.02923394720073702,-0.024509808889121132,0.01890702679520473,0.09037653236009646,-0.13795632043547812,0.028296317614149302,0.004249279874784406,-0.06373115390306339,0.008972268912657455,0.007090359368703503,0.022763204920920543,-0.010112011477758642,-0.11070728504273575,0.1125254824073636,0.042587175499647856,-0.036109328029851895,0.0063935844955267385,0.011812866658374332,-0.27421203697849705,0.022397586018996662,0.02014245375903556,0.02423599667963572,0.058292296989520764,0.03491665434194147,-0.18268291757340194,0.013383612734287453,0.024844667233992368,-0.03742035500908969,-0.3343372084927978,0.15224528168619145,-0.21590329660102725,0.04202739961056068,0.10394242856727942,-0.022408967444789596,-0.0030330892695928924,0.016351848702470306,-0.024574279406806454,0.00287001733067882,0.021113197939484962,-0.09921354748075828,0.6731577723330702,-0.12428150938649196,0.015525894668826368,0.0022743868712495896,-0.4102884499461652,0.044705234264142746,-0.043628936080494896,0.0033677730425552,0.017028527712682262,-0.01683837140808464,-0.019892421736585675,0.016362283951366408,-0.025875221799651626,-0.0404815783858794,0.01327597020281246,0.08385053045640234,-0.049744481353627634,-0.09655821507840301,-0.013816545562121973,-0.04666711799291079,-0.13221586462805135,0.022186154802966485,0.01136942222728976,-0.04181529022753239,-0.10139631231504609,-0.23797611737381885,0.2798682155280403,-0.0430136867253168,0.6515791271012858,0.00774501991145371,0.060981077102042036,0.008824250880934414,0.04068470268020974,0.3960085118742427,-0.025001703837006062,-0.20926110817345034,0.07186940603469338,-0.2438852630148176,0.07553646969245165,0.1759623865622757,-0.07089363384238823,-0.21370858421323646,0.045280813916178886,-0.010202480043517426,-0.21856330627633724,-0.18198427188872301,-0.050802402634872124,0.0071192447721841745,-0.029511651900975266,-0.0006885099755891133,0.2142267004109044,-0.05649433147118543,0.006498675324110081,0.019618814863406442,-0.0581611699781206,0.02134983814721636,0.014769590816285927,0.14318382873898372,-0.21571516008680192,-0.1099648056042497,0.028346141670226643,-0.0826929373938583,-0.009270109977023822,0.016345347816240974,0.037688819680624874,0.004781768009706866,-0.10116253861269797,0.015360077644800185,0.03996692340297159,0.06631415056017431,-0.056702593003137736,-0.04952560671881656,0.07545536753423221,0.17153997969035117,-0.03555038031618096,0.08356638586519693,-0.0056274175440194085,-0.5730357362367613,0.07831544366126764,0.027293230743453023,-0.02887456102325814,-0.05349918573483592,0.1484280590684648,0.12085339922577987,-0.016316751771228155,0.03853328787954524,-0.00620422621977923,0.04874315419510822,0.10398326054564677,0.06354600972554181,-0.11283284157798334,-0.01767726150865201,0.05178489301488298,0.04970414685885771,-0.06110001871638815,0.17736424647409876,0.0011321483143547084,0.039351246088699554,0.1297793479534448,-0.28585207386799993,-0.05820123237936059,0.08380847410808201,0.005268605395031045,0.010419746892694093,-0.025234024004021194,0.03339672840957064,0.0035753817846853053,-0.0551930697147327,-0.008239635605605145,-0.06953872062149458,0.03313644073841715,0.036542229381211655,-0.004510751861744211,0.04201801751332823,0.13408305205484794,-0.15565186718231416,0.01974461693316698,0.08074845498231298,0.018860189650695247,-0.0551136956883056,0.007977805373229785,-0.05772272397825873,-0.1875006412183211,0.018521773628890514,0.031958604224200826,-0.04303895005432423,-0.10677769313588215,0.032302984577881944,-0.009568285844579805,0.09832248677048483,-0.011664862854559033,0.2117924269841751,0.02950839142067707,0.0029029620891378727,0.10713870644394774,0.10429245443629043,-0.0852596918089148,-0.03315201424447878,-0.05558146801286057,0.011125391865789425,-0.030648911793832667,-0.005106889717353624,0.06267351545830024,-0.19671987427500426,0.1424841160805954,-0.18153671926211246,0.04754098052944755,-0.009085803598281927,-0.001817191571717558,0.14934301389439497,-0.012704051623586565,0.013051134588749846,-0.04703020654415013,-0.0002449130345212325,0.12854378269003064,0.06257897842806415,0.07377001009808737,-0.017295029543220153,0.018254887691000476,-0.010448991321027279,0.08153889895652355,0.06317405537265586,0.05256183849496665,0.2525366367226525,-0.027230533485635533,0.08751890006897156,-0.0896331247076887,0.15868994146512705,0.04011483249360026,0.009031207270709274,-0.05359908149796411,-0.011371390317435726,-0.07157902682956774,-0.11441791655215638,-0.04095953370108418,0.016081243269582046,-0.02367656225396786,-0.03615630700642214,-0.023734481481369585,-0.09699932190414984,0.042629827201380976,0.30078838671033736,-0.11452627499966184,0.03566917504667799,-0.06337288323084067,-0.0595416804717388,-0.05999781521677505,0.0584937523217377,-0.016824868116600555,0.014630665144068189,-0.10239859693047038,-0.010685543362342287,-0.06637477984259021,0.02562149019718163,-0.10534001853329755,-0.06088226475549163,0.4776641071039194,-0.028018585762765724,-0.03750148042672663,-0.06969249335998029,0.01649891418765037,0.028347990863949235,-0.5028550006682053,0.01273578794371133,0.07313350667720897,0.02001822068268666,-0.16746928958309582,0.021004977602387953,-0.04084614856145663,0.08197547896816104,0.16908378922380507,0.014073753412958467,-0.07194430353229109,0.022480243675090605,-0.029054382222966524,0.07252039131071797,0.006759998723282479,0.013642392423207639,0.09474012917780783,0.06413513089614753,-0.0287500290069147,0.007793163756105059,0.48956262347928714,0.048754580901004374,-0.018662170921743382,-0.07994421389048512,0.05739811129569716,-0.10780762650119868,0.13795513700824813,-0.05897666808596114,-0.0035607874797278782,-0.019866837181325536,0.027302977574436227,0.022520826394611504,0.04693398688323214,-0.024498112316450715,-0.006275542371440679,0.02729773907776689,-0.07874984259615303,-0.03601806410279096,-0.001310652608140117,0.046056038523147436,-0.056776791790980496,0.04871148242636991,0.041304517624666914,-0.0702410474741555,0.0975237950697192,0.09700352197614848,0.04943893265135557,-0.09844663388867048,0.0212135624315124,0.027525705534571898,-0.19187977641468024,0.05618241177216987,0.10683079241607629,1.587024470409233,-0.6044385469226654,0.013350086788022963,0.029489320387256157,-0.0027789156683866167,-0.15396393346054538,0.04193996175308712,-0.10463456029208373,-0.049521879251187784,-0.00968947697947442,-0.004178920618226556,-0.06111087807539661,0.05577394656756951,-0.03851916925304977,-0.036653879403274914,-0.0212056459267842,-0.012905031977425097,0.04383490703730786,-0.09767394599839463,-0.023786487085089902,-0.03955819406792216,0.048682370221285964,0.06519991503455458,0.04596637377608204,-0.042040399530378636,-0.001513913863163907,0.04840533786909873,-0.047130898983596126,-0.007482039105525473,-0.021461892674778937,-0.13396316781108908,-0.14857007413729661,0.08274837873523211,-0.0996276039732038,-1.148107861423341,0.07508075778196144,0.005044764258855139,-0.033451010665885406,0.032997762460581725,-0.05489553913503187,-0.02367123083968181,-0.015122853543289239,0.030830402186438732,0.015059746696351795,0.06787408780655824,-0.0019435453468759079,0.0055320810606644955,-0.05779252442334837,-0.019716671798960306,1.1353505009119544,-0.04820305923567503,0.0544472817928181,0.13512137382349465,0.042208267758724105,0.058778747530595865,0.08118186830688501,0.012534964273072546,0.01959043243141423,0.037512584818614414,-0.2726593316219805,-0.5913353740033926,-0.060893242466818265,0.058344449527794495,0.028753355315529916,-2.2974677422316745,-0.14389110578395048,-0.312382074249399,0.012271677361695765,-0.08827922729116722,-1.18888006410225,-0.05312443739694572,0.09989351888361853,0.021445770957143395,0.03932689545581525,-0.08201667814591929,0.011278795975158573,-0.004887383845925797,0.10826172033603143,0.05994638124957419,0.3162505324144149,0.015491373789700447,-0.08398254608437128,0.017383399263053434,-0.007075473051372683,1.746748190435028,0.03783979525178438,-0.05331918593219598,0.4839327343070181,0.03404726610102671,-0.08649140374973285,-0.02238967783591761,-0.03466822462360142,0.10518032304571534,-0.02553636680022464,0.032456168468343094,-0.08928293716599,0.12415557335043559,0.15980666780797037,-0.5286767469674487,-0.08559937296013231,0.07153868517707451,-0.13276693546504248,-0.03391687329394699,0.07026120214686671,0.004621781577952788,-0.026708772908023093,-0.07730770455418678,0.019711676722181437,0.301972540348288,-0.03717843521735631,-0.03630041209362389,-0.033562726524905884,-0.00679811916052131,-0.004729698457595077,-0.12903581400860276,0.04072967963475094,-0.026663562774047023,0.03964858019571693,-0.03018466413789156,-0.11932624003929959,1.2050528834952274,-0.27642669497254246,0.011884792608725547,0.05599000545498711,-0.009428164267774264,0.025175537919494673,-0.04719409255267237,0.13619315022515366,-0.09970310549942951,0.06505269717217743,0.018593756429254427,-0.08741472028077624,-0.05160588211583672,0.013616458824571964,-0.008310941026138607,0.12459266233781818,-0.021343402801448974,-0.0682002533267223,0.10191658211829235,-0.1086270457781211,-0.08246359792974545,-0.011471859870653134,-0.039054830336681334,0.16581496127309947,0.10592144937618286,0.06017323030755506,0.020092137063329574,0.06584139475307893,-0.1529533622378949,-0.07589491657563485,-0.030347620349857607,-0.041755804466447444,-0.05485106322885258,-0.09515936152365612,0.055445135571062565,-0.07174294818833005,-0.08218820376896474,-0.04675505979685113,-0.057123254006000934,0.034641873275177204,0.05292939026548993,0.025449385335377883,-0.01002704873235416,-0.2505003368896723,0.033153296215459704,0.18101234889036277,-0.01100434122417937,-0.023088694990292424,-0.11037149290154957,0.3702647528958778,-0.024847035871061962,0.007738914225228655,-0.053877134793765435,0.09872687640381628,0.0713474626045354,0.002918708870311093,-0.0129260022267772,-0.07574363710227772,-0.04532955919421511,0.22139115754544036,-0.011341874615027336,0.007166113253788353,-0.04814398320377222,0.019864681249600835,-0.051791653940995275,0.057188210384993,-0.05105237324096379,0.027619540991054237,0.08578686783221201,0.05045025555318716,-0.35542732193061966,0.06298778498239699,-0.026552101837296505,-1.392224530986823,0.010088564758916618,0.028538626836962067,-0.004049272267366177,-0.2133914512269257,-0.053954410323058255,-0.009506865935691167,0.13053074293929967,0.006439233795390464,-0.005680927002686076,0.0031554512070215424,-0.024231408544437727,-0.03421873048682755,0.010445506923133507,0.0052693178768095095,0.0365314763294009,-0.010302716514161148,-0.01585204270122631,-0.011572958419492352,0.06652162603495526,-0.8604512485198939,-0.05315902079564694,-0.49195039612823166,-0.052606306002417114,-0.07749012186286564,0.02717820152611239,-0.0009505722373432945,-0.009474141570080974,-1.3948858293442754,-0.07739011734702217,-0.0179121084563576,-0.07319920017835102,0.016899279686185764,0.057201638403057586,0.08014276439371315,0.17833615776180523,-0.037623881184117636,1.3847064869960377,-0.035664707349496894,0.01782237333145531,0.1320445013839162,0.08467154579466296,0.1116823766469679,0.10704969224161687,-0.09698153820863809,0.08993496111725108,0.7818556303354853,0.006064465484087123,-0.0758016290856176,0.011807644677901408,0.14780512224751874,0.05511616210878856,0.02013005656135647,0.41324714785878314,0.034722122612265593,0.049931618608752615,0.024680893526237924,-0.07846824843181821,0.11300156356446678,0.01238590724142341,-0.05362748818424734,-0.1933606301454347,-0.0017241711620954447,-0.009941839849489043,0.014268710659393946,-0.055929395828570705,0.0031039428467920516,0.012644350229493284,-0.0034103070065611973,0.042959909413184505,-0.14436091394418327,0.003348762034875108,-0.030555146186088677,0.05091123973215872,0.027481575656565838,-0.04105152582633309,-0.3711580472336209,0.04599298379616812,0.001077173921657959,-0.014146007068120525,0.04494868648089323,-0.03529791941127769,-0.01334706592274415,0.03923287516772689,-1.11909575464324,-0.050356387146507586,0.06981743608184843,0.11504245636979249,-0.028841702543104475,0.050349414816992066,0.21146824085735716,0.0003860036231344566,-0.040084442332954495,-0.012089258787455037,-0.03535250532513601,0.010233513928142202,0.19681644159572897,-0.22009136948167907,-0.3120977334729105,0.04939425808697706,-0.1543401146227552,0.03931986198131199,0.05848127219360322,0.03469331874453019,0.05612705321163958,-0.0038758576192776673,0.04573894209352147,-0.2586418962091557,-0.6077428966855223,0.12406122478932957,0.04766904656207771,-0.010500011099793483,0.06648233165469719,0.011262670454016188,0.0026747055271698628,-0.036542273162922356,-0.0072982105339178815,0.17451814540254418,0.07110441839904524,0.09294807321566623,0.02720329028306878,0.03141518836491741,-0.029140020959857793,-0.014168364469242078,0.02428062706894707,-0.05634626097526052,0.03216594232071657,-0.02422722473329486,0.05670307284799492,-0.04875520246241649,-0.08863056253653667,-0.2730239322245325,-0.02874986513370459,0.6051837440239751,0.06508928788389312,0.02861810502872686,-0.029633236552740527,0.029964585098241514,-0.041365684754964605,0.0230430401970807,0.04434251421116642,-1.3140460280556,0.11340993494377472,0.018442690035954,0.21031500985839102,-0.014256155401199067,-0.1677431579992117,0.09135260150924296,0.04545302476435609,-0.0591292298904591,0.01746466495023924,-0.04639124399545835,-0.07384701959199447,-0.12887315459374804,-0.420352954613918,-0.1296209226729843,-0.0634651498949097,-0.095159208165569,-0.029401756286461023,-0.08372970640994026,-0.4570054477024428,-0.04153595241223229,0.022443778572778683,0.11885505488680792,-0.008688737171723915,0.04087080739918747,0.028452705199015327,1.0197541828129033,-0.006493196755400277,0.16620969725772738,0.03479624153806071,-0.015147760149375245,1.2700165887545154,-0.09051499016095477,-0.024381402199651347,0.09457478928015917,-0.04004775195517141,-0.0006369254483615805,-0.15914555801464303,-0.0951321878037561,0.024036251534198527,0.036534419101371896,0.1137492148882302,0.1118449948480702,-0.04899658913063831,-0.008440332749842128,-0.022477930468085106,-0.014047573215066222,-0.07441801514141844,-0.10232159657971351,0.08257002677692071,-0.08239135404801345,0.030203527054254664,-0.06220692659553606,0.04615343394107185,0.025677492174509098,-0.11127339411268622,-1.3121452136838343,-0.09092119135993926,0.04258308696444146,0.10059954612734145,0.03201041149259254,-0.07414800366314012,-1.026196254108072,0.13319556917485897,0.006802541010983987,-0.014746622677193955,0.07580014756240416,0.03230718433405855,-0.0170909682274214,-0.12445238093368971,-0.024231851874333188,-0.17935189675108631,-1.2319903622046695,-0.06122483180297422,-0.0750568435396417,0.15316782159425202,-0.054755902493525355,0.06540741341632383,-0.09039437025876396,-0.03757764969122945,0.04890793640758817,0.019654201772937085,0.044648341534411884,0.04034655159830436,-0.006582438456462114,-0.04958696379617322,-0.002190794453781564,-0.04305575850958121,0.006780880685255397,-0.058999324410251575,0.03865627092454815,0.04333303241583053,2.245368101634085,-0.01656009639827971,-0.33738389609243313,0.08593938155536307,-0.035489638736180495,0.0769396839127694,0.08385471068868355,-0.05588391191486153,0.11115599998629477,-0.018003179994593665,0.01413785560089309,0.022958429381105816,-0.02208589218025736,-0.049436577744017995,0.009175224597129272,-0.02216215672706312,0.009100963881792268,0.0019775676300923806,-0.010760347031464335,0.016306858482494135,0.0031560146817355417,-0.30539765046705725,0.0354831275099059,-0.1729962004897061,-0.03816443354594412,-0.024012318927816523,0.1069859184985944,0.034196522195998114,-0.8603359354710847,0.013304054766194895,-0.032383847206801875,0.4983740592506365,0.07072982125646377,0.03785286114361952,0.021846064701776413,0.002674015688171494,-0.157033646308264,0.12251027678303217,-0.11950761948537547,0.049736204699001973,0.03477494833578021,0.031386913186906895,-0.14060988791970885,-0.05655998989823274,1.2049999909977487,-0.0053783528364874655,0.17844243076979183,0.13416768950810365,-0.11291005253224284,-0.048090844276885036,0.11215102502683294,0.3578387631496298,5.530031718745804e-8,2.7125599300070746e-7,2.697846366271628e-8,0.025211282232703525,0.011052238642605516,1.9937805409431242e-7,-1.808232037436852e-5,-0.06914935762688401,4.1214668655698006e-7,-1.998774578026996e-5,-0.0004359373288309598,-0.0019102842146025978,7.298477843804439e-8,3.195101376789883e-8,6.37512348475866e-5,-0.005882145410737394,0.07615402066585375,-0.0048362769685468265,-1.9484855045825977e-6,4.8836152183540094e-5,-0.01158763581815947,9.564733723793628e-9,-0.0005354029551654094,3.408847156904926e-5,0.019769123655350995,3.564280710161016e-8,-0.17368975409772247,-6.963846398422291e-6,0.024933404987677932,-0.5029335833460209,-9.314960421613616e-7,0.0006527711677328796,-2.7211180178454697e-5,-0.001499586982333767,0.4054560506265261,2.229315032402368e-8,4.563763203891541e-8,-0.16137068594252924,-0.00017541053271230567,3.475713705671131e-9,-4.70208800198435e-5,-4.800514734754069e-6,-0.00026448892117514333,-5.458683621950566e-6,9.48846666549985e-8,-2.4026778691066397e-5,-0.19546663239816553,-0.00040041427928372286,1.103466018337329e-6,0.006118166529631708,-0.06380444221940706,8.84148606363766e-5,-0.05354496538529929,-0.0025661039362603333,0.003657035259720942,1.0201070507320081e-7,-0.1095771406617132,1.0802590856839878e-6,2.637660627913263e-6,0.0002049122775602541,8.5753617075357e-8,0.00016293267077571727,-0.0624885249962972,-0.001886568058694138,-0.005810585906374399,-0.014392053958630413,-0.00045891352954186004,-9.096619253412541e-7,2.1646736626523833e-6,0.010414712251531455,4.181166089356481e-6,1.5999436665543182e-7,7.679550142913882e-6,1.1522622219220513e-7,-1.3636461094201913e-6,3.825253903563808e-9,3.457042978749145e-8,0.0012328864089177216,-5.265351349370562e-11,1.2761676675913242e-8,1.1021762887253317e-5,2.0623889409598917e-5,-9.600266854037365e-6,-0.040708458349399734,-6.899089044054563e-6,-0.0005570986095548847,7.762639457453702e-5,-0.8450647647841834,-0.02584946265869803,0.0006273433169781129,2.613460130494738e-7,-0.0007812998784615388,0.20685944083379582,0.025900643835484516,-0.0005720545992460302,2.5950520823533885e-7,0.10831699033587938,0.001049966741817343,0.00010916002353056342,-0.0006839302825483173,-3.0221629372939596e-6,-6.6734060399920025e-6,-0.0002189081617061106,-2.478125377680662e-7,-0.0029731729604236534,-0.1567776762685753,1.0356987203627432e-8,0.0010356897439010027,-2.6468084822539595e-5,-2.648795945914273e-7,-0.00017160984049979788,0.0062021318406095816,-8.509920171206886e-6,-4.963617121944708e-5,3.968153406627706e-7,5.734424812983696e-7,0.00043275160940403623,8.23009426120791e-6,-0.000908226888924446,4.1517802861629205e-7,0.010381403182464055,0.000294044073399391,9.446683221225882e-7,1.0513742259611603e-8,7.51313959213018e-7,0.0002975991842362191,-1.1576679548319646e-5,-1.529789583187835e-5,3.151753032781812e-6,-3.470908244151971e-8,-2.5264662897317436e-6,-0.0026259678078304205,-0.07362402062062756,-0.06826878453421159,-0.06476475975068752,0.02380772326796432,-1.619361670623931e-5,0.012491268230860442,0.6658563654018508,-1.626353932082658e-7,2.4907677207211543e-8,0.000980206608574008,-0.00431713420766755,8.148029183630001e-5,-0.003665649347226463,0.011433235894628524,-0.008319732417930936,-0.0002961812930806218,-1.1530848567781193e-6,0.04039366236247588,-0.08876701454300928,1.896612800145192e-5,1.4014237571663424e-6,-0.03670492703349737,-3.532744750600614e-5,0.0004057063037237185,-7.210988862027534e-6,-0.00016819215346686178,0.02320093482376251,-0.005723955178837059,0.08925467263816245,-2.2074241012859375e-5,1.4378549473281765e-6,-0.00037931131819846087,2.0217120585714482e-8,-2.6057228690312684e-6,-0.12712887452471477,-3.634560204579529e-6,-0.008717429856233139,0.00011259476541880531,0.00345287444429232,-0.00045890039078244627,-0.000857050198121101,-0.03465063664771151,4.045203967928401e-5,-0.010770470324359849,-0.027215035667722987,-0.18025353628763696,-2.5819545161454016e-5,-1.3139287756036566e-5,-1.5084753675620455e-5,-1.7024401636422937e-5,-5.050495460068305e-5,-0.00023728787606103197,0.038028087314160075,0.2821613969590544,-0.09742686751997098,-0.011584876566814728,-3.7685425510858295e-5,8.342285881882128e-8,0.09393924862524727,3.073855626978261e-8,3.445195200998952e-8,0.052944237784686266,-0.013119514498612261,-0.003297620068337892,-0.003211625172866661,-0.06960078420189575,-3.930315892874958e-5,-0.00040803476899498037,1.3390334193674747e-6,0.000102471376551172,0.039504626858615666,-3.9445667292525854e-5,3.0978133162828936e-7,-7.158655486394494e-6,0.0006559162157202536,-1.1261513284399616e-6,-1.0174596436485217e-6,-1.3311891552847399e-5,7.524545348608358e-8,-0.11246988180209883,0.08556748773344225,-0.0004766628338188639,-0.0010176502546528354,-9.85414860998901e-6,0.2593005200942571,4.462811650438048e-8,0.020125011325035302,-7.425090102264331e-6,2.3361433214574845e-5,5.245299028233674e-6,1.7835219390770207e-8,-0.001303912663729534,-0.00011907234083707863,-0.0002577524839182388,9.99214332542131e-6,0.0003453296867519384,-0.02888913218612288,-0.13812984250034788,-2.0743135760448173e-7,1.1524158178947974e-8,-5.90091807479709e-5,8.010755970566663e-6,-1.5325534016841225e-6,0.0004886879310532777,-0.15715217090473743,0.0003521896320535234,-0.07817735576196583,-1.5981974066381355e-5,1.648646388375044e-8,-0.060074289809335824,-4.479148386860032e-6,0.02167750004082336,-4.208210672151935e-6,0.021220541781985958,-0.013762717585255047,-3.0304588944929378e-5,-0.00024331728066329106,-5.2973128349120824e-8,3.306974051486833e-6,0.00020037988914367588,-2.3354963656352368e-5,-0.21030651609544293,-8.776586995651314e-5,1.1360239500213254e-6,-7.254398457778866e-6,0.1947765929835441,0.016719702222872,-0.00013697552356362053,-0.13993901989397273,-5.1653843346599615e-5,1.4436813252638458e-6,0.005277678043057676,0.5048431465766043,0.011526182321176748,4.567055838788914e-7,5.9647414719421477e-5,-0.002012456935915452,-6.124081189384789e-6,8.488978011200743e-5,-0.1827017159848765,1.5527747290633442e-5,1.0814602604495432e-8,0.014393824141734513,0.00020912336009715204,4.352089630690892e-8,-1.5177742156868845e-5,-0.3190652637858875,-0.35887949203606695,-0.0006981585102039389,1.3650409236731775e-5,0.013346884105146728,-0.004275389310762989,-0.06909026622361125,-0.0068916778916445764,-2.2088337916503775e-6,-0.0004349784349528818,-9.705182073105334e-6,7.045858522736204e-6,1.3378346313652756e-5,0.013276316544988731,-4.192143602477216e-6,-0.14643264394834432,3.868660097827714e-7,-5.806955763798527e-6,0.017219908768311143,-0.0032443631822616226,-6.368275807133728e-5,-0.07369607497821562,4.360863957442174e-8,-0.0221733603393659,-0.04423794271679071,-0.08082643072339124,4.25512779478332e-6,-1.3265413811858195e-6,-0.07032580659142695,2.4587446653982423e-8,-4.227850408447531e-7,4.3451684628159626e-7,-0.010499225998955808,7.613756569568864e-5,0.03411043482992682,6.112823800208389e-5,3.222656691781456e-7,0.009248713910892548,0.00015783621806519932,0.15905185003066435,-3.6002750870289812e-6,3.909717310839056e-8,-1.7031820326030012e-6,-0.0006975501643182724,0.009840699543929077,0.003743866996273937,-2.0792844891204254e-5,-2.3060070089564455e-7,-0.07762347109019174,-0.004327713391830912,5.018553831531714e-7,-0.35653294606890995,1.1979424196714716e-7,-6.43076171567003e-5,0.001382808722027562,7.50073751163427e-5,0.017541046283440664,0.034561503817712946,0.07902372413082048,-0.003708455460582627,0.02781927922842442,1.855117775541315e-9,-3.7600471997079055e-7,-3.7295761931233073e-5,-0.017124564166806522,-4.528906656642295e-8,3.1691811663847602e-6,-0.00022422408304123564,1.4909761369974461e-7,-1.7564948093240496e-6,-4.857120398549242e-6,-0.0018023326725824518,2.053558442938197e-5,2.281139579313196e-8,4.5281513393058415e-8,-0.00036425353896163415,-0.517319558566669,4.650753696644472e-5,-0.0005155380165575707,-3.5105568970905665e-5,-4.956242334874794e-7,-0.0006925854295900535,-1.3600004089564521e-7,2.765978655450141e-6,0.0020624910119977358,-0.027079822523774055,-2.7284171499442067e-5,-3.306558161497719e-6,2.945722169034326e-5,0.00013081621887822692,0.23217155794191058,-1.339497809826895e-5,-3.485191950103328e-5,0.004706424751873328,-0.0005656287810325011,0.21384603835031157,0.4167372258671094,-3.9489365426081946e-5,-0.00012662800428131504,1.0596232045446963e-8,-0.0058780612519058195,-1.4707108673128744e-6,-0.0002956563979097382,-0.0004417973982526746,-0.030406251098611392,-0.004212537976627573,-0.0003024903331834139,-0.06787385564712167,-6.377747450159177e-7,-0.059051555803307565,-3.1832795336583786e-5,0.0014149846242190733,4.900485460035409e-6,-0.00034719732116172963,-6.831337881152422e-6,-0.00234751956116952,1.591497758857141e-7,-6.410043475901794e-6,1.1745627643330175e-7,0.002501603998837254,1.3734940754184244e-8,1.633960818037128e-7,2.5038343561684107e-8,-2.886044666583487e-6,0.0002973579708012153,9.93032065252919e-5,8.12239488041655e-5,-0.008050692837855422,0.24267054801021004,-4.667678589242996e-5,3.1227682821821645e-6,-0.005568210397086659,-0.009468243652918318,-4.847434632027081e-7,-0.00107598131540243,-6.880268343500973e-5,-0.009138910307228798,-0.00040305579653932,0.03034211371905826,-0.000275503469481464,-0.533492901478894,-0.053066030380250595,2.596990294687074e-7,-4.587732254091037e-6,2.9353793178782395e-7,1.5550805185782224e-6,-0.0010505763762864717,-0.0037045941255655634,-2.8122950990194795e-5,-2.42735595250565e-5,8.991946643527315e-8,0.00010824006915921558,5.516906246422204e-8,3.270749624417757e-6,-0.01562839500093105,-3.8279725119716446e-6,2.2896613064204985e-5,-6.94437051653729e-5,1.6210220074239223e-7,-0.009177073812679737,0.002318880497114151,2.6938833699863274e-6,9.425100051885238e-5,-3.3123791486205922e-6,-0.03439833101401746,-0.0010140640340523532,4.351017716258676e-7,0.015531392859202242,0.0003191070838113319,7.195343570132184e-7,-1.9936643302978507e-6,-0.001089996604918042,-5.688972811812576e-5,-0.010020120186254644,-5.964807521241511e-6,1.5830450695968057e-8,-7.788433763522562e-5,-0.009986909738472605,6.479561515809751e-8,-0.047805416451410565,0.013222686289736885,3.833800871059535e-9,-2.2199031506353606e-5,3.298738275722343e-8,-4.197315348175579e-6,-0.3391831740445923,2.3960180010841256e-8,-3.8298313505436e-5,-0.14639261446427554,0.00013469487489459198,9.802220221510893e-6,-0.0047376245588566235,-0.00018868006730343723,0.008533789499779232,5.485803660931765e-5,0.030922162084380034,1.4286631200288724e-7,-1.1638851016293472e-7,-2.2528700258650503e-6,0.0006627114837929327,0.12779737493474386,-2.2256666067477227e-5,-0.01218794358373998,1.4613538326917891e-8,-0.02841219725087285
0.02747304122112837,0.06234012016437873,-0.13004556230953312,-0.11397609088817262,0.27079038999727345,-0.8094742429839243,-0.31403043904902006,0.032819900557115034,0.017028594068165148,0.15331028653599788,0.25916778847022215,0.015243010562699055,0.18705323133099228,0.044565570355189266,0.18947423282770615,-0.14383076915692072,0.1860665456924835,-0.3056373322397121,0.2513669943855348,-0.5006125297422841,0.21851266964586102,0.1340251463589084,0.14552959534557885,0.031492384212469915,-0.493700246221465,0.20484545482395333,0.19367474798150397,-1.155799319523794,0.43175885018354165,-0.0932793548781774,0.023212351039546775,-0.036248016800527694,-0.1190246416372247,-0.024649683668030775,-0.0332802759076003,0.06756655707977188,-0.0938998989367974,-0.20167016539926408,0.30763984471559525,0.09909273642188055,-0.02282815173839481,-0.22020662384420575,-0.29329185255301127,0.15696760964863188,-0.3801902476188843,-0.3187594072369393,-0.2047513208053715,-0.06179983082529361,0.25275876468185743,0.03444165355176665,-0.0020196617442707065,-0.014387597249879036,0.04631057263304683,0.05353468900648295,-0.271225416411653,0.0913978488244993,-0.007477438171918038,0.19237958793308962,0.03441762077090971,-0.08936138561693951,-0.12141405210468292,0.2640061231868458,0.022265617260927684,-0.22455239899409207,0.005059240644186502,0.16559290252553183,-0.7015888640744379,-0.41700816384036443,0.1656078926389455,0.10275131374692137,0.16862416137155378,-0.017876034104119753,0.012005708771539503,-0.07314058102565468,0.050064891869809,-0.037971835134612775,-0.5413279884724034,-0.1490127558736276,-0.08351010200385645,0.14892801912537834,-0.22183377448891406,0.11367329245513247,0.8198773272488324,0.03250318174423228,-0.03725542375468649,0.3075000550634286,0.1918825427064803,-0.09092232667353528,0.01664924762090436,0.1436795473100574,-0.7429867378477866,-0.1185223597399272,0.2524856674717739,0.0685105409957032,-0.280470282139504,0.15020629498485505,-0.26403954716806766,-0.3120457163822721,0.08441132398183981,0.1390288226029952,-0.0209008740275749,-0.4463196661999973,-0.2184683761170163,0.14304264199063255,0.07826042850865633,-0.14202792058313207,-2.447196687804535,0.17956664209259543,0.3306724917893007,-0.09577768683084287,-0.05083479039967642,-0.09418250942235318,0.08812449877677864,-0.13731663919497805,-0.01895069388592674,0.1359933914436624,-0.20881205261684954,-0.2698045435172389,-0.07496713331784122,-0.10713548968033137,-0.015771598618812277,0.065175446475223,0.2495109080914517,-0.1103764748750109,0.0798981768093654,-0.9059834700237843,-0.1178939425695944,0.06020291709864978,-0.1322140167139878,0.0953488038321666,-0.056916381370683666,-0.043348570773105166,0.06889212106416842,0.11313034915156095,-0.06540879915701225,0.04552376888022991,-0.10351472253751126,0.10703303421178134,0.04511730960348359,-0.15244451250691782,0.03383376245619729,0.05136794909537912,0.08772943656822463,-0.1761599829158058,0.03734905279088707,0.15339869077070034,0.05696924070798559,-0.06963451813680877,-0.09298630281955411,0.10989463117584819,-0.1386486370520288,-0.03890294468601496,-0.3464818528336764,-0.06724665324418311,0.07404195056915341,-0.09012283903030038,-0.06162878375289438,-0.3431611331689055,-0.09019476964840578,-0.16487821813848313,-0.011975996394539834,-0.18649283665581606,-0.010565659038547892,-0.6218182468874147,-0.04857107529824134,0.15764152612064208,-0.15427673926387797,0.21749724488836364,-0.15932479993716697,0.03167382198444102,-0.13192755191994365,0.013139645259798272,-0.16169768931285944,-0.47170329267191846,0.296525146373142,0.04524892806512071,-0.9531982941962269,0.07239992577342491,-0.04998102898207435,-0.10212694239771736,0.048602697826027,-1.5433726345872856,0.016313167217958835,-0.48359423919009714,0.11970294193793052,0.09927384024899766,-0.38689837436140806,0.0314032382507321,0.03120005528398906,-0.12985810674035747,0.06544491304066469,0.19242147608565574,-0.07150181554607116,0.009375912166433409,-0.12876214197967784,0.16049779831882915,0.0796133749463479,0.14137659988227824,-0.037571023586679075,0.0443936954052333,0.0542286049667382,0.125044625472583,-0.2018728600214672,-0.08549545335154107,-0.07585147629379208,0.07724570143182063,0.009996907490858575,-0.22624310389164748,0.08362439716597692,-0.15787463186461537,0.03359699434986396,0.04883691000577528,-1.1666121396556264,0.006271117388678249,-0.04040226925644674,0.06065034506855227,0.04954964292301156,0.07619010481903388,-0.002736202060987125,-0.3925012995977113,0.10583626178959094,0.10043665818557201,-0.49707555088752997,-0.1165994448820129,0.1948317763490195,0.3217881862074137,0.1761987504141871,0.14223388350364985,0.08294289652531006,-0.10875807254888059,0.2070662746191374,0.056066181524329295,0.1471585404869984,0.004325426987634273,-2.339086910342303,-0.14735451527303667,-0.12044340885040583,0.14283036564302165,-1.297328831791674,0.0017039328440660029,0.13864578529637583,0.06615051016888174,-0.10797222831570252,0.09567156038656321,0.1017320557111816,-0.08805815323330535,0.11069487554760826,0.009504405561528984,0.2523695415475231,-0.04458759329554596,0.01467875643993466,0.20790410494555545,-0.07385866651725337,-0.02138077017661999,0.07205639638777939,-0.09693915112075047,0.008314496273669647,0.09421940106039983,-0.0544761474848201,-0.8054730201984057,0.1527183686666831,-0.11533252565459406,-0.790761150436083,-0.20424187017124495,0.07409348177316133,0.016767728237937263,-0.04522879867181473,-0.22369481828718563,-0.14440243609351455,0.07488809172718902,0.0548350201897847,-0.5417645546831409,0.14208515240807174,-1.5432536581138265,0.12497035526575928,-0.5358247811309411,-0.18245159601974592,-0.07955470069100556,0.13111842303987942,-0.30169334881611576,-0.5616295266991074,-0.15443902336846804,0.1443293059255666,-0.19320878951839404,-0.6184852355190742,-0.11280587294777433,0.06165124542530975,0.14524471611366607,-0.006309324338872102,-0.22655058366945013,0.0626587350761838,0.06641216587422605,-0.06893900745853898,0.05186184385092929,-0.024136991066370683,-0.07990840744605521,-0.294023230439052,-0.14294401156530512,-0.014355673607013841,0.2485044621716952,-0.1072612757961906,-0.010823110274941428,-0.11708037011339911,-0.05125593726734223,-0.21760269276273903,0.09485055283039401,-0.10538052667834563,-1.6057792446654275,0.07401717629591076,-0.024815260012474027,-0.17863758393468743,-1.2289980161276617,-0.002717037182264903,-0.043919710669797496,0.026023080317827407,0.08433602965965292,-0.12290012953963014,-0.22601486606254184,-0.03227486146715819,-0.08623039697613422,0.007018697029707255,0.10693724317309261,-0.2179797038792799,-0.2521291162011039,-0.22489251254228293,-0.0324965873930978,-0.14425738991167236,0.04450615665109581,-0.01682170214485268,-0.07506713941984344,0.2704172346602718,-0.02137864785890997,0.017755514184500498,-0.37734625607299677,0.23430830652068835,-0.052702994974424655,0.02978550470834307,-0.05945499525023479,0.14466511333739618,0.04935977277636994,0.11643610487590195,-0.04017061253580323,0.0558622497592296,-0.4105074134822644,-0.468924462717041,-0.03505337496108041,0.04309468935662153,-0.1325922710730083,-0.237870076278341,0.2637355343199488,-0.14875226218282478,0.073382866549764,0.013500971090252278,0.17390610370091508,0.009243185532398002,-0.047773360785868135,0.061465477341698715,-0.16923305124100807,0.1195171446997847,-0.042288572544293856,0.07102440006451616,-0.11646346579163946,-0.04727311989893224,0.36637841959782236,0.08532741611270467,0.0767360638565151,0.09344146727744373,0.03310674961448967,-0.303883750049863,-0.08038985176608548,-0.2543618085205708,0.3004883752373644,0.06146441954297188,0.1082956019346284,-0.04478909552562982,-0.05582019307803421,-0.031067452263073392,-0.8089415756030576,-0.07035496951721143,-0.413039938098791,0.15218179091789352,0.2505797786452604,0.1002524034547605,0.014664563135738717,-0.10216901703279291,0.0018733275201157085,-0.21904914100559836,0.09955852598977799,0.07387528247090813,-0.051166428140277276,-0.2926816072645124,0.0879235303373207,0.03542871769514022,0.08153030814992235,-0.20757773202421959,0.027849817877267924,0.06578245242417324,-1.7249351220671088,-0.0227171994465607,-0.27299278878354016,-0.22085012698607898,0.9886491180077428,0.05111982722519315,0.06996830976731871,-0.09441007421173708,-0.015440261040794212,0.04284424572324497,0.05660460942908685,-0.019223341005272232,-0.15447500510390455,0.530879096731951,-0.19622921701375162,0.04412331265041303,0.09211737106170403,0.17108641987670126,-0.7434488513486031,0.2636284358377452,-0.39312802188578644,-0.13586205895626335,0.06220408323861193,0.11306370929673903,-0.17719767397420583,0.08903534126784507,-0.04812824783675751,0.023983869794847124,-0.028934169640706386,-0.12033686397444399,-0.09606286813050247,-0.021493673917575506,-0.34369652296845743,-0.31934410762187326,0.0393568504509858,-0.11025040430831723,0.10570720945361245,-0.11830295641811972,-0.032715634206397226,-1.0006887687213748,0.03454871942625459,-0.013170153812097851,0.03953576378262369,-0.5464414782945823,0.05084663262800859,-0.019442478994278645,-0.04599216321548738,-0.5051145836951036,-0.026902391156227168,-0.0509150301986665,0.09215369549747265,-0.039733531561523705,-0.2676980124306283,-0.027406098919300348,-0.03439557539240923,-0.07841137292416533,-0.07555106595100369,-0.1625546035957086,0.015571240999634028,0.21263305571847013,-0.40925967113435036,0.1684791721345391,0.10027144757623319,0.08859206805720987,0.1319391390770761,0.05149143831295078,-0.27922413837609383,-0.07448694685353985,0.06417228803434227,0.12201674031712173,-0.052220272375052446,-0.032688088351278566,0.031018555933769676,-0.01815288594661979,-0.522613065078076,0.13071439039049437,0.011092072130850283,-0.07703297979696799,0.07049244808899857,-0.025898192889826532,-0.0957955206256429,0.004369538983155508,-0.07152816787743177,-0.05076112313508929,-0.35938624790469476,0.05343447136147006,0.013863580411452858,0.12178707387010945,0.003996695008027018,0.09297025289015437,0.07725625868351926,-0.23180353254429065,0.7611151646469807,0.11272220648788789,0.09610052846164763,0.26552483288469375,-0.1639371314959135,0.15609148654039018,0.09539056837456883,0.07492553632488352,-0.12156649355893023,0.2603949825606833,0.04838367250158626,0.12674087225241237,-0.15898572374317155,0.012450987071133568,-0.12118751019625051,0.10882306369376238,0.02256915479665622,-0.008117680339637445,-0.011999069281955599,-0.10944125085188716,-0.05085727541563756,-0.02298447453722474,0.055163348635687726,0.11054947292723227,0.02739760863551055,-0.2643632861854712,0.2679507126995304,0.07031199794982967,0.19917936829733662,0.10632921934586648,0.15133033862002776,0.029041460617008852,-0.16394683570615598,-0.08811018504638923,0.6900081619460252,-0.035639183142848196,0.20844134917751944,-0.055357373943479615,0.1332512772496557,0.24885778242969536,-0.32056235649679365,-0.0324597288767734,0.02111768490681243,-0.12269032603580854,0.04599797291120922,-0.049628548546934326,0.007242905928194432,-0.01243614577469998,0.03571258018291701,0.4915775188933367,0.5465189353344613,0.19202912109813042,0.1780215380458685,0.20554705890481273,-0.1405452885064733,0.12246984516423254,-0.037790472644815054,-0.04087984612851869,-0.31967813799201394,0.08402225716417888,0.3272715982129739,-0.033751816539734136,-0.11198390641220612,-0.04078800263459925,0.6401462685025763,0.06507024473830825,0.06796015189593163,-0.18588765892127412,-0.1126144802883573,0.3048567503083177,0.01748080600273738,-0.01568151758874592,-0.044893982443682034,0.07306427498224366,-0.052803378901444376,-0.049722172938345466,0.19924098451883765,-0.13122313700296218,-0.15734946166594455,0.24925096213337383,-0.3254858591717493,0.3889833878383797,-0.08871144630211347,-0.021098099827668193,0.7085958486350137,-0.009941075792994525,-0.1209668485698785,0.3105739652178272,0.15040370304768658,-0.0982330596398242,0.17816983448210522,-0.0313324851449579,-0.00672301501253969,0.08447865903417551,0.13974797981791198,-0.1491595915722428,0.06310516704979818,-0.04257234463784698,0.020497641656675114,0.15404868401128624,-0.06582045824688976,-0.04845640488929348,0.07297925346301781,-0.02756341725580569,0.08733241899039967,-0.023347846135038708,0.07942248607423608,-0.1198647929031722,0.1930716856586514,0.23288768382190028,-0.11184078176211187,-0.06856262949986558,0.1725793153345876,-0.06972958454070977,-0.3259337516010419,-0.02399350238556508,0.20349075745843948,0.1991653337081516,0.03375569486161112,-0.05201951611070399,0.5037444459157996,0.7162302232936781,-0.021145424339920282,0.02603066393203335,0.037918403579169535,0.10415449636616358,0.22537053484666103,0.15549902908787772,-0.1525575336613656,0.006334225363389123,0.01613949383772706,0.11302282462656876,0.007856092386646196,0.1570008786084145,-0.032415001949630096,-0.2925433555510608,-0.032977873276649916,-0.19600796591475955,-0.02682667195009003,-0.07820205779171374,-0.08698368207842577,-0.0015569099932690733,0.10492774395879678,-0.012182447528175544,0.0374314110913474,0.06956112517627844,-0.09716393552253066,0.06953241634801088,-0.10429517662123544,-0.005491425804393657,0.22743427644127223,-0.0983022434538725,-0.17848055133163143,-0.01882309285883821,-0.030254740459639606,-0.09513606974269351,0.007127545497041865,0.15507654018620087,0.13418435101198156,0.13152062900553574,-0.2207528624603583,-0.009862656586847152,0.08054618982851025,0.1507184428137407,0.07039222435560077,0.532610578207823,0.13389484077561065,-0.09230822630888724,0.012308396740991157,0.1743117401560994,0.014181153859681217,0.07155156367980453,0.012169411858849344,0.09267785081465263,-0.05649746805693212,-0.12726791190416975,-0.10018972697434947,0.08815991106166621,0.03382806005538441,-0.42552324190182844,-0.17945545968177612,0.10686653320416895,0.004028840610772022,0.06467473816564961,-0.0380536208203921,-0.36510805104444444,-0.06796333487363881,0.062440109861199744,-0.1630366494239297,0.09619475635736308,0.6070677742436601,0.07397545412823092,-0.06689995054239262,0.019837849838950206,-0.13065728522087738,0.07965978856191214,-0.05177062077655137,-0.15682299920808873,0.02713607645682714,-0.018036635492535424,-0.2331337109571905,-0.19952547286447953,0.02568260088310126,-0.047545542434818344,0.13720556693442632,-0.2978537426570256,0.15994929091539234,-0.11357024359358547,0.06698476070050674,-0.12424491020283313,0.24969740266169538,-0.02159473420397262,0.12322954616502102,0.5157511057113879,-0.04841371149166207,-0.049026349937776104,0.22720822880910418,-0.09109029385945178,0.14520015733432956,0.1357083099974261,-0.10023544862974632,0.22143241603635033,-0.04931032957210846,-0.04206455949588417,-0.04624373599290266,0.1690466552922203,-0.0060479553462755575,-0.061810459498701675,0.4412486116934815,-0.027121807372168405,0.7274995405641675,-0.09515120531659704,-0.19749772103614305,0.03807011064418475,0.1702261817190447,0.06505821527517242,0.18739811506929982,0.0447298507715459,-0.26305774693719286,0.8612927617773494,0.021410768099485722,-0.01080299051318434,-0.051071984757982136,0.028148298619271372,-0.001179379119321311,-0.029686072584809153,0.054208925837883726,0.029234691439626204,-0.00957434022166126,-0.1499486105349206,0.04881286123418249,0.05362680018424726,0.11838926133441419,0.12754624747901744,-0.11149960521288449,0.05624923384198155,-0.05034452753602636,-0.06817018676611042,0.07816900055649967,-0.150488223500588,0.0227702933098044,-0.13427775791615204,0.17209108445604215,-0.07728350393904293,0.1536604289412935,-0.2849667427071836,-0.06764087157534959,-0.05723918897820113,-0.13835265747002268,0.14692490804554836,0.00027651449363474967,0.15843373094321578,0.14736944011201558,0.021502131088709575,0.15050661100167417,0.06737860065823043,0.17261261347607615,0.40144371187307115,-0.04850491169372617,0.014018669096003578,-0.03282379887514253,0.09376309372055402,0.02862844785067864,-0.025042953553565894,-0.17415776168490993,0.03486562679609051,-0.03902093211581814,0.06025366152607603,0.027495757507949747,-0.01320237892196019,0.1083798795389157,0.03630249481466308,-0.11361963831313915,0.22712686455361109,0.0675884974825749,0.04426347077423998,-0.1448717127314012,0.1760550757044257,0.015057808947915419,-0.04380604233665508,0.3004863680089329,-0.5357004209727165,0.495075025996357,0.09152639530839224,-0.08060412479221668,0.04082549971371918,-0.06498109977928834,0.06461143914168588,0.07342206960674957,0.17357887709295028,0.11427914877640433,0.0498198330105879,-0.16607981939796446,-0.10842627508191072,0.04962953426613126,-0.10767903315536387,-0.020004638166938093,-0.07088505926003563,-0.022909017958227196,0.030566411187464837,-0.12625079595818534,-0.050418022785379435,-0.050723600508717936,-0.15604325235108263,-0.017574641713395067,0.033169675849421765,0.7389116037847998,-0.15148551832317025,-0.1356604191205406,-0.20177070389399887,-0.08185259295896685,-0.20206838052035891,-0.28849336166470607,-0.02790212182299001,-0.3025241581344744,-0.2268584328394354,-0.12758139578363625,-0.08883107513543109,-0.04238846804219065,-0.4807300333704916,-0.0005369899190554861,-0.11978735424600018,0.041047974709726986,0.17104002189898893,0.10192468646891939,-0.0692004503125645,0.29930012320983224,0.06858665171967004,0.0018298662143934052,0.10179701882225345,-0.02627404000486422,0.09796959970208263,0.08095431197125436,-0.012674618271375948,-0.00897459096449893,0.13413519966161402,0.019125118124975415,-0.15190302581368087,0.2642708319835947,-0.018349826323628804,-0.03841244430805091,-0.027597794789471664,0.2743347663345048,-0.07628590457784412,0.05006406130723917,0.6970353902961506,-0.05241099394856974,0.09446768065572542,0.25234565385471797,0.12331417133827927,0.22910289561696118,0.01947955158880177,-0.08622260375068436,0.24123474209773121,-0.0032955539973045234,-0.4892560783191584,-0.34603199817138375,0.013546462330850773,0.030425261812524695,0.5682555685416446,-0.18326336401310073,0.007149610297346953,0.2430328867303615,0.016814865470223594,-0.016018342855829815,0.0806645161292181,-0.30468973021561396,-0.04219819484023901,0.10344188999897597,-0.0582887244381709,0.23320614673139062,-0.15900311560471891,0.13121589686488733,-0.1502889671110097,-0.030809450013293826,0.07479301650710113,0.07911610576275052,0.08366901697354479,-0.05109128668118501,-0.03579236434597988,-0.16609018979079337,0.026692879042457207,-0.016599203280293295,-0.04004020337742986,0.02881731876050253,0.05301761164173513,0.5158646192321612,-0.029558522868683212,-0.06729911024171997,0.29647720036109604,-0.10939740962078304,0.07442190443180152,-0.038539462231710786,0.17812506206973922,-0.0987892436810398,0.21888750422658632,-0.19181727886189037,0.10512842906973674,0.043228255430676654,0.05863172472709266,-0.04883141394384438,-0.09895836394025537,0.12824565774644725,-0.0922620375436054,0.03763861951392755,-0.044170837489218684,0.14989027732190152,0.06108814661502038,0.33161255296212744,0.08585676022130428,0.10668390006503614,0.2040210891773313,-0.05330929400588502,-0.08433481264546572,0.13236307846091222,0.12977367304620202,0.015533590732957236,0.2145104900032493,-0.02446717036582413,-0.05055778546261536,-0.08192579240539999,-0.020328095726654283,-0.15816710039507598,0.11896367906604155,-0.006278964307057322,-0.08074218978163117,-0.2291113020692137,-0.12038543301605387,-0.11113758968272691,-0.04866480953228347,-0.04247742000188737,-0.23751492633891758,-0.0078020788641879335,0.05685583116428461,0.3082020156048202,-0.11354242984816665,-0.026550472937742597,0.3898592717414431,-0.10389008358288265,-0.029411586932837963,0.030509681968396762,0.12640056485361129,-0.010032380614575231,-0.06394571100736357,-0.17134891951354803,0.022511515231599333,-0.015583660559059354,-0.08703485221576557,-0.17680031359668646,0.2710666086368292,0.48433403582930623,0.08621348025417319,-0.17701532391220098,0.12826530746588105,-0.012292532496758213,0.07774693669307453,-0.12866355812093389,-2.0075096491345903,6.120982439829226e-8,1.8780161745168833e-7,1.0807442959656632e-8,0.01984254573153521,-0.013628384582261788,-2.659104378632815e-7,-1.336356861614263e-5,-0.05655464388837572,2.9599218492881718e-8,0.0002754197743684017,-0.000597026768446085,-0.0013110508780300734,1.6217650924618687e-7,2.256413779780364e-8,-0.27623810328077525,-0.00740402729275047,-0.06633326631708769,-0.01725122745392582,-1.583523010162402e-6,7.097993734106467e-5,-0.025290104427995175,-1.5478578635833018e-8,0.003778223731842445,-5.861327953482487e-5,-0.06831440905079944,-1.9002247175770037e-7,0.032890285045141354,-1.469042425039646e-6,-0.08735705199069344,-1.4940686544287018,2.962993438937467e-7,0.001451910378506227,6.9431622797822e-6,-0.003188251949438836,-1.1078078791906592,1.1601970443392284e-9,2.200214492542596e-8,0.4265824981921469,-0.00015049202508521375,1.6503484165202031e-9,1.5940701231897947e-5,-3.7394904986998156e-6,0.0003824214143151039,-3.7819317264542462e-6,-3.137246606943478e-8,8.247890765034072e-6,-0.49811184705322376,-0.004738363231354015,-7.544522671043552e-7,0.3566553926029883,0.4816305719286902,3.3413420410965955e-5,0.03736250993097201,-0.005948236336735135,0.004071094844448453,1.0054635452005911e-7,-0.11926328449317225,-1.5018690560086867e-6,-4.080277716145275e-6,0.00012656203647054554,-2.0149928343926593e-7,0.0017625081399046394,-0.044195597769430606,0.003631961068549572,-0.07217111548197863,-0.03640112392577066,0.0014429325792661984,1.6730152839983248e-5,1.1668468886671945e-6,0.023515074749411724,1.6065771131223983e-6,1.1024315215574232e-7,1.1934582123007687e-5,-2.1820681470052783e-8,-7.162507520419581e-7,-4.088585060357114e-9,3.0016191974666095e-8,0.000897353860068506,-1.8223835430292157e-7,3.0396574627993e-9,0.00020661446617253887,-4.166667056537676e-5,-3.1150586061734487e-6,0.0755080390299554,-0.0003813336342375351,-0.0006846567447666985,0.00010722664637441426,-1.3889893069208483,0.021535901449169614,0.0026193179576239345,7.598661670021878e-8,0.00026186943767925186,0.4560988481680397,-0.13489231989842665,-0.0009200127616679765,6.782832503299252e-8,-0.36333689225557464,-0.0009799989124985586,0.00023071213702152704,0.03845755464863032,-2.0406951699580844e-6,-5.48078765927329e-7,-2.7049450153526777e-5,1.01033758892477e-6,-0.00395316166725479,-0.2588897735440696,-2.6682228163044108e-8,0.003568490507234401,4.323816008877657e-5,-3.3978429830883172e-6,-0.0008280813455598945,0.026824297905932326,-6.942239953566798e-5,-0.00028360487876000207,2.3194483000921196e-9,5.982775505286586e-7,0.0022004558448145417,-3.5211235672960584e-5,-0.0010507347364523412,2.660836457696325e-7,0.012558526171915219,0.0014516309956889017,-3.8108078028731285e-6,1.2967003217706496e-9,-4.188451111497571e-7,0.000616151736274162,3.306220063770127e-5,4.762935973445792e-5,-1.6003468307879132e-5,-5.858280230017221e-8,-6.400374180204338e-6,-0.0026471229996047896,-0.1475039345532423,-0.01481911058363039,-0.15813530344166793,0.09234686566196615,2.002286748137294e-5,0.028709945946957305,-2.3853344761009794,2.153441652885668e-6,-5.226600134633497e-8,0.009184169347932425,0.020169782089396904,0.00014669726618521395,-0.006486483746812155,0.030954621483033407,-0.0019115896216135297,-0.0002460257274350397,-1.5357220115030934e-6,0.1473956844274653,0.23736893008754123,-2.0452733302533943e-5,1.184972661633088e-6,0.5541461820830591,0.0002842843915686899,0.0007016325915216726,-8.411586893686263e-8,-0.0003002843931199095,0.060624588128121104,-0.006177694701023029,-2.5440971889620414,4.287106339617708e-5,-8.618921485403774e-7,-0.0003265913912287033,8.354721991489511e-9,4.587544550016531e-6,-0.1834627579737571,-4.147444368607367e-6,-0.009259431834379939,0.00012677873987243515,0.002103347435934211,0.0002404721051902925,-0.002639167663630815,0.04317945933144074,6.906457780964104e-5,-0.019338212732009197,-0.0033167455658258405,-0.7384422326867934,-4.119757100795596e-6,1.3128243727678068e-6,-1.6949960532031128e-5,-2.5320291038966047e-5,0.0007350664833438714,1.5027905561737498e-5,0.07043689372221706,-1.9913117191172205,-0.1097388830021373,-0.02249962595260513,-3.907683451487287e-6,-1.0508989278790182e-7,0.41849322006237344,-4.1071983994389605e-7,-7.849574921309221e-8,0.13828192206347012,-0.027803840406704694,-0.0006373622970841097,-0.003401980451712916,-0.014726214831171092,-2.5444678835029322e-5,-2.6384603643236915e-5,-5.068387318729606e-7,0.00034208653133704914,0.08120726389461197,-5.8104899416377975e-6,-3.068261301975017e-7,-1.4969590656166432e-5,0.00042675250472257176,-7.677956552765153e-7,-5.707944299437884e-6,-1.396571507683575e-5,-2.9625670409927363e-8,-0.3511896371783223,-0.045273859352164436,-0.0006860880824888227,0.006681379664314591,1.3709048698018478e-5,-0.5659728806058411,2.3169465981215387e-8,0.021984086487464083,-7.215368774682318e-6,-8.603284868513583e-6,2.332705134167057e-6,1.8330298190774585e-9,-0.007707738686194787,0.00032071813859602116,-0.00031667513530209135,5.406701541588177e-6,0.000509944045006705,-0.06214419479329081,-1.8522852796741063,-1.1122176998834554e-7,-2.713570506317209e-8,-5.4950632499384255e-5,-4.6862740532560565e-6,-1.242499008624609e-6,0.0009254639022922007,0.08275229217542801,5.666392497261086e-5,0.01995040469819287,-3.826509140303358e-5,-5.376894519903974e-10,-0.06423029089637566,7.668285673112507e-6,0.1510645777962054,2.2257219178811738e-8,0.060112988273431256,-0.015971413155057235,-1.2167315613709206e-5,-5.5625710942308615e-5,1.3776549087629597e-7,3.6544064394572473e-6,0.00031023071800007074,4.265378448664592e-6,0.23461587468409562,5.172933651920175e-5,7.248619579014459e-7,-8.769365040794952e-6,-0.139355399980559,0.05773851813273723,-5.789500191610841e-5,-0.4754269245895557,3.0163945694994254e-5,-9.360476149744557e-7,-0.015066236160237167,0.2265219730179524,-0.02522547075568582,-1.223501929215054e-7,9.910322404493854e-5,-0.0029508088533702903,-2.4164907679313785e-6,0.0006381706443505664,-0.3685276962351054,2.3681151461563132e-5,-2.1452318159712047e-9,-0.028186591473058797,0.00014014530312067564,-9.5496619584301e-8,-1.2252582475724694e-5,-0.14060256979428232,0.760899301385507,0.002116575476975413,-3.454285135617852e-5,0.010211164539214224,0.0006123726620899106,0.07999388026655652,-0.008219984851848494,2.3385510328211012e-7,-0.0030417955566761634,-0.0001684246137045875,1.466397106630879e-5,1.861897343147234e-5,0.0023417345585698968,-4.575282225305344e-6,-0.38466897853504634,-6.593511414076936e-7,2.0219111194208494e-6,-0.16741642329725437,-0.007420989637466846,4.784231624910262e-5,0.21164347250305582,-8.46848335622763e-8,-0.019521076559612993,-0.041553014901182905,-0.04190546052996069,2.6168137239324096e-6,2.0387932757603977e-6,-0.11861189325281885,-7.527661626850757e-9,-2.17294843743443e-7,-3.560686457904083e-7,-0.019038074546188,0.00013901187273290816,-0.03734595610148972,-0.00019498187110400522,2.667322240579306e-7,0.014481337348072998,0.0015781374447669805,0.1933174352743663,-2.8119748500810005e-6,4.0470013585106046e-8,-1.2466691247103867e-6,-0.0011571693202654387,0.021643168833179516,0.012062204158610257,8.674711192924178e-6,4.4613972360885157e-7,0.05679821661397,-0.3120259602437727,1.0691319246580733e-7,-0.639127730333712,-7.19064092713495e-8,-4.530553120218883e-5,0.0002727384028275992,1.6521357650844948e-5,0.027497121984197292,0.0600863993204257,0.051144061639206484,0.007489491183150676,-0.1604382422542585,-2.6456414571260356e-8,4.385566874653968e-7,-1.4866079537156907e-5,0.04959375025828194,-3.567116625968758e-7,-1.0799047797271921e-5,-0.0002018550868569946,-1.506745122004105e-7,2.1587688229907087e-5,-2.3629496819221885e-6,-0.0035142943561368156,4.135157499263187e-5,-3.229427576398325e-8,-9.253372448836394e-8,-0.0003996402519419462,-1.5779072420555167,6.70031084517575e-5,-0.0008936723970407456,-2.0520428734016605e-5,1.1297522224396062e-6,-0.018698400825769568,5.387705605652826e-6,-4.993278258869083e-6,-0.021840759478436667,-0.10961683423010982,-4.445397557084618e-5,-1.2957504773591921e-5,3.7825959852355595e-5,0.0003422662187659853,-0.11427628999808803,-1.5712333191419958e-5,-2.076794347161126e-5,0.012096277885575546,0.0048089593863096525,0.27846091394894756,-2.1455712466558907,-1.2918705024844712e-5,5.0635471609439264e-5,-4.231929275760882e-9,-0.008199148407584289,1.1797961382953304e-5,-1.606374831908397e-5,-0.039094964507967234,-0.05966727080522105,-0.0007339627680948979,0.000194928993096255,-0.15498761949038453,-2.1489011007291836e-6,-0.09054291928487146,-7.449664941105993e-5,0.0016717525592468974,7.793687486046252e-6,0.000615985233991978,-0.00012721096978651758,-0.0025707249760671402,9.099574482807071e-7,-5.246199659580952e-6,9.703361436227964e-8,0.004114060380970841,-3.7926569607105165e-8,-3.979198227033187e-7,1.8146774210039962e-8,5.351124972019505e-6,0.00018822816642227735,0.0002726384981670549,-2.181654561184132e-5,-0.015351072581324843,0.4138852491232683,0.00013000472708313282,-1.3318690221808538e-6,-0.007039824230560043,0.0005821449112772825,5.204125200219956e-7,-0.002115871503008293,-5.324259129224629e-5,-0.017808726714065415,0.0009045477078757358,0.035825052111249533,0.0002230788239216963,-0.929101135727251,-0.5913756536319852,-6.153606285641544e-8,-2.3367808941188173e-5,2.847131436722883e-7,9.832991954006332e-7,-0.0007529472297278517,-0.00171407066750362,1.660629049382578e-5,-0.00013364177755903484,1.708980767317625e-8,0.00022991525920446065,-2.0089250765686906e-7,2.1569540151755717e-6,0.007982488672496402,-3.353317032606107e-6,-5.40419588830332e-5,-9.438935923355984e-5,1.0039736762779139e-7,-0.08161330060102046,-0.03127143735309801,1.8594172954689014e-6,0.0003127887899641024,-4.181992901197695e-6,0.029970696952659637,-0.004601054208933419,3.8819248467103495e-7,0.015190250867817667,0.0009190843806266003,6.385051665169783e-7,-1.8355942449366225e-6,-0.0012833925256074963,-6.236491496025565e-5,-0.011170356434377027,7.6087023259674424e-6,-8.334693593278764e-9,1.1350241976515463e-5,-0.009652483075797136,-9.901881202478702e-8,-0.04205218431161484,0.03720240442089562,1.68203741299916e-10,-1.3372890451002206e-5,1.5410165239357343e-8,9.31104202006594e-6,0.8461979301100655,1.5683470302833846e-8,0.00021198659748478121,0.08329551365750376,0.00019030441367107187,7.156931417284795e-6,0.006199850934535789,7.643338420848522e-6,0.13096032415160153,6.866932255888969e-5,-0.01656844409990299,-6.313114501721451e-7,-2.649283926459134e-6,-1.7397413465403133e-7,0.001632670185472307,0.2871128645197132,-5.370185395037197e-6,-0.034718997549134656,5.071414429028143e-9,-0.27824479233822785
