-0.0043523000135792245,0.012187738363536482,0.03791815606609816,0.09495402479615223,-0.0018991751885550912,-0.2586069081817186,-0.000284514878671871,-0.0034653756740681274,0.009678026121150651,0.006699902042782924,-0.0024001825440791436,-0.007675028023300001,0.0031426169007318094,-0.019549420845578425,0.0033055339081329294,0.0027457081041575293,0.04400895529306581,0.18922112474137975,0.0021639258980030718,-0.0124317634754334,-0.006111727092502406,0.002444708858092781,-0.2173710842635046,-0.0012098448823962826,-0.01346157507022383,0.0001795766816030664,0.009084666959097376,-0.0029629951932292897,-0.006581070765605546,-0.007196236378149479,0.007565277791854896,-0.009698573649075115,-0.0038707522080585477,0.0038676986750942888,-0.0016358829607270309,0.0064058814277814236,0.0024015390199565445,-0.004167488287976084,0.0059847113248991946,-0.05151468876465515,-0.00023522113770013675,-0.007562984017567942,0.002982021040224936,0.0031785344417585293,0.010086035330544973,-0.01745865830935145,-0.1420393088410492,0.00043976251072308514,-0.01752172052692913,0.01228864117183548,-0.006726163400344376,0.0024823589292282122,0.00429850249656738,0.002979993771077716,-0.004093547904631123,-0.0017798570297600236,0.0025059821164177265,0.03822659642537474,-0.0007300287652469706,-0.08294730196166711,8.026251271076035e-5,-0.01824160045316603,-0.0027227832561038667,0.0006890511840538238,5.769306244474137e-5,0.001439747951735626,-0.003754300365471863,0.00982078538299902,0.006267127535920736,-0.0024790294119156897,-0.0011115293309558183,-0.0028654967882175697,-0.001886377308437659,-0.0006458828138420358,0.004883992891336675,-0.015531013399595395,0.009688963369626435,-0.058043457204277615,0.001389330465826788,-0.00556149174553866,-0.005663802852723165,0.004623407577582839,-0.0029365885038714623,-0.12569180084392428,-0.004750134328787681,0.004229473776376835,-0.0018282443870702991,0.003012865395874087,-0.0021522851432109746,0.002493047998541442,0.012415899943107434,0.31327934327600815,0.004489862051855198,-0.0073597189748397795,-0.0008904550149964052,-0.008755445392125694,0.06224033012676955,0.0005781795650818822,-0.11785445530040306,-0.06116486661176168,-0.006025395794495125,-0.004589074045725283,-0.00305213103092683,-0.057603655494858685,0.002038130064647703,-0.005384457364925765,-0.005732551074743242,-0.0017751453542587114,0.0018827879630407551,0.0043905777515078626,0.004468571048391823,0.0025162083584291395,0.03039925102075358,-0.0033062607853935333,0.038229891206356115,-0.18194559356197715,0.0039269226472242735,0.009273174651752925,-0.0053842231513954175,0.014757216251041427,-0.1721529364235721,-0.1921698953719897,-0.003126184428765555,0.0029850557757526985,0.03243532341730315,-0.005131300510129222,-0.002420388902464765,-0.03713948299809999,0.0009308153321399004,0.008206357432754885,0.2080761626966705,0.036324515713204164,-0.00035753880911215674,-0.0003889647528012574,0.004117503376619425,0.003525868046068581,0.0003006076440215111,-0.007730371657089563,-0.14590496570190226,0.011022676242646412,-0.0012570410835905932,-0.004745114900288172,0.007427239010212361,-0.0018418294966977555,-0.021386627820902504,-0.003283360697878379,0.00032927622669376433,-0.003315883142022358,-0.012274959277419839,0.00030928157320886385,-0.00853423372245743,-0.008443549908406567,0.0009838485252657847,-0.0008734743494187569,0.00599829353768655,-0.03826129586377647,-0.0070983633031573845,0.00011334376404192881,-0.0020106707197555806,0.199898719686189,-0.001106578522012569,-0.004175350765081021,-0.002906367812784083,-0.005665344365979763,0.009212064918756369,0.004106632888124295,0.09576169604270035,-0.006256037051571184,-0.00152471401713683,0.02819414208533999,0.0028516274387584417,0.031179933458929554,-0.016167118468729313,-0.004170733687374195,0.177068589294322,-0.014257749904572847,-0.010974919017826323,-0.002432722028970602,0.005531178235059997,0.010039637274530833,0.0028177463223073573,-0.001295716949243797,-0.016199029380004504,-0.00852924352352602,0.13997778360771918,0.036042244762938935,-0.0013780054387098062,0.00667041823908221,-0.006866364112283918,0.0011144550126864772,-0.014564948685801937,0.27324562462672475,0.0007625877728969499,-0.004654249441045977,0.1365197272516525,-0.011086766749031085,2.9845128210581606e-5,-0.004616869828623749,-0.004453345365618588,-0.001099915040867927,-0.0010029206791841716,0.0034440298841218464,-0.0045075979660396115,-0.0069334707550297026,-0.04798478587417776,0.0010774041340937401,0.12254096633751033,-0.00015491653243770998,0.0008810816548248113,-0.008912230103305774,0.06174209251366847,0.022217998641281156,0.0008346237518992439,-0.001546013150118597,-0.0018534339396865107,-0.03263216969935456,-0.0054993318965443905,0.00024555005757065373,-0.0057665833423925505,0.005116685641951335,-0.011573883764185666,0.011686787031976564,-0.010469351898791501,-0.005454473242025415,0.11954587792934035,0.0034469502224965254,0.000785933076940637,-0.002985276985782548,0.0017464211489368608,-0.002201912553573493,0.020327347634520265,-0.0031248076193151064,-0.047795458574000804,-0.005333934927875816,0.0015102206298251986,0.004037036781483039,-0.008793637640337693,0.015081820359228004,-0.0004947527158947196,-0.00200314693756809,0.18849989604132134,-0.0001125004523601092,-0.0011356495870131766,-0.008385919315514911,0.16217771171432105,-0.019772456362261437,-0.00491688566035009,-0.0018456162961228983,0.0014072978920012247,-0.0003211346661373682,-0.010869793987463794,-0.00014480887602985604,0.0003550581222953042,0.004200254399620462,-0.0022445370868808823,0.0021381582677122424,-0.008838950698191184,0.044428371689718915,-0.0014735988215761608,0.018920429250101733,0.006853694067103788,0.01586156734265387,-0.009405129394508549,-0.005910241339734057,0.003968370223446982,-0.003144839815377054,-0.001577267462380405,0.009757367469319433,-0.0023360965851679794,0.0005775132540293271,0.005787310201412765,-0.14193488653359054,0.011589414946683974,0.000436235626693815,-0.11364733359368984,0.06579962446630816,0.01887343467433311,-4.494863787840586e-6,0.01734792764091253,-0.0033503964104966144,0.032740302392994636,-0.0016095215578388888,0.0050488844153733226,-0.03028731396443618,-0.002609023198374416,-0.0049649783704808215,-0.002461700971252867,0.012492562993429601,0.003251163774507404,-0.022849954417324625,0.0030004353320691735,0.0016060224656939681,0.0003378457436156168,0.0004996975821995875,0.0019953670453105588,-0.003903098335285904,0.001028224814490386,0.010640800299370312,0.019980996685262653,0.005840232133095924,-0.026310556069503832,-0.006035319766851899,0.0020564378446579212,0.016111586417537183,0.0021504970434307324,-0.0022626909321843414,0.004341347572960785,0.003738787637303176,0.03079150386429319,0.0018346602037127013,0.0059357860754971625,-0.0008223072873079218,-0.004604533936799271,-0.0019883605004906713,-0.0029674791944671597,0.02946403635723982,0.01167382696075947,-0.023393977144223754,0.0036644862393586664,-0.00732358523282528,-0.00638616222931887,0.0005660450529489935,-0.0010291878020325385,-0.0014353768199271144,0.005533989466130151,0.007012171915448562,-0.02018482298080926,0.0017812357134516787,0.016313583826558897,0.0038512956826934897,0.01639390836135135,-0.007655867578705511,-0.0044166210077492,0.0036152824677628814,0.00025839041950348474,0.0030092555339251703,0.00029162434839236084,0.0007033663273432467,0.009920852817231207,0.00155479282966553,-0.00017067154476535507,-0.007297673563030571,-0.0033288993056022065,0.006701871148834471,0.002485419516233378,-0.0010513263596294564,0.009027559408423258,-0.01842824330856274,0.1739747558349336,0.0010362352584252221,0.0012230414440637105,0.027263605545158498,-0.004518737070611678,-0.0027465633686460933,0.0007374450560746482,0.004709144393928,-0.0022604463233619754,0.011107053363957675,-0.002147666549717542,-0.0017656311210885178,0.009851224769590772,0.0002183516576224065,0.008544854998945084,-0.004465589103347156,-0.008726867362383928,0.02287824452514542,-0.0029902630813012365,0.004537658315939552,0.14436959755494172,-0.002211941164887321,-0.0002889119987230515,0.0017425703208573395,-0.012207026583837433,0.11783095836199209,0.004053504051626078,0.015998175264485326,0.004812944645436801,0.1659690412998316,-0.003326650327352354,-0.004511127962359751,-0.0020302606344557717,-0.002819078683387488,-0.004245495580107672,-0.0004766956744788331,-0.01218771119692974,-0.011663361301941677,-0.00080993391463835,0.0006586885447177337,-0.0055864212354208576,-0.0011190116392754135,0.005264190352136211,-0.001564565362969006,-0.00832677479411359,-0.08980750673799776,0.0003467168139650312,0.027051224207752966,0.058321802559476055,0.0025152204998448724,-0.03527347043655027,0.002534662176913116,-0.042469371195693384,-0.0005647882753692102,-0.012125693098823831,-0.004555981269732001,0.006333091943815816,0.0029464319923135918,0.01870109231913375,0.0001513279803475598,-0.013232525481726043,-0.14575286143065114,-0.020690650930191623,-0.004616634689227794,0.003664252915768884,-0.005051543254012358,-0.006596448259188037,0.00047650769829488127,0.016099376616693917,0.006752782635430776,0.003912925010808976,0.00018890952196670696,-0.0023546895563413273,0.00792407184599142,-0.016458199452245026,0.0006632758759224089,-0.000673038060995168,-0.0027593488503043773,-0.005114655306897475,0.0017416172636330884,0.003363714993611211,0.004285438179067569,-0.0002792763110051055,-0.02819087674288312,-0.003123024126580276,0.00426335841348191,0.007370297833404038,0.0015942297122819582,0.03639631927217124,-0.2079429462828557,-0.034177776497017476,-0.0005611136948573403,-0.000490282282271437,0.006647310717198707,-0.0005564830908042495,-0.002578079849627102,0.004042561674623357,0.0021695951490983134,-0.003876104981827666,0.00650137061006717,0.003896129261192982,0.002128473753145954,0.00467870185866559,-0.005345880131244485,0.00028414048574632034,-0.002330441620415513,0.0011845200897369068,0.011038505597753101,-0.013149079107279249,-0.1031679062080002,-0.009408139900642709,-0.0021363218174883514,0.004063858174504276,0.012711595493783534,-0.0027254522137809545,-0.0604015154967783,0.025974910024160636,0.006281157308876573,-0.0873747387960293,-0.0013243825321751501,-0.011000429737578088,0.001568655674418551,0.021296999389051052,-0.13779910690118413,-0.05331053906229499,-0.0032963277851649764,-0.0013329575149327866,0.0005510208266059635,0.025587122026081488,-0.0011069233029274983,-0.005050184618085041,0.004345161993114743,0.005193234730541008,0.055922532146723825,0.008889253332654334,0.002650830301888618,-0.0013336690517462557,0.007015579019480356,-0.001194842218865233,0.018267076045958675,0.002419510386971524,-0.00314131188747524,0.010811653221026063,0.0032200106070376933,-0.0018910019261397792,-0.013803607748741342,0.006097719206991314,0.081534416982322,-0.0007310234423130169,0.004180190069746459,0.005591175821336947,0.0018989340746884409,-0.010046545921795769,-0.012693364922597539,-0.0080326075967605,-0.004581112941195897,9.109973504450863e-5,-0.00437422787581454,0.005421154354507962,0.40550314381107455,-0.000537998213985702,-0.01683240289639798,0.0011100452293248964,0.01994796366079754,-0.00195750754116375,-0.004095952404895797,0.0013054861733508005,0.006528589926801942,0.05956492416589754,0.0017098468815675005,-0.002729542625729664,-0.0034476618911867263,-0.0034450244238541927,-0.003687558571982663,-0.004445945267434581,0.003426415291869489,-0.0005698893523913284,-0.0022220781402211287,0.0020577227132889675,-0.0032103720291161153,-0.001922423588894162,0.025137423168416717,-0.01288088554792921,-0.0375022670650651,-0.004795820324034139,-0.0034663550250115804,0.049485492792882724,-0.0006755217646059464,0.23375200899863557,-0.0010895463180986553,-0.005079523255517415,0.02619460297137266,-0.0009283323452109471,-0.0017041827761659079,0.0036348154790175613,-0.0061126683413021965,-0.0035292772549837537,-0.03203514686993003,0.0351755670935745,-0.003276009500496002,0.003283885158452904,-0.0005303040647959278,0.07509774344725884,-0.010661093864655413,-0.0015297384459813657,-0.005748824065449298,-0.0030443146129073284,0.1411644973557742,0.09927190251801221,0.08012486317238654,0.06625952490321652,-0.005685874636583321,0.0870970299313285,-0.003560072640539147,-0.002910591111572103,-0.12593852178179077,0.002338518542728707,-0.009899493230477674,0.0006318099403870292,0.004391442934910117,0.0035302989790579886,0.029266704422298062,0.1463262655138351,-0.0001499732243246399,-0.00424864550222992,-0.003786168268561596,0.005347228783421087,0.0928880138835666,-0.0004962805842296802,-0.02355994169030673,0.0015197186935438367,0.011132883068967203,-0.0004676328708228539,-0.00534991496215298,0.0044380687540979125,0.03293783990829979,0.02842822695384939,0.025544463202095358,0.0008923760087782284,-0.00867591772475862,-0.0012593504351059437,-0.005230954626767925,0.0012130584577789705,0.01798354178572481,-0.0017098090127092291,-0.00264159393736918,-0.016843040691128408,0.00031458873108647367,-0.010341708912164904,-0.01039975500862056,-0.0016722713971830672,0.002405421374078287,-0.0003656766150470503,0.0026028155834865174,-0.003019816269443254,-0.00471588662941258,0.00028686218763596116,-0.01171436559434369,-0.018965917454806913,-0.00905436623361311,0.026540136746916687,-0.0006299706251411408,0.0049052203648898285,-0.008083529981377069,0.010097642592882039,-0.007588786209225873,0.006552101906891039,-0.38868700318198535,0.02052465724625563,-0.009256921555788722,0.002737075330969674,0.1279195801153037,0.008013629858851345,0.0009268202456951258,-0.001585993418302678,0.013949128242416009,0.00016117972427309724,-0.002611798226098472,-0.002800073134494596,0.05718348420487018,0.0023296525523619493,0.00965335057799166,0.016736673566811078,0.006004513118114119,-0.00320030642456004,-0.0024654330445628148,-0.06427688322946778,-0.10995801200350286,-0.002805152921609988,0.006406339822149221,-0.005221107381203183,0.003008618038620625,-0.24459697716611117,0.004963883488017018,-0.0010364313484387822,-0.002074077678116737,0.017805694600610877,-0.02848662479664199,0.0005102110999359866,-0.0025812528147071134,0.006891168097354239,0.002126770044924342,-0.010687425588685073,0.02031189993431326,-0.013755617359493044,0.0016601498356294542,2.1993040490997373e-5,-0.029740625133854337,-0.01170965121491463,0.003971238122176146,-0.007699993022470153,0.00534332285178607,-0.12865814567521738,-0.019347427014508867,-0.09659464385390493,-0.0004174553560005734,-0.0024548967548980727,0.020757162720656197,-0.0042095697848480995,-0.00904214476213383,0.0021815915242768824,-0.0040899581190387835,-0.0018469187125447206,0.11423331009495996,-0.013813622019370086,0.0048322232214559335,0.15569052440264386,0.0013918429858676973,0.0025199829578923527,-0.005548924018388135,0.005488313926434785,0.0006729287383677729,0.008458783850073814,0.06126892519887406,-0.05154029909908786,0.007304102638954646,0.002985952084600285,0.005377054869313724,-0.005059233183828837,0.20138777388638118,0.0035192699087929213,0.0014740614788024686,-0.0003668155050036148,-0.0013504598109648214,0.002340929023375793,-0.01555441926484491,-0.001602360918695922,-0.0010123806277988479,-0.017858040599094238,0.0023845854288992996,0.00157835675190654,0.0144548595062588,-0.0029227036684460472,-0.006468780545219488,0.20416717668831552,-0.004844613655222929,-0.0029223400938462873,-0.002167258153917828,-0.11651161456757109,-0.15182354102034878,-0.0017946973352991336,-0.013423500477074413,-0.08799690276646288,-0.00695757607172709,0.004504133620002904,-0.00554978368677439,0.019655376609989617,0.11576786215755419,0.0003217295516151353,0.002015348882196122,0.0028118700804498076,0.0034661928758623617,-0.003476138947007712,-0.07206528403366974,0.010889381428569322,-0.006135195360911894,-0.005559012847385247,0.0027900934054514437,-0.009540098832076183,0.0003872661964123836,-0.010297866224391328,-0.0033924030483376555,0.0013835338181706902,0.0733508328007133,0.003120598534223973,0.0010108592341566691,-0.0012840286694881797,-0.01651799981664226,0.0035322189523867564,0.013514130759631371,-0.006556215192176751,-0.0013889369201933732,0.02823146309128788,-0.0009531715345474367,-0.0141127490078361,-0.04073419148608082,-0.1434080968501803,0.005157050904017524,0.07290320853462617,0.003983700378739741,-0.0018138698763863204,-0.006645514446063316,0.033085539095509375,-0.0019274368296464672,0.0002186491756219766,0.05226171609933772,3.759183289275825e-5,0.004579261428034442,0.0033732448355294764,-0.004400916967369994,0.005228494753282575,0.008014406786742256,-0.0013091491430259339,0.001894937055567425,0.05979381371071213,-0.0068226140465412755,-0.004688342700319481,-0.005470364986649656,-5.5365422667819075e-5,-0.00047523426678708347,-0.020080552638319205,-0.15152739972882046,-0.003083867495661252,0.09805201444032718,0.0024351864367417875,0.00111294736234413,-0.003564805596397491,0.007643204692612926,0.0009513058994912171,-6.291823228821158e-5,-0.0022812866382082575,0.0024956961993893856,-0.0027684090073307743,-0.004669583126087673,-0.008024540734140828,-0.09613582379006402,0.0006301957387222501,0.05122800358367385,-0.006187052177210717,-0.03829848522946122,-0.000809777606264106,0.000329922803075533,0.0012872080018269116,0.09525436369222007,0.002299075250448368,0.0004577926611091243,-0.22203552271912486,0.00047563271937178797,-0.004302461751649389,-0.0022993529528321233,0.07619697463633202,-0.09619206104434852,0.0035239966564404313,0.016497861126708813,0.02027596970447121,0.012424149286744068,-0.00024411340109509183,-0.0020143156580161303,-0.0002826297077263007,-0.0017325588887615595,0.006782411485119155,-0.0038626112191195716,0.0024243446514446987,0.14658008695187164,-0.0008700247572051012,-0.006865241335617611,0.002147940977010876,0.025984340010836604,0.0018567174629424699,-0.00010219205341854831,-0.07893635671143784,-0.0008865365925885271,0.014116295308440385,0.11299848603812279,-0.0094436163615228,0.041089525258030335,-0.010848205782167497,-0.010828563325503637,-0.0010710702147207485,0.00449326279658635,-0.005742722493778274,0.003266187437930057,-0.0008041896344366251,-0.002942394914043689,-0.005915318275583559,-0.003606567790484405,0.007979422087373678,0.011428891682385256,-0.003097694711868826,-0.01421939261672378,0.0020533583865471883,0.0013711509750464757,-0.005370450372083724,0.10200616787824401,-0.0013963831179353292,0.0025461293380431016,0.09111511769697245,-0.0031717346828372683,0.001687703032985155,-0.18280148521262163,-0.007226355324746692,-0.012231231451551139,-0.0004564205046335701,0.004968519346221001,-0.0014494336846837541,0.004046379655392229,-0.015924960657685006,0.008445243217465759,-0.002138287602974742,-0.004323781640778179,-0.0016747940026107244,-0.0059155587564418965,0.3466678228105593,0.017862719188315168,-0.007928462258860236,-0.009208710606799286,-0.0006877042937105671,0.03207865978765767,-0.01339697059484024,0.001409280393133372,0.30707265228375036,0.0005508347471732122,0.00013842843310385433,-0.004519649438407214,0.004659653024646104,-0.0029969382185299764,-0.0662779047611366,0.09916183971108694,0.007572237519298142,-0.008554146090318682,-0.0012989937522434047,-0.007021657529548975,-0.0056559693753115425,-0.0037072390732646454,0.0010138280467799632,0.03472510734627576,0.007817296076609637,0.03136830648600153,0.004781171052854916,-0.007423167939123232,0.0015079915206115402,0.014225009813344514,0.004626746503163304,0.005332626647941652,0.004228724805670936,0.0018687182141547964,-0.007592553670974667,-0.003266991104283079,0.11120573556218005,-0.0015308980634927138,0.0013389566965997801,-0.0012607001744981972,-0.0026888787597272312,0.0032778202171357407,0.011072067595705448,0.0041237212553824065,-0.013100836097237334,0.034185635913075885,0.004540089798865665,-0.003028518696737592,0.00941914800205268,-0.001777610429599008,-0.11024102778173983,-0.004390366715114169,-0.004373440351628233,-0.0031368107820526347,-0.0030953946998124593,0.0030277557616500417,0.014750564114365261,0.006127280568762217,0.004375797861314368,-0.005699384385479789,-0.0014978632420934446,-0.0046454896009890945,-0.001196012755826814,-0.001560358584356436,-0.12062480692657118,0.049876753428179654,0.0073702179047359095,0.002101965427300456,-0.16389033701852895,0.004043055866532086,0.002628461498716206,0.016992648347468275,-0.0036313083501227084,0.047843897657003254,-0.26170314604678424,-0.045177583499025786,-0.002828818592689686,-0.12329555827091099,-0.026726770057393878,0.006927789666860917,0.0014268453728618624,-0.005890211443329463,-0.006784710490592261,0.25738842019018193,-0.002856870769392117,0.0010056736309707048,-0.1575643603196113,-0.0018595871651996276,0.0007060277282562311,0.0011171277046742034,0.08320813335376442,-0.028252758663256827,0.013199914439610438,0.16262051595367666,-0.007005549859513849,0.011202383509953506,-0.0037822497924935305,0.009322092653292202,-0.0044001978376400075,-0.013220215874753194,0.002096045824146131,0.03529032000369625,-0.010125329327365762,0.008606133033026708,-0.0004701942034444073,-0.1974380077335809,0.005340123299902189,0.005654821156724665,0.0009167085190711077,-0.0005474833363336984,-0.0004906599491505403,-0.009250497605989949,0.0016749909072473201,-0.00013258517947178916,0.006581618341442663,-0.00801023528879341,-0.004843775666813599,0.18551695780843147,0.0009646199971484748,0.02517280385200138,0.0044373139792242,-0.0027617384257609956,0.1743221824945067,-0.008279634822429216,-0.0004956371213893362,-0.00036535914233581934,0.009763308553374372,-0.0007210141964151262,-0.005431443808447511,0.001219056654463202,-0.012000512934719154,-0.004368014579085866,0.0020430280751497776,-0.0005687856751137588,-0.004123422696920898,0.0055387168995366665,-0.007574817174827331,0.01961701125765103,-0.10428446181958861,0.017599708336888398,-0.005272481739666546,0.0004417286145326216,-0.003053356464732815,-0.002873744466342032,0.017555216262735485,-0.0018532822732595378,-0.0008594540504418546,0.008477384392335807,-0.0059893424058827804,-0.0028897527263325173,-0.00549496230087243,-0.006986788379435893,0.0375946280178141,-0.000806502540854126,0.001743483432164794,0.0051865443911083275,0.05890802338763024,0.0015988244736035995,-0.006890124046549317,-0.003441415139604942,-0.004220907188937417,0.014344934632390505,-0.00035703689809452044,-0.0024699164883941194,-0.006651951399703648,0.011651035166323709,-0.014690419571707025,-0.00264849345762741,-0.007931089818157488,-0.03398743898196699,-0.026955679105753916,-0.0015801325462234672,-0.004445988242878229,0.0015551897563454986,0.019294780527161493,-0.0019364084600965725,-0.005367695637232828,-0.00015259335873452073,-0.0012918323495796358,-0.008423028053584858,0.004610774163666065,-0.0014551346862390346,0.004034014368016869,-0.0047243575027096085,-0.007172387262016855,-0.004823496123208315,-0.0034880947462170298,0.13859671601562695,-0.006801550360250985,-0.0035592332078522304,-0.011340855173330056,0.0006265398087634821,-0.004507322668814595,0.021055662336493697,0.005465306607220555,-0.008528662769094808,0.018302668076216833,-0.09531760779282195,-0.00484544147775523,-0.00018303612887393683,0.0033577337217138847,-0.007426708275602323,0.005852446971402969,0.0103322637396559,-0.001608019230843638,0.005967458497025291,0.0020899419710076472,0.003721259893382012,-0.00828487632679753,0.17364686135761076,0.009224426661603502,0.004612265342075261,0.06470667275425512,-0.0014455078380706254,0.0035595880181062967,0.0013924227159805014,-0.007684603827328829,-0.0026368536236986984,0.012018563569426988,0.004955914653919535,0.00015174614281932008,-0.0008672377161929035,-0.010039215685537783,-0.0028443315268305014,-0.0059477304021129385,-0.004221708822115033,-0.002369389605064498,0.003940748924151194,0.0022236385158720395,0.0021348938789742533,0.0008553018371912913,-0.006307949082838604,0.0076981371003057575,-0.0025089410082728136,0.000658332848615828,-0.005629553710605251,0.008390262087225153,0.0024112259999355956,-0.01383669527422171,-0.0053771486814184755,0.0036317101298664056,-0.0017753488118614769,0.02863381158942957,-0.0059086515529998,-0.0007349743318627588,0.017091344170694356,-0.00045131006481824443,-0.006905616191943409,0.0022923310889382265,0.008045500600019295,-0.0013109471838106401,0.02656748612935189,0.0014899492612130416,-0.002205642656008422,-0.00453156999174098,0.004783121221407782,-0.013293770763993962,-0.0019139410023853998,-0.004038674283037835,-0.0010872816533264995,-0.010076817829030915,0.0009094013557842118,-0.004173208857537247,-0.01910856451058862,0.0007595871766170603,-0.007206028629411776,0.001568551808304619,-0.0018359959581175644,0.1417798515449249,0.00290025244885328,-0.0014926819866332153,0.005125544451857422,-0.006967982516698612,-2.0536912415991537e-5,-0.01484237598378968,-0.0006675240420008777,-0.0066472366197558586,0.001291458204036644,0.06995035715954145,0.08703908058851084,-0.010371528097266491,0.006486680783496013,0.007997459128318951,0.0026276748108102765,-0.005952669529108334,0.0007025321119726868,0.011785004564444534,-0.0017486078651813841,0.0032811346782182227,0.0005563162958424073,-0.06759118004572429,-0.0020620624973162194,-0.013902760641940404,0.08591470077954,-0.04219864560764108,0.0125551057640223,-0.005551285759793245,-0.00019391317164263455,-0.11653478190964961,-0.003117705856311659,-0.0062713111155972,-0.0001199057533085579,0.0015417429567605723,-0.0636327262282066,0.004114208130204133,-0.0006982998547755415,0.004923846752717509,2.2319232812151313e-5,-0.008111595647278591,-0.15008011392819753,-0.0019794829545389803,0.0053311267620301805,-0.013529345617826039,0.00035098399484922993,0.025279786241753754,0.03071588839884498,0.0005722353107557865,0.007662366401746112,0.004722759640571894,-0.008620043920018361,0.007359481293860881,0.001253815069361508,-0.0004332632543082582,0.0025696555571812496,-0.006529671009502636,0.0038231125001857436,-0.0028683578848358593,0.004508778712988715,-0.002365409204230673,-0.037109679524292005,0.0033675989420771657,0.12577294924449234,-0.008459443895844743,-0.025884289727514442,-0.2549299766352391,-0.0003482909937702061,-0.010348284007704933,0.25084481966041494,0.016100602832466393,-0.01622430015390819,0.0018789326641126536,-0.0023527812465999887,-0.001785823347972837,-0.0014796649768413772,-0.0020787318171642255,0.0019166361225870787,0.017342083992843982,0.2154994065840583,-0.1577958538382518,-0.0009226541078533046,0.006227972057786246,-0.003180372636506945,-0.005330202393906802,-0.0007094539178069681,-0.0024679310436113155,0.005899337164009921,-0.017859134653917863,0.008284547012408439,0.004710186297529617,0.0011563268353711464,0.004236849175555335,-0.0015889031301412615,0.0017041052908552956,-0.003014917703694664,0.15108509040510398,0.007775347161441459,-0.0011522442146087997,-0.030202230780560058,0.0018892412535933545,-0.0014741736458745436,0.008216645272113965,0.0137740060536089,0.2501888326914923,0.0033856243953778176,-0.008789368506768369,0.0045369829294941155,0.0020424111671673018,-0.0383502621198204,-0.010826912503944186,-0.0025265026330316687,-0.014721797940751458,0.09443151445520925,0.0015491916899463831,0.00014844813449599314,-0.004126898617869301,0.0010727305599402825,0.005177317711059004,0.0075173962768531055,-0.0023700625270066666,4.5786671206471397e-5,-0.003951121263526147,-4.782543373949011e-5,-0.002896653932339177,0.04598058203191613,-0.2303938785680657,-0.03230900809148807,-0.0008414100566369598,0.00040524644305151014,0.005143611191670061,-0.0026708611021604156,0.013685925099935048,0.047650569009419996,0.004238193134369794,0.0004007733987236861,0.10693190617894288,0.0008309982513310388,-0.0041239505467274284,0.0017976673370867502,0.021287576390932372,-0.00878849838068163,-0.0004242664947469166,0.005101581436974811,-0.003398631854224732,-0.004128136866711429,-0.002684844032046385,0.0009005766428913375,0.003985811982602172,-0.012670668671489693,0.0011255707540840376,-0.002684061074432975,-0.0005567383705056272,-0.0017098954449465964,0.001016874458514394,0.0021717502822866663,-0.0003043889482796658,-0.012128560453675163,0.059537734240848295,0.09558870022192423,-0.004124481049075257,-0.008551309272661456,-0.006005212139370997,0.0018136042235710192,-0.0002797521501634037,-0.0016750277382016066,-0.24979343808081467,-0.0012105485457141185,0.03337075898025432,-0.26876776363502586,-0.00013931092775010256,-0.08468427137268009,-0.007343191076870426,-0.008073927113628088,0.06638798804851831,0.0012502006270551647,-0.0034637617081898497,0.000996409678919008,-0.0033958230387725052,0.013517183862859383,0.002511882698854606,0.022415202045522165,-0.012863803264735907,-0.0006124240339886455,-0.005947212086539366,0.00032148812806553906,-0.00063766145012778,0.00340701538061694,-0.0026698365891206777,0.004582613426464377,-0.004022283132400162,0.0013633018534164876,0.012032572969019384,-0.003832037111351383,-0.013375426195125328,-0.001494934358561295,-0.00029033817077106505,0.0013098662930133287,-0.003813531705418427,0.001586129279985471,-0.0030840375238767592,0.017398779449649737,0.08662524298779317,-1.3463223694998305e-5,-0.0030776069934290717,-0.003721100256370846,0.007036140086711384,-0.0018223417973786127,0.17835190226287523,0.0009405405635334319,-0.0010584915980871301,-0.08408691259319312,-0.0059461125251800695,-0.06348080638781539,0.0012310452691508544,-0.006160832170280628,-0.009486898394243326,0.0008814759603410494,0.004909702262011706,-0.0026691223529269337,0.0007125993870431557,-0.010872260198084405,0.0016379786502511706,0.0164024214843721,-0.026338033985666698,-0.0034148569129683892,-0.08738045860445709,-0.00015845071538933553,-0.0022321360402202117,0.024886534971301444,-0.0029527473398047732,0.002739017891144613,-0.002515501666948694,0.004468146290037112,0.0031950703832990257,-0.02252440938809741,0.003655006842336661,0.0006544250386468775,0.02418620127991744,-0.003180188387943872,-0.039066078542418836,-0.002843035026899088,-0.0005764473053204711,0.003773233141146193,-0.0030177601745435823,-0.02024364169301407,-0.0005773289910848689,-0.003100248597547761,0.008418352945227525,-0.0003429410826356616,0.0021018841291606805,-0.004290037679311354,-0.0009309956326433166,0.0086032935687399,0.004204923974612029,0.005162906549230684,-0.00469574771796033,-0.16436060759042448,0.013769336128461873,-0.007962911063714273,-0.0012610676205895288,-0.12680999435815465,0.0003688002061608131,0.0009411891751369694,-0.012928402185025334,0.007188911504272255,-0.01046935909153035,-0.00228948229641901,-1.0853951152967056e-5,-0.003229134177956894,-0.0023595682778250193,0.004452085957382224,-0.008472735763916717,-0.008642850447358796,0.045307536938707926,-0.022874491326547286,-0.18184538610830714,0.2679756002016802,0.011110118793340007,0.01665568192424871,-0.01697628949114005,0.008566498021536972,0.008995732085168129,0.002119541715728701,-0.005907442817260744,-0.007307711068733624,-0.006395679495653894,-0.006435269443045399,0.008299015036072888,-0.0009481332326686243,0.0009813255118160669,-0.004656948239698977,-0.01051976392591314,0.024550283524149563,-0.008462226492156333,-0.006243217236260534,0.006691213016893016,-0.0002787368903227616,-0.01302701490567415,-0.0021342673885555996,-0.006514343996968819,-0.0009360118210679502,-0.0046406462952290894,0.005653760462337232,0.009924914844305022,0.0021513822184715536,-0.002477795891536516,0.0359137522027595,0.06647227165012737,0.0024423759741694084,0.0030971822934589,-0.0034962641343554424,-0.027607144489593338,0.0015052165545057505,-0.005695826809642313,0.008474775593413142,-0.02675915779582283,0.011298712713141867,-0.02075627825615811,-0.005484589266416151,0.001987193012098487,-0.010355405277550744,0.0239513060741956,0.012497500365498126,0.0008146078398567624,0.00044049957614333834,-0.005330152452188486,0.0077385742879414465,0.023991731417481788,0.008140945454215398,0.022714962342433864,-0.00971903073877911,0.055570375858224,-0.0028907441906085296,0.036153287619526964,0.026335189009841997,0.0010427881206851453,-0.008779488685831893,-0.003789192994190671,0.00025081039893848356,-0.004435228278452996,0.005097648603623384,0.0008964106509665726,-0.007013761571670329,0.005011471441321191,0.008219513347285101,0.010681431886041537,-0.0059135664105269825,0.024604780174627194,-0.007768069095618557,0.008679745971676311,-0.012794190221029567,0.007955762346000483,-0.007220917297672713,0.012765487499564188,0.001242028210498347,-0.051976365208247444,0.011061316024097323,-0.010357265227867174,0.0013275367018650286,0.0041713398350111675,-0.009625521342968568,-0.010561796960246284,-0.0014542589134407535,0.0002812688107951544,-0.0019659470362967113,-0.005891464927572088,-0.08124681783920096,0.005432770900540618,-0.0020281425058783498,0.010657174307198147,-0.004096299331649789,0.001357435556656128,-0.017828136695470675,0.012822742502521578,-0.005411067573731998,0.008936632852964976,-0.011382618621610163,0.005650032578614628,-0.04773381664904264,0.03130010823952034,0.005175773967039277,0.0009981595840145019,-0.0060037685216229875,-0.0008916587592011638,-0.005779229823019705,0.0007702273069298826,-0.003765650930290576,0.0027450374991531135,0.0032047264571701817,0.0035441461354821513,-0.011276056239069021,-0.04163072547089541,-0.0008154505437687476,-0.023814577578377794,-0.001742385728903173,0.0095534670899724,0.00518100547060385,-0.0012654355164158915,0.007664423555979738,0.007881210443883901,0.0032935803021132415,0.0034161745415985934,-0.00100974873157611,0.0003290744480182184,-0.004420520484018198,0.008451900664113055,-0.0548067369745695,0.003646220084192464,-0.009479012160227285,-0.000471799396109418,-0.00012394766235956922,-0.0046005069366401585,0.0006597755027542007,-0.006317321816595722,0.0003396880583750317,0.00199393278126081,0.0015800880100869108,0.0022981455895205727,0.007481461369025055,-0.04788844184986374,0.007130885731839953,-0.010652768352883868,-0.008238422582735438,0.000785297710535815,-0.0019379546604341158,-7.711631178608513e-5,0.005583505533195421,0.020506074155946408,0.007388089874439174,-0.00165733562062087,-0.003780928398555261,0.00010594633022265043,-0.006680377688780936,-0.007271532731010666,-0.018511978149035713,0.007500695614908182,-0.012721589397642674,0.00978169494192116,-0.02299289331494947,0.008557305745853228,-0.0020015093541587703,-0.020003935982458643,-0.013082434185889724,0.003125506324181515,0.023575091723614605,-0.0014200033956512925,0.004121827485050744,-0.005721376574911119,-0.004501991390952753,0.008262590899903444,0.0011950736789003713,-0.010119508560819668,-0.0070861546737432946,-0.004695797188105644,-0.005787286896975274,-0.011234233142204175,0.007222173582704272,-0.004624063033816128,0.006146503085801669,-0.0008054547324718442,-0.0023582828202961537,0.0032370446588174673,0.0038516218373843003,-0.005258509949271684,0.0018451017795086955,-0.003809987202657794,-0.017638953839195892,-0.010774379577924265,0.0075382205068308394,0.00063507134836982,-0.009806081624361696,-0.0070689879157725954,-0.01380609147528844,6.801415111112874e-6,0.006161211083508533,0.01908100711602856,0.0025830657650658395,-0.002726830272877123,-0.012386816962134617,0.0010221012444162625,-0.003439652386077796,-0.0032754926733105094,-0.0014500530941177203,-0.00022848999742564047,0.011893481900187908,-0.006557538909873983,-0.02062548859976232,-0.01466213780668113,0.005187317572563188,-0.00024157252846634947,0.0045835483870177995,-0.017885114421119397,0.020078278408618644,-0.003050838982744608,0.008681629325110407,0.012821796988646383,-0.0001669194989517564,-0.0007434324115820345,0.006668236572750175,-0.018162259651944623,-0.0026120218935830053,-0.007499636854390701,-0.0003170463428432413,-0.006512362688226858,0.0004729419865725504,0.002006511043418868,-0.017090183324398822,0.005386264369008131,-0.0005619818339255289,0.0176573931087205,0.006690845081948282,-0.003438464063719948,0.001137209996159072,-0.00744485744053236,0.004069851211170317,0.018839769896658254,-0.009371032925628242,-0.004979554886631377,-0.01090676466867535,-0.0009779028521279542,0.002585839763014519,-0.0024294364757224685,0.002901934090004943,-0.004439928071633403,-0.010492414727195865,-0.04617199534186511,0.009287916760513326,-0.0024220706281994353,-0.0060659003697765,-0.0020572232624544995,-0.004721243899894034,-0.015484198198464583,-0.012710226728813723,0.004222746701998403,0.0010792630689593352,-0.005537808662666066,0.0059690632483579975,0.01070860451545741,-0.010716722994402517,0.012288326763609803,-0.00667252569928678,-0.00011191592636805581,0.015169435067946324,-0.010277288827637676,-0.02084420079336269,-0.002749133866700504,0.006828724744991632,0.054047436571636354,-0.0009303264305344783,-0.008949290151122113,0.001870087359293393,-0.005853603282574227,0.0020757212907938083,0.0041164158619722,0.009520933921521646,-0.004951019829604775,-0.008567431385017699,0.003499938152344839,-0.006235456937986328,0.0056985133983289415,0.02790380067381193,-0.0025264939467888325,-0.025530018219797057,-0.0019401144245421165,-0.0008381456500501372,0.013606600732600782,0.006698239486468083,-0.00028096646474295994,-9.07777325664938e-5,-0.01830424813215359,-6.69564349209395e-5,0.010356174057051248,0.026215358204353834,0.0025616240645831567,5.0384663154545706e-5,0.0014620083275076468,0.023455483316865866,-0.10569417744591192,0.007313610109122237,0.0021037218984929495,0.031017105788578192,0.002339030086659477,-0.010931180080660852,0.011841120851386222,-0.021539768757975253,0.0039218324582179775,-0.0029683261600439437,-0.0035962268466391833,-0.018619778511947516,0.002175147331399785,0.00011122403884655796,-0.012506007793263052,0.00028873707833554363,-0.005554820817337713,-0.0038246715303102974,-0.0018682084357806161,-0.02419123106301413,0.00019741585037991172,0.0011835485224764852,0.01796461713456665,-0.009415051380528894,0.005047511095654045,0.014299053040303988,-0.00404714474643697,0.0024822728119033854,-0.0016679261311765003,-0.0028014246366865336,0.007990350293766824,-0.006379198193826596,0.002892651842557825,-0.004786181556369229,-0.0182280104036181,-0.019046037949010497,0.00674989924300462,0.01063580911977624,-0.0005269893026706995,-0.007471417244687473,0.004531513814072241,0.002542521562645561,0.0006696568370898603,0.005205251652114384,-0.0011300845135338022,-0.00701067840043379,0.014562809725248371,-0.006324795283944695,-0.0077755262100254185,-0.11136542302392627,0.005328046574504697,-0.0013930045722645445,0.012357205978332786,0.004814707175682997,-0.011227456219785381,-0.006128890378022334,-0.0008479131829517428,-0.0026121789760509273,-0.00036739873939950485,-0.0005238264066065312,-0.011073217237026256,-0.00305703383241962,-0.011455371889496746,-0.0037758376502097235,0.003113341163043515,-0.0032500773886567913,-0.005434591158518742,0.002982858100494923,0.0009328193971214205,-0.028124999571446097,0.008468749561870936,-0.006069600681257725,-0.003806575044791316,0.007152825776756799,-0.040162626310120686,-0.015158831729422673,0.0005245896452947818,-0.006746613615177921,0.0021335560750230798,-0.012354768109616998,0.004662479242142581,-0.0011493481615616474,-0.005099731480186165,0.0016257830829999875,-0.0027135308819197235,0.0025339205385535024,0.0036506016399471264,0.025508145808089466,-0.0053036814861116,0.0017723388300510123,0.005603437092986496,0.0032965253335532907,-0.00034114943446184043,-0.015734858712221467,0.004853986639318464,-0.008332014747793437,0.0005838195575051941,-0.008446365717524884,0.005932955844400567,-0.013801577719277702,-0.008455087723177712,-0.022157832467200933,0.00962713161834472,0.0008596293064329075,0.010896289453285135,-0.00034655270883376943,-0.009222845701344795,0.01352477545151487,0.010340415654354729,0.011776433535942488,-0.0036463226097112056,-0.005206518104387214,-0.005537486072171305,-0.009613337535029132,0.0007467206787623581,0.013682152123237756,-0.014294399761638488,-0.0016806251433081343,0.01806035678396256,-0.008000722247743397,-0.009288631172694295,0.031509440812442335,0.023506625041591178,0.006298514288573642,0.0010670798656065017,-0.009118913937527395,-0.0038392942878999747,-0.01422669981548097,0.03237162818186334,-0.0029935525617474923,0.005658584571051506,0.004162274433383573,-0.008551145053388609,0.0017551087985339109,0.00019778984278673306,0.006548678049512091,0.014157579058405645,-0.0016819095108075999,-0.0027534895189091912,-0.005009846776374616,0.002419993828425504,0.008369333740120055,-0.05699554263992468,0.0015274221295840107,0.0038566289999835135,0.009569909106176056,-0.05161017934915435,-0.007033460718048445,0.005803292153359507,-0.000814147204891924,0.007747460895188851,-0.018627250994995848,0.002681092937109497,-0.01763708174439671,-0.003063794824811339,0.0009658279122959357,-0.0028377585695125163,-0.0021312701233000553,8.293757400679169e-5,0.0060107511690148385,0.013242365064343176,-0.016099222709272,0.03289646115808864,-0.013095256701490143,-0.016683115463820286,0.004617136142769596,0.005037915522734693,0.024475913034621044,-0.023929009792254874,0.017812457104810164,-0.0074388818684383295,0.009778420435395674,0.003854159208913188,0.00190127380847116,0.0018636043268998037,-0.0025754994501312467,-0.004085569467861205,0.0580298968416173,-0.054467975545776426,0.007787916001689155,-0.008567274317101692,0.0015422635897266446,0.031220847984513966,-0.0021341697192838183,-0.06130767446552454,-0.009674587625795539,0.004134424324547581,0.0008873916594893672,-0.0014808367623118102,0.0007571212918264791,-0.014175144687783359,0.00010108283277077135,0.026768345878736,-0.003929457676349557,-0.005812016293475608,-0.02186828607591451,0.010335376349416947,-0.01144280487380911,0.08906969490817573,0.003893048522513709,0.009321333756815875,-0.002756137952019344,0.0008423106671671121,0.001321000750976964,-0.037837535737708095,-0.005748386030973052,0.024479549650550325,-0.02029185397850597,-0.013310981932590948,0.004164421130553819,0.006142124032066931,-0.00534905390077256,-0.0028293175837461604,-0.002275921870023012,-0.0032052150031631754,-0.008717066268218332,-0.004226232780638384,0.010176223971484433,-0.0003840142217086395,0.0013434873344522202,-0.0006184643661981681,0.02152057838611654,0.026842935821150604,0.0033018732938217,0.02528791964505217,0.003812873463289179,-0.022372713585355086,-0.001482552121160552,0.0005153245633664483,-0.005470161166158505,-0.0020852896718679403,0.006341057064901179,-0.0015600394563080044,0.01699514367237498,0.010463119415362598,0.00020804528230655706,0.002933832196504227,-0.01167961375995219,0.038061777833718224,0.002848421622729802,-0.000801273992692586,-0.006842772178060841,-0.0007110796577762812,-0.003919086800351579,-0.007215809134322626,-0.004008141795566189,0.032900732032430824,0.005122167191984772,0.018717441716489702,-0.005656956242091837,0.006845624881407275,-0.012718019991837082,0.03196914389991434,-0.00013710073699257919,-0.0039057793014762865,0.01132784920719132,-0.00468554258623044,0.002729140382143669,-0.021588412313576555,-0.002052522358326314,-0.0026181942666880786,0.0023139391197446457,-0.004636063175212257,-0.0010307920711056795,0.0057203768292311,0.0020285726413931116,0.04431081736129272,-0.0025018429651026963,-0.010493578864952724,0.0006531189519591862,-0.011280732919658476,-0.009846411740227268,0.0033142040174425347,0.002199721491251694,-0.017472411166636448,0.04020425424573659,-0.0016486179392813938,-0.016351712409232277,0.0017149815452057737,0.0016061178484960692,0.006778058515919838,-0.00399223049680586,-0.0018310726986783266,-0.00624723022156104,-0.01687327932086191,0.0027693342703969392,-0.008288140090371598,-0.0006703196916078014,-0.0014891626539110803,-0.008186928870145493,-0.027825173412566073,-0.0033710565235196555,0.0018173451608163305,-0.003372200279045501,-0.007969568991029519,0.026485981041332707,-0.002892206105116202,-0.009867227891163566,0.0024061237338628416,-0.03740422489499906,-0.0064728295164968586,-0.003661455262772506,0.00396837323296495,0.009990155554532976,-0.005812076740767225,-0.003978903608185647,-0.015065474623725095,-0.010029674774159503,0.0049898301158464164,0.008171333231530298,-0.002043844145418916,-0.022965388698139577,0.021872447341593215,-0.019062530091559893,-0.0023665869084652513,-0.00934009646789491,0.006218461916432716,0.02987091076283832,0.004277170027989996,-0.001555308413799139,0.007731966582923633,0.014267679845033854,-0.00856477398701827,-0.0022161849897202046,-0.002598260183731327,-0.044133662016974995,-0.0019046757370233536,-0.059014875176217174,0.0006408596957498958,0.0003490874230465124,0.008329258066623879,-0.01358129785694473,0.0014521873304147448,0.0045395766769615875,-0.006726341760440846,0.0007759261534374673,-0.011212088360480266,-0.002007689365200349,-0.00297169131681585,0.026359782852523495,0.004347537068497331,-0.0006628017586081114,-0.0067034673811576795,0.007170239743572893,-0.003157566743539064,-0.003481808487777016,-0.002224219445224662,-0.00036301199725130573,-0.007672620082871617,0.006753615871275542,0.00046122317007757374,-0.011494316318930942,0.0026108547008334426,-0.002489543270712602,0.03839173824599129,-0.0016623838482701103,-0.0046505408881785115,-0.0030880291756147926,-0.007581958995615423,-0.009827711750858725,-0.005121908836372313,-0.001954507225946145,-0.002452381575039908,0.0120182463178935,-0.0018802154809236526,0.006501260984350665,-0.011963659137109062,-0.002455808144986804,-0.002983718246468925,-0.006754760173407703,0.003289323439275904,0.0007597077110403916,-0.002584214687885833,0.00703650438299519,-0.0023946189066919032,0.0026626039943948854,-0.004130207368802985,0.014095217724388931,0.02498222938265826,-0.0023376847402687417,0.0008323969823322841,0.004008204969068174,-0.006424606648579356,0.011340362291775818,0.0006589493189039786,0.015733513104351005,0.0059470274281920865,-0.002673673566278012,-0.010686205111596792,0.03805508077130071,0.0012147623801865848,0.004481633820432762,-0.004598056327267841,0.01843613791061216,-0.002045321849436732,-0.0020055029285259707,-0.009065649347576255,-0.003053974640351953,0.0052541701961672516,-0.0036296080647844065,-0.0006357518759614322,-0.007602622618833266,-0.007643695684237173,-0.011908046984899556,0.0011934592255329335,-0.0033509281811348046,0.04773403967737977,0.02103702617023373,-0.01231333218402142,0.004139636024774518,0.017778166325115308,-0.007169448087552155,0.00039825508974900004,0.0009106192728722817,-0.004303969683860487,-0.02177355387721036,-0.008357673265891208,-0.002195199951529503,0.006946523220449308,0.005069706796348328,-0.03419147874774353,0.010169304058308626,0.026497416645725025,0.013467145565300598,0.015569891199447738,-0.012429632012299408,-0.009430040801817086,0.023424355121278495,-0.013264649336633738,-0.004802283982826339,-0.0026120912957594555,-0.00386812697138339,-0.010491697400539124,0.004633477380593831,-0.005626533914892207,0.006109276438735378,-7.422137241519522e-5,-0.009097960330109345,-0.010508739633905861,-0.014061923449844471,-0.0007746128085273085,-0.006851816885500739,0.001449281459372287,0.004603149010108609,0.005721832494600676,-0.02473263346200838,0.00781875777465757,-0.011109791273156588,-0.009083337454285356,0.0022683433726342628,-0.0012947046507179039,-0.015004573775513563,0.011808368704805616,-0.004361291928489663,-0.05117309322758956,0.036617201862100046,0.004148769038010869,-0.004757214681831101,-0.001123186078530125,-0.011071744394030247,5.643053464154946e-5,0.02304550296457819,-0.00861414485370915,0.011522545009938767,-0.0010184997402120644,8.136203109643247e-5,0.018109230333038795,0.004296684409098361,-0.02491701590042794,0.0544549702005952,-0.04867090257357631,0.01026440106420523,-0.017876803330295843,-0.008140420958625327,0.0014310932165244594,0.014247444497414108,0.012451746867554903,0.00614047708313592,-0.0017632835642871214,-0.004822065638109052,-0.01158409422623663,-0.013314594947587466,0.0010851101487787673,0.0010283574010827579,0.0007906438070648392,-0.015376687826233137,-0.014521551663037258,0.006526515146106249,-0.0033282961976510705,0.041150497930175334,-0.008023449876077393,0.0028301374541115365,-0.00017507601182842336,-0.0007879694221628597,0.002287096322106663,0.012926012466778047,0.007455756845956785,-0.006339004885376198,0.008914874750189483,0.03158786136191338,0.002554584691324635,-0.01794887327196193,0.0015367989908554591,-0.0066882897226605564,-0.009285593475283349,0.006482215764208377,0.008050367477608233,0.002969285201970706,0.0017382709638695815,-0.007175668897616561,-0.0006455837574321777,0.001041127962707833,0.016760814238296007,-0.004720903786164854,0.029652698956851964,0.018007066038080666,-0.005294036047416739,-0.0027610090435246093,-0.007099986738012376,0.0007230047558550723,-0.0036572616017167547,-0.000814201460343611,0.008141489116496814,-0.008835231164994184,0.008608137893133971,-0.01037668961498639,0.00016453818307127221,-0.002948860246078766,0.004256553138475283,-0.0013264607812288887,-0.05077330096901278,0.03255116876789543,-0.01065222864417592,-0.005669108103575127,0.03454198672443454,0.012256639600309427,0.0013831119749738718,-0.00030326949308800977,-0.0012390400215736008,-0.0014268046788856736,-0.0036061356076970696,-0.0007379798189504072,-0.021290786757163005,0.042778821576575865,-0.0621918328333777,0.004572647948634767,-0.006423372029530583,-0.002317137893214749,-0.028841260475019226,-0.022598563057499632,0.005951969020316028,0.003953469385010067,0.0036507541041146396,0.02179629461534205,-0.008447628870271728,-0.004575051475512737,0.0014317003660835326,0.026893650510828593,-0.0033070165227968573,0.007897590510992814,-0.011553869339877565,-0.009125645454332698,0.001324253018538002,-0.05639158873782435,0.0005429167201782548,-0.013793395857646829,-0.005162481485967874,-0.0027206763725189376,-0.012260799655223309,-0.004175627542394977,-0.0028521787171484903,0.008847879654240387,0.002392552387846081,0.004299067375086452,0.01768773422054437,-0.04806593537796289,0.0033968111129070166,0.011027624763585209,0.014983582775130344,-0.005535820554541715,0.00032017741477829986,0.0028717785335174995,0.0033078176688832173,-0.003444343086812296,-0.005274977690760352,0.002729974818066694,-0.007605621556649567,-0.007541385930380784,0.014768666280360776,0.0007036622681653171,0.004952435862378479,0.006114037768384151,-0.014081986347719067,0.0020860020695181447,0.011495500084265586,0.00929147227179783,-0.02271332870805054,0.0019298473016533535,0.0035693128647835692,-0.0011841329796880018,-0.02635012948530857,0.0011693339974954142,-0.002382894550464698,0.008146144640704733,-0.03822885540284915,-0.0026084862367952155,-0.0031374054746038382,-0.007812129978901794,-0.0007145197305362672,0.02887338906464265,-0.004530736198830709,-0.006036950951965991,0.008494036130286986,-0.005287759191560326,0.028547963631353923,-0.014954169651900884,0.0021517618613415834,0.0015129361981962575,-0.009122414978264715,-0.0020140239817010297,0.009340234476439946,-0.0029761094265268184,-0.007941214106836014,0.006286708977313538,0.016401560143094684,-0.0012374135048958124,0.007982887292200758,-0.004447371383321297,-3.734633855856373e-5,-0.009031385677189974,0.01762232400051289,0.0006498228649434168,-0.015078917171194917,0.011591503469389863,-0.010315080981627034,0.0208780924876919,0.0028343627527647186,0.008580781963701156,-0.003443932479058276,0.0002704029712159439,0.0015433434623446374,0.01353072011625045,0.010717159368709872,-0.00747037982364418,0.01037221183469228,-0.0027905975075555034,0.008592716591010685,0.017979116759306635,-0.0069064701747265644,-0.005100825786485075,-0.006856950656583649,0.005264369966425875,0.004475629413718707,-0.009040642320485404,-0.00026149479890591465,-0.005468670498885331,0.013621558369777631,-0.0016847888723532378,-0.009766165199266652,-0.013164328047423624,0.03887185824169137,-0.010504316893275245,0.0023746790307725973,0.008392849811571068,0.0050495165346546855,-0.00621871618568548,-0.0039736856506351614,-0.008418609142609057,0.006427491882277536,0.08106163641423336,0.00100686175210285,-0.0016105381043303169,0.010236818287012284,0.0017493987124908017,0.0069511090750893345,0.03328158293879824,0.005770212652123519,0.02028457765482017,-0.009297702384003514,-0.0032698049981263466,0.005957504728030472,0.01156125102261285,0.0023348974546024692,0.03070294985536748,0.021683029738596815,-0.005972053530967969,-0.004916053385386476,-0.0024277206994156586,-0.0005443561993843105,0.11030762380505621,0.03594590853754198,0.0052381724017322995,-0.0018337254127800406,0.0064088656172316405,4.603922934620641e-5,0.010888305527259945,1.2071662240487058e-5,-0.0010966017144937723,-0.005985207482808619,-0.04080768472226737,-0.000784100622695405,0.002100196457831771,0.009431581643411846,-0.0017130245078078588,-0.0005746514657403168,-0.007286248857781175,-0.013728999086197291,0.004761981410410954,-3.475853054624167e-5,-0.0024576072282798123,0.0005141037863722886,-0.01245282754712207,-0.0017520855508337263,-0.007470026785995287,-9.841981409408618e-5,-0.010311268950317753,0.009539505213979282,-0.0005529017435037531,0.024129690433255746,-0.0029938581783426343,0.00433562290345435,-0.00539678281347733,0.006558942374795151,0.017630660445774993,-0.01323800068894343,-0.004223207542963792,0.007202828538538597,0.0008984459209386841,-0.0044853277040601824,-0.007964426796434054,0.0007105339127519983,-0.004325568932472379,0.009357060847833054,-0.017502913360658567,-0.0008270736684607982,-0.027755328659623046,-0.002171362087608486,-0.0054515164065378485,-0.006511764358037908,-0.0044680757669084414,-0.004397369679281837,0.007582021610915035,-3.5368882890907116e-5,0.007966876479258644,-0.008322018532851416,0.014776310925583402,0.0031724372311146,-0.0528058283507562,-0.0060978124811299494,0.003078216869653261,0.0021276678539834393,-0.003911091118425247,-0.004838627566641662,0.02041026030519788,-0.002716037381105707,0.016403753023041645,-0.0035277129211408464,0.006262327822696534,-0.0056102764519891934,-0.04502923094878497,0.002555464227043558,0.005170814926714229,-0.008329304364451673,-0.0005502816620719386,0.005254636516838218,0.005064902811682259,-0.006465382255555596,0.003169173919104651,0.009892743073578458,0.0018713155541263404,0.01031043397688336,-0.00719593232133775,-0.04624673090347642,-0.020261100349671324,-0.0036625803686547442,-0.002305478457856225,-0.004472426602660562,-0.005352184143703198,-0.00415158518080716,-0.007267787938872061,-0.005809316378076801,0.0007375624045380391,0.006185648268001387,-0.07708459229797882,-0.0014289546795680508,-0.07613907853738056,-0.0009530041274956602,0.007013825264948537,0.013983077045850223,-0.010332778223073547,0.0013127714014444791,0.014344812880153768,-0.005526808008255557,0.0047872084746813925,0.0025882590850869747,-0.005355430503925618,-0.00475232661847258,0.00889218648080714,-0.001920715408232354,0.0066422574818716384,-0.0058161929887319275,-0.00805668084831268,0.004557697602194821,-0.0065935163729591295,-0.013886350353004673,-0.009920459431441486,-0.0055054623801424896,-0.006532009698275942,0.0028950761879968923,0.005784100715573004,0.001787033720574982,0.001856611773291661,0.008596267954999348,0.0022843561273475643,0.0026926868231385015,0.003883480851072818,-0.007336657617713627,0.010935101192444563,0.018403561982268002,0.01358986118430039,0.002485000594333542,0.05851686454934679,0.005902182550016732,-0.0032791119010653347,0.001521158130344702,0.009029489413933334,-0.005125816838926767,0.0069371105718119,-0.004303887279093033,0.013783832695480669,-0.012440565452379815,0.0012187640131742228,0.00589203469826316,-0.11046083122187156,0.007467142431778484,-0.006577257287062821,-0.0018034574621879074,0.004172450380110604,0.006497810013570415,0.02743918454825689,0.006311157374511822,0.027940522892095032,0.0012727573052870866,0.004161156829923129,-0.002510323118258384,-0.006987613871388021,-0.002823872602675692,0.030534393368725432,0.0033656387859082315,0.010515629486690159,0.037963192146889924,-0.008102067050458572,0.013165069321075862,0.012114372482756153,-0.0018344694099141634,0.01608710890104703,0.0005855587904193271,-0.0183195753943437,0.0009899926226353273,0.008402901161389309,0.0150893280344917,0.008790215159553583,-0.007439893433911493,-0.001481425657402724,-0.0013841617990237864,-0.002816980034367589,-0.004226168752211379,0.004347478614818101,0.0022753974046736403,0.0009526412857212563,0.005874154587218072,0.0029935515731267515,0.005396701165409468,0.007631737817973772,0.006566227236362465,0.003198899025846913,6.149254204501631e-5,-0.0053293344608391635,0.0045486419712688075,-0.010035224343482696,-0.006539662341310759,0.004963286808560952,0.03274072189014987,-0.03364396216784371,-0.0009986871882574633,0.004548976270598359,-0.03393076115962401,0.0007680458802497014,0.007257695651787799,-0.004051510064414288,-0.011315329607896274,0.004249081993293657,-0.001192768233067909,0.0037026641298325558,0.010969264053073857,-0.00020441393644432537,-0.00036251990240998566,-0.005401490746407944,0.024931569644650153,0.027932871958910255,-0.0009393344976160733,0.009953121877515514,-0.0023693947096035117,-0.10933819938964007,0.003081328577536624,0.006777355123631423,0.0015622066575815552,-0.010371337607068654,0.011209320308807946,0.008117443326227658,-0.0069485423309743055,-0.00102682602096138,0.007898893819628938,0.002981276544232969,0.007921273396277684,-0.011090573587580366,0.0034658618142202613,-0.0007543361284660932,0.007629975790223398,-0.025012447697918105,-0.006297894187071051,-0.0032893841598706786,0.00022861377351546253,-0.005883027685740672,0.005740874522871309,0.0041650393104646355,0.02182773883896516,-0.004229824615322286,-0.0009987822704715654,-0.018994494834259967,-0.0031158101301116403,-0.0019192672589269932,0.0007523518625021097,-0.029973414393680287,-0.00856442251097178,-0.0038430783847616112,-0.0033955002209040686,-0.008043279700359562,-0.01429120980492371,0.03666814399548457,0.0032728386299822887,-0.015077931924679433,-0.0035095565199299017,0.00953683723219001,-0.05676722906036957,0.007152868238335941,0.03946502200415125,-0.0010442341604175454,-0.0033274801608058624,-0.011959460618527373,-0.002898752100463753,0.02317333367318497,-0.0020046340468979906,-0.0031189971650746884,0.008488844123803574,-0.006998071771704417,0.004419670523930108,0.03288971882830083,0.00048297809553332627,0.03405151119477523,0.005899481423512043,0.015511583287661779,-0.004889941737928893,-0.008807746984984988,0.005164953177882126,-0.0022449529051300487,-0.006487100734375417,0.0008997518198157195,0.012351152186511172,-0.010242913047477487,0.009900021181238117,0.0011585808679228649,-0.030372942390840763,0.005311400143455103,0.006608610823604977,-0.004734607368391153,-0.012746939618637043,-0.005708244759262016,-0.04116487389728718,0.0047044620932865655,-0.005342024890698127,-0.00471806029236177,0.0024004357619560324,0.0013852951560693327,-0.002202501655119704,-0.0007156218925956637,0.003211202811144176,-0.005840661051479401,-0.04935387601108232,0.0002667932349140756,-0.0013370777960517444,0.008769501655478962,0.0021241093727439875,0.0004706272056864691,-0.007891018534792238,0.004656651512050303,-0.005708306052838452,-0.05350546748559282,-0.04062489443094819,0.014387253741006134,-0.0014440945233218372,-0.014860162730656157,0.0009589827895979397,-0.0034656260959309293,-0.0009339143245483683,0.02142159793038445,-0.007904655254606041,0.012183269399884011,-0.017700991807942046,0.0007382158028121921,-0.00045319722448766697,0.0006136568442798307,-0.006812109746533679,-0.005695025017303124,-0.008971042736447998,0.0001860816300904844,-0.00015569555398542434,0.0074754816632776055,-0.006376300645570154,0.0012665512640523957,-0.015473010253117536,0.004093326703241473,0.006022232717441511,0.0002539651104598306,-0.0034927106889881543,-0.0031311146094594733,0.005177114765160695,0.00599195637369121,-0.01732026968147693,0.0012782970600255794,-0.014626585614678334,-0.0019183905942554702,0.004767655897012446,0.0067426816567603964,-0.005091182404839856,0.0038665425508952467,0.011309861577501579,-0.009429923149582464,0.007006714477029163,-0.004560350580618433,0.02158111556673248,-0.004307869185140589,-0.005884089409846638,0.0008288919543701923,-0.003502687167383556,0.04185233039606828,-0.009706963980988803,-0.00602962244192895,-0.04080956795860402,0.0011147026125399861,-0.003694077276122698,-0.000704278838384198,0.0020045326054969337,0.034857618515616196,0.0034618627450981876,0.019125835301451843,-0.021888738452616963,0.00029051527053525206,0.006598493773708469,0.0058098764002352254,-0.000623046568080099,0.004061814036049327,0.005326602077730058,-0.007856461886831312,-0.0046702387146524416,0.0006377292979777849,0.006568419783434365,-0.009507225500783534,0.011012797936018615,0.0008624095444247359,0.00016566783618543468,0.00033722341549946577,0.011575112099308171,-0.0016373003222724947,0.0010598924463920412,-0.0022168673458509147,-0.0007933416027299245,0.005843604193842111,0.003372422444044787,0.005846362579177367,-0.009596457013685722,-0.00875967136653344,-0.0032806838989358766,0.005801540780794312,0.02671013203507755,0.002048297585133696,0.010556866480442295,-0.014793528032669201,-0.008892189292964758,0.00034242300534970127,0.015371380137366941,0.044969517746721976,0.004941589516533895,-0.0047900672619789475,-0.00548083364537888,-0.017245585288037546,8.879077358869836e-5,-0.0065191048743145075,0.002858738162103691,-0.011841134695373512,-0.001979705311896396,-0.01092061287999968,-0.0030242132415878586,-0.008363026921870187,-0.010182859351516527,-0.0019992327252111863,-0.0022454640347859822,0.0034593405725900084,-0.00024043141729634954,-0.006595214685603423,0.04275715427320392,-0.01702724745928208,0.004286168600629026,0.014835974271363739,0.001039182331169286,0.0028033390524342394,0.014961687493268983,-0.0041838757824734785,0.004572176148940343,0.005184642717722454,-0.005649917194205045,0.007787922041643469,-0.0031999560983138053,0.028631393004616257,-0.0033844161825982155,0.015014125185189187,2.0497437674293906e-5,3.6201962587689707e-6,0.005070310478913598,0.016049715359486072,3.077454494615495e-5,9.16420993242184e-5,-2.262357641669155e-5,-0.01411704285419546,-2.289316824166665e-7,-5.254214468369822e-8,-0.0008266610616374237,4.5608274760411405e-5,2.1241485409495553e-7,0.006553621758939698,-0.00021810595816873501,-1.9935332043127807e-8,2.191452860844656e-8,-3.054333663143893e-5,4.865245233531823e-5,-6.961929308046955e-8,-6.644967886160202e-6,1.2504665400925319e-6,2.7907225207818298e-8,-0.00012531626832412712,0.00017350351600953218,-0.0017013300621329108,2.5131025239488736e-5,-0.002879136449791986,-1.849960600290232e-10,0.00014549181594247784,-0.0002539173253097715,0.0009420328078704188,-0.012258255950655439,5.43133630515058e-5,-0.0002264686800117488,0.0009667063069969117,-7.968154823456697e-9,-0.009411293794983067,5.640613998884186e-9,3.984898665709835e-6,-1.4577057688702766e-7,-2.492574151524707e-5,-0.0006002814883458996,-0.0006211184636413236,-4.741111637399792e-12,9.242554241950529e-7,1.4287269172186257e-5,0.000256917034135995,2.8037748832712706e-9,8.862413636290256e-8,-0.0002931449046172929,-0.0017194228338439643,-5.782309009205733e-5,-3.501992880572402e-6,5.480353570258556e-9,0.0014365897522026216,9.341645998972581e-7,2.39538616650381e-8,0.0021401673775471863,-3.128536137708693e-6,1.1428136291458113e-8,1.0988862802818744e-5,0.0019231242076784838,1.7263226207570037e-7,-7.769963042969508e-7,0.0004878213474057702,-3.771038281641381e-8,-2.7824325066205802e-8,9.52031534986672e-10,-0.00042638162631192245,-2.389720417639296e-5,-5.881115987449448e-5,-1.595287818956237e-6,-5.106174112007311e-10,8.868444034693113e-8,-1.805107800456618e-7,-1.2701948639559646e-6,1.8255160872532317e-9,0.0001692757225058017,0.034515496483436436,6.954569625960971e-6,-0.08917430485598743,-0.002613935810586554,-4.853107085978081e-5,3.0207037777785217e-6,2.587746304083538e-5,0.00034604423592554667,-4.2790118437441294e-7,-9.088083095520894e-7,2.146143553538593e-6,-0.00028575701236377427,-3.458302756342846e-5,-5.359116194370017e-6,-0.00019362035527592525,7.954354042105649e-8,-1.888069712685514e-6,-1.1165312118421866e-5,-0.0001381476470214693,9.893926163684341e-6,4.3117059892079646e-9,3.731987874289189e-8,-0.0006898545063904749,-0.0002450738861625723,-2.3561558742946076e-7,0.00035910805820549285,5.044099716730588e-8,-1.1803381001485036e-6,1.5824147947540723e-7,-6.414532041643106e-8,-6.061349944275207e-5,-7.957146351245115e-5,-0.00667685765074566,2.2573701445594008e-7,2.6334828779894792e-6,5.164876057221768e-10,1.2330278353900326e-8,-0.00012313169736444252,1.8668928589704592e-5,0.012482455127610592,-0.0059051707830803934,1.1109310543537532e-8,1.491156851746167e-7,-2.722379377262385e-6,-0.00023564097642747583,3.9000243621245545e-6,4.266805001407192e-5,-4.9886777209184885e-9,1.3130360869695323e-6,6.049388362201064e-10,-0.002608365499327192,1.2502128620556219e-8,-0.00428279013840438,5.820183033890258e-7,-6.629983210354462e-8,2.3446677824105755e-9,-8.716058319890863e-5,-4.549459708957926e-7,-0.000149686472468602,-4.134852279236156e-6,0.02924438590343925,1.134777614106644e-8,5.501810791508355e-6,-0.0001072193475692984,0.00020298987168132498,0.00015721019553893711,3.7654965101552307e-6,-2.1505139631727843e-5,8.855794641249304e-5,7.76851516093302e-5,0.004777675261721015,-0.0006796088695750768,-0.00011673986597315889,-0.0005109932155846764,-1.8633154426073162e-6,1.1075316315098394e-9,-2.060722736452192e-5,0.01904095560166752,0.0007284142366188462,0.00890045545384055,-3.2325498050544965e-7,1.847495219031714e-7,-0.061944957240484655,-3.7120222863507024e-5,1.548115436378339e-5,-1.4030029431566504e-6,-0.0013138679622954896,-0.00011194246582135747,2.0115424917074853e-7,-7.694309636652186e-7,0.03422630137356464,2.3594161454809637e-5,-0.0003288017542217858,-0.0008695269798408845,1.9552031815806004e-6,-2.5520564422842895e-7,-1.0893557229607609e-6,-0.00011382301536855266,6.965268882497266e-9,1.3671303008069846e-8,1.4553547516421572e-9,1.3538978251403933e-5,-7.991340272850422e-8,4.508801341174262e-7,0.05382308638218092,0.00016578423458213365,5.219551835189407e-7,-0.00022240704932130484,0.011733498740795767,-2.3119721304087903e-7,-0.00015754631775033445,-2.070824789601744e-5,0.0010570101928806253,-5.878169041795278e-8,-6.97675300517786e-9,-1.9002208606622162e-5,-0.009252282447050675,6.810136500947153e-10,7.505857330669663e-7,8.41981947186099e-6,0.00021304939437882808,-3.362236179782485e-5,-1.0323416739510538e-9,-0.006606213067243516,2.5284414428838886e-7,2.4218439365064626e-8,1.466493230850574e-5,0.000131666717322787,-0.032665155951690394,1.4513754698075587e-6,-0.0010611731823928494,2.8682349181963218e-5,-2.8321386604801546e-6,0.2124402201261546,-2.5743701907998684e-5,2.4345698903971424e-5,-0.014884178144711768,8.943067890399004e-8,4.0740082560830615e-6,-1.898533427691085e-9,-0.001684449930962728,-7.306492892666938e-5,2.4198637026628944e-5,-2.3770420654045665e-6,-8.376475825189189e-7,9.722243982102086e-9,-3.1666143306963157e-6,2.2539424582301848e-7,-7.91622815354831e-8,-2.7746397677219647e-5,-7.833666732653954e-9,-0.00040227486726962525,-0.00016055846343476787,9.80566827291085e-7,-0.0023647573468679184,2.498888769519869e-11,1.5926195370830065e-7,3.6447491211788474e-6,-8.111255721532373e-7,7.804531743094145e-10,-0.0018433455336435145,-0.000387917577825192,5.730381124058326e-7,-8.716835822042412e-5,1.0457429603150104e-5,0.0006436822687305721,1.8085238112641733e-8,-0.0003713247255774377,6.495458555050293e-8,1.1262042418427876e-8,-3.6283400815101396e-8,-0.014474389870883897,-2.0104550069177662e-7,3.881716899245546e-6,0.00205058574101713,-1.5756971443181556e-5,-1.069969586486863e-6,-8.639550130862261e-9,-4.354773758930008e-6,3.229191569698031e-8,-0.001267460869257775,2.6324811550182403e-5,-0.0009397378041740012,-3.0905383312074264e-5,1.838772232254371e-7,0.0006719191376305389,0.005800073770842573,-0.00117445714272435,-0.021796979162900243,-0.00036538511547234975,1.3894127604885398e-5,-1.0530488799620485e-5,0.0018605008499434916,2.8160089515338882e-5,-1.4427042711526172e-9,-7.210861662221291e-7,8.15920457863939e-8,-2.4063789410888603e-5,6.184187180480194e-5,-0.09512981916714125,8.22096740193956e-5,-4.235709478273009e-6,3.0841844425588683e-9,0.0005405948556926887,3.967830433356315e-9,1.9559693074412687e-8,0.011815787733212346,2.2190874524215254e-9,-0.004152240262556006,-0.000696853027875477,-0.0030810299740551272,-0.00011158584607073863,-5.985686442500082e-6,-0.002958211564418889,-1.2487409879746725e-7,1.1720340034864635e-9,7.915052699630082e-10,-6.91725053972303e-10,0.019704080681549385,3.40115417003517e-5,3.5588560207133746e-7,-2.679645311332024e-5,-9.753649320501379e-10,7.3015999220160666e-6,-0.0043915876776736695,-7.905005645625351e-5,1.6358509974390145e-7,0.0005177381098349088,-1.1384745335352164e-6,-9.240280624440989e-6,1.6513436538190263e-6,-1.1659724225010493e-6,0.00021053161538020504,-9.617913278248125e-6,1.655466039807152e-7,-0.005525753555048141,-2.4492807720530307e-6,3.129611104668584e-5,0.02339639947967953,2.27357560333985e-6,-0.005390859478893617,-2.975898269141908e-6,-6.457520176894604e-5,-1.684539327584389e-6,-1.595605235993336e-6,2.1850606584522536e-9,0.0011674130547589812,-5.780762900364778e-6,-4.021911042428883e-6,1.429606967529029e-8,4.715179445780038e-7,4.258775334340173e-10,1.2171825259699176e-5,5.758451203374815e-8,9.106865591496094e-9,5.677877554510768e-7,1.8604146403422561e-6,-0.00040021236145548755,-0.008915187110687839,8.36947642124386e-6,1.5747840801244584e-6,2.563446463454966e-5,-9.600245105545469e-7,-6.961263952831587e-6,-2.5774288481272833e-8,8.710529086214391e-9,1.0518568037125309e-5,6.132883062059946e-6,-0.011136811262986157,0.00010448462487744337,0.0027983426512037113,4.073387041003684e-6,7.573261796975025e-9,-0.00036156347954374723,-9.14873010771089e-6,7.066902841385003e-8,-0.00026008055732518187,-3.648760227292769e-7,-9.106669125458211e-7,-8.217104123867114e-11,8.733630399149206e-5,-0.0012751470367220463,-1.5341769739052324e-5,9.380272705250547e-7,1.0906134434662818e-5,1.5229084779910806e-6,-7.930663948885197e-7,5.197232174403155e-6,2.6963590316064767e-7,0.0009219819148711395,2.59716405109911e-6,4.670670992013015e-5,-1.860730370628616e-5,-0.015846119044908846,-2.505514836670386e-5,-0.00022215206700204604,2.861535362441714e-5,-0.010346258361096261,-2.153412205530003e-5,8.119107564930061e-6,-1.7527729845312479e-7,0.0011160969784214103,-3.0631093221877848e-6,-0.00020802644215223154,-1.5754791654387645e-5,-4.752037756006189e-5,4.490987859639972e-5,0.0014838619445072254,-1.6577374646609133e-9,8.046436470010576e-6,-0.0016499041319093521,8.887040727888901e-10,3.2425815439836303e-10,-7.679792807246955e-8,-0.0003695944522235095,1.7761046002817693e-6,-0.0003188003127547745,-1.273205526147736e-7,1.0259015859048759e-8,-1.3262433784522187e-6,-0.00029404066439475685,2.0144349642536863e-7,3.1774269668716215e-6,-2.0932779307258897e-5,1.0066862298624413e-8,-0.004130391655053245,-6.938032673531325e-5,3.911617102758669e-5,7.692756042636598e-10,-2.781749614211293e-6,5.754235584149586e-7,0.029969576487928862,2.161774644710013e-9,-0.0024995164444447937,-0.0004992493002191623,2.662367545314126e-7,8.955925957288002e-6,4.142339338295692e-10,5.744484878056344e-8,-0.0002958319680601562,3.458404502509893e-5,4.378496361923112e-6,0.0010580411867522344,-5.593890284671943e-5,-0.035290114778035786,1.0338722605807149e-7,-0.0035757896475843154,-0.0022072911324357847,-0.005525001975911437,-4.1518398874451634e-7,0.0007134337252807654,0.0004275662122381618,9.111695044305979e-9,-6.13851241282326e-7,4.009496196166751e-8,0.0001743926459312206,-5.294692189128369e-7,-0.0010527768369001933,1.0665728888969994e-7,1.4114820854338461e-6,-2.4985235436147946e-8,1.0628816971003374e-7,6.388024846593066e-8,-0.0019811381257568428,1.3905666268243522e-5,-1.3417713305985401e-6,9.946172579589074e-5,-0.00016388417913049125,-7.530874155392553e-7,1.2397219702631884e-9,8.863503911382686e-7,0.003078378507780144,7.777089898297618e-6,-6.651040908994821e-9,0.006743216321410728,-0.016157550438038015,7.395081510486179e-7,1.0206279768380788e-8,-3.8230728407029346e-5,-0.04687445904573906,0.00029411593584427465,-4.569217480820953e-6,3.6941935149803484e-8,-2.8860835887822844e-7,-1.750951756029906e-6,-2.949278515984588e-5,-1.034018889178867e-6,-2.25605173103105e-5,-0.0029831904817001487,0.0056370153979514726,-0.007897256340584136,-0.006587905930700799,5.004307296019306e-5,-4.3278607267382974e-8,-0.002073171455776901,2.301297271495306e-8,7.397210895376816e-6,-1.0555066140005565e-6,1.305069845525253e-7,9.88796047861687e-9,0.00039064381928710645,-1.2130338675753194e-6,-3.954231685837639e-8,0.01679240409794147,-2.1101215305630028e-7,-1.344950524562183e-7,-0.00010958612944023116,-0.00015376006732026326,-1.849740916479159e-7,-0.0007020271284545743,4.09726846513081e-5,-4.0185807459458545e-9,-4.294682293348728e-6,-3.3266188244063244e-5,-2.419534612663199e-7,-0.006663230837148149,0.003066744307375302,-8.417724007614424e-5,1.4208741908744438e-7,1.8958591579965045e-7,-5.418126551692826e-6,-3.7616782644356306e-7,0.0040032968563537,-0.00032047432148374355,1.216938844628146e-5,-0.0010725595770963992,0.04488158278945775,1.5694013275613372e-6,7.195023344480633e-9,1.732388556774378e-7,2.8107550852779495e-8,2.1430627671764624e-11,-0.0033680278395920027,8.270735479820601e-8,-0.00276434517263624,0.0013409152317080952,2.927262870849878e-7,-0.000327151161400252,0.004774476839884301,-5.270567475790244e-7,1.4787711463334907e-9,-7.506473883450715e-8,-8.401626668819162e-7,2.6366586923509683e-7,-0.014763859879167285,-7.855966510650347e-8,-4.471976341319239e-8,4.926144860917248e-7,-0.0002557377532070859,4.8794588265732575e-9,-1.6945374307075767e-5,-3.2403338458664166e-5,2.5829797301923918e-5,1.7946865538132073e-7,-0.0008425247085597221,-0.00012462821828762571,-0.0002669090296194554,-4.0655356841057255e-6,-2.8402791217629897e-5,-3.982575670136157e-6,-1.2974709806545803e-7,-0.00010251061181776322,-0.0001389962228870445,4.336696137396609e-9,-3.354611692596432e-8,-0.0002024531841584576,-1.21246064264946e-8,1.8332660594033712e-6,0.0029171910541663237,0.02153152228856925,-0.011242758884691284,-1.0027563800835138e-7,-0.021974156827127445,-3.114553991601099e-6,-0.002942198475921032,4.382858472595785e-6,-1.0987612583668316e-8,9.601734284103713e-6,1.1491096195692663e-6,1.3691681267913314e-8,1.663875937799996e-9,-3.894874519261293e-5,2.1157692074030843e-8,-7.634678102164116e-6,4.5823147297452405e-8,-0.0001616213394299848,1.956531289412644e-9,1.2989326368284537e-5,7.670645089774553e-5,-0.0013586872722726184,7.606784074853934e-8,-7.131446209562853e-5,0.00324920695277342,8.451734971437475e-6,7.777299142475158e-7,2.0302479569522802e-5,-7.239849804108189e-7,-0.00026233756045712653,-0.0002980099233980127,-0.004647798897167377,9.640154805623524e-5,-0.00023353987421614875,-2.9096147988738608e-6,-1.731224857026703e-6,-1.494637082544159e-6,0.0017376474243064877,0.004682633849370177,1.3290168944524172e-8,-2.240581554247001e-5,0.00024344174175894295,8.452202187925195e-6,-2.527206723890174e-6,2.8189898640951228e-6,-0.00011770937004484949,-0.0036309885274476983,-2.2479105506789665e-5,3.9719252743590505e-9,0.001448835170322127,9.95067914611597e-9,7.163969502066436e-6,-0.0003346526826817353,2.624419469243744e-8,9.709695393667062e-5,0.006480671654571779,-4.6196133265952177e-7,-9.388356911887996e-7,3.2799786325865554e-7,-1.3106359688652702e-6,-0.00016507462939330253,-2.0802266096686672e-5,-0.000777570362743063,1.0445290984234523e-7,-0.024171514800400473,6.365913438315801e-9,0.006974466557949199,0.0005472900369909439,7.49541082285532e-5,-0.0034227662354169297,-0.012614476672752062,5.53289046112404e-6,-0.04500488478515763,0.00037732995178885176,-0.0001718637812189172,-3.0150863537760017e-7,0.0006122382380340241,2.7113167057279952e-5,-0.011830209363324684,-0.0015014712539596076,-8.105907184585703e-6,-0.0001032127851487985,1.3629165214190664e-5,-7.7749599952881e-5,2.612972540383396e-5,3.1156856694636303e-7,0.0012101724399258273,-0.00012766791104468211,-9.446216946845665e-8,-2.110035014268874e-6,6.589653145283592e-5,-0.00014139133111257252,-1.7895763439190748e-7,-4.008136761157743e-6,3.994474933222136e-5,-3.228156193024745e-6,1.717252581912021e-6,-3.995928982147845e-8,-7.414316968157308e-7,-2.0833241465290087e-6,6.564389063573595e-9,1.516855926541466e-8,-7.200522254280362e-7,-2.53149339712877e-7,-9.593977309645119e-10,-3.0237382600439844e-5,0.006316502525805845,-0.0005047493729648522,-7.187237602290786e-7,3.4775059143052345e-9,-0.00022662673706008718,-8.108684945717926e-9,-0.0005656644902565233,2.9246401424785906e-9,0.0050332679093116894,1.1862147580865567e-7,0.002541876716435354,2.0137001506270735e-5,2.3798905300631557e-7,-0.010279242920660181,-1.1064471294314204e-6,3.749028433808199e-7,1.333052109669941e-7,-2.1832168453084222e-5,-0.0005302912291540451,-4.029541888911359e-7,-5.808107736982038e-7,-1.8232003198837e-8,-0.0005030806649983788,2.0172036804821936e-8,1.065513011155872e-6,-8.219309252410767e-5,-1.4317570531940937e-9,7.79959521482465e-8,0.001361515211101505,1.5707421599508997e-8,4.850548925183773e-6,-6.550655188775067e-5,1.4310027821373694e-5,-2.7243135282406516e-9,-1.9752453650490054e-7,-7.934120423414015e-5,9.06665881261759e-10,5.0338845341002525e-5,0.025864495506539242,9.844852542073568e-6,-0.00933565394143443,1.6576051557137816e-5,5.095064891769141e-5,1.8847978472402716e-7,-6.115748530532983e-5,1.5695998030196279e-6,0.00040180724317906424,-3.7936801200455506e-8,1.1879547525239786e-5,1.49788326994681e-9,-8.398838236001183e-9,0.00026769496753331623,-4.2999660465170564e-5,-0.20136271772207692,0.00029307328452432557,0.004952054954628693,0.002842318299371982,-2.9187583805878603e-5,0.000500359517118909,3.6089229604741035e-8,0.0003495950138585613,0.003243210007894959,-7.779599331958487e-7,-0.008945330100686988,1.114275058444747e-6,0.0019976145713371807,-0.0005394937297182878,1.5681085568930442e-8,2.1753993377782166e-6,5.629592390299365e-5,-2.6850128975297594e-5,4.627566283943452e-5,-0.01458434172127454,1.7784539113052666e-6,2.3003107357810748e-7,-4.893054014916409e-8,4.109806737550431e-10,0.0001540174814351758,-1.3990788587658898e-6,9.728814291065646e-5,8.788124468694924e-7,-0.0232919955815305,-2.398123505054084e-7,3.727679176402862e-9,7.481478880322356e-5,0.0023566413792650565,0.00021402358498789908,5.58708923001916e-5,0.0017980887223529862,0.016437111909908708,1.470011694593154e-6,5.409072891676692e-8,0.0025611545042920625,-8.629164787235521e-10,0.00034732646778934395,1.1686917934738972e-5,0.000322741100831081,-1.6954457707218928e-7,2.3365782409259794e-7,3.6676665193802194e-6,4.906239747803909e-8,6.459696837168849e-5,8.751092163095109e-5,0.00259549289970451,-1.2869846151009057e-6,-0.057573935937398346,1.0728985284837872e-9,-6.231659416267021e-8,6.220519477295738e-5,0.0008897158494391988,9.262118176806347e-9,7.3717837893033655e-9,9.42921099311711e-7,7.837462129810235e-9,5.616794446217099e-9,2.7898076027099705e-7,-0.004128533397633305,2.274474349694966e-7,0.002783255844406085,2.358574459071505e-6,6.454087922089236e-8,-7.379622423142607e-7,2.4186308203184154e-8,2.045412414442005e-8,-3.4003109554703315e-6,2.2547126909966408e-7,5.805777119505251e-6,8.927220161020211e-10,0.0003119768541068879,-0.004167495964793488,-0.0019911520608388855,0.007499099657252373,-5.441796864513737e-8,-6.284955556878913e-6,2.398076506260338e-6,0.0002716175977184321,-1.9911079263135179e-7,-2.3736223033310466e-5,0.00010791361648898601,3.4388995882699003e-10,2.5017555685735715e-5,-1.8025773607099893e-7,0.017321602150332183,0.013454790832838626,-7.135365380328551e-6,4.1617962665441155e-5,-0.0001470846830784467,-0.005432063411717536,-1.0118336295050767e-5,-0.020432171208085492,4.303261491855892e-5,-1.7166807179336274e-5,-1.8670717927271596e-7,-0.0007487958434069242,0.005620677038677968,1.021332639685249e-8,7.385876548937631e-5,-5.5589804937028475e-6,9.905303681723154e-7,-1.1541995261765692e-6,3.5612197182288696e-6,0.000909435637822753,-2.545741945303437e-7,-0.0011971637395618018,0.00043040957552875625,0.009711294507724233,0.0007095172859408194,-6.963136763715738e-5,0.002374781299749884,-1.9913825383355288e-5,-7.207164037792424e-8,-5.924707516258287e-9,1.65822127140558e-8,1.66961229234458e-8,-0.02330175587485428,-1.0867699796079933e-5,4.147256276354483e-5,0.0003449236864980776,3.730745068430963e-7,0.00046778537281966237,6.139537837568376e-7,-0.004666986668780737,-0.0022880739670654293,-2.3509485345130088e-5,-7.008060869395649e-7,-1.2261256898682404e-6,-0.019006295049621258,-7.384097693297065e-7,1.6791772473358224e-9,-5.390706868979578e-5,-0.00029059514484686133,-0.000592052432821788,-1.2973065537380535e-6,2.797979448652954e-8,-0.00041080315583030824,-0.004960573853168171,-1.4261188507891376e-7,-8.574897142170357e-10,-0.0003890688850560764,-0.00028127193760774105,-2.246988395349092e-8,6.585985951046425e-8,0.0986116205676808,9.338507089839965e-7,2.6896128768605365e-8,0.00014111712549436106,4.9386827565001123e-8,-3.979978291823727e-5,-0.009321142228145618,-0.0009245783928690798,-0.00011664347650253148,7.941772598579755e-8,9.904484929990076e-6,-4.1040926178348425e-9,2.0944677663337075e-6,-8.021163435500966e-5,-0.0015540959193458548,4.5923697600258606e-7,-1.1015182889428932e-7,-1.2182964775897531e-8,0.005033506786730868,-1.503343369721466e-7,2.627863215920456e-7,-0.012212905809064978,-1.139586455867203e-6,-1.1185754506648493e-5,1.23028137417186e-9,2.732832881235936e-5,4.4853894765051194e-8,-7.53955248100624e-6,5.80770576519285e-7,1.2747440066192273e-8,-0.0028969831691938452,0.03635323403068469,-1.013258749793522e-5,5.979207302886369e-9,-0.0035296067917442997,2.8989107969668026e-7,0.0006619658406634699,0.0008303405057290547,0.00015889306398353398,0.0026267053917763405,-0.008230555210502644,0.013643857069837395,2.842488872317056e-10,-0.00025358400363728606,-0.02041897415620042,4.2448410324941177e-10,-0.0019166037900504307,-1.5068578349541895e-5,0.0020270303348297602,-2.6580201095693923e-9,-3.15242948342731e-8,-6.022853593634636e-7,3.2111261560885396e-5,-0.0003213193273552406,1.0478502359134723e-6,-1.999716181089184e-5,3.874280899351587e-9,2.01475615227778e-9,6.316037751141756e-7,-0.00809055303943751,5.7546907932491675e-8,-0.00575391303982542,-0.04258041366483667,1.402782976001049e-6,-0.0032700660396471903,1.1579774622516581e-7,-3.5761754446639316e-5,0.0008943398152041482,-2.230629282351515e-5,-1.4928190257279539e-6,9.272177563073025e-9,5.118924217839549e-7,0.00033532798408941744,7.177793431845103e-8,6.89472733073071e-8,8.508842351193091e-9,1.1877733637533083e-5,2.3349573352593467e-7,0.0005629057298506268,-0.00028780645976667074,0.0013337070686247898,-0.006526850913360249,-0.03695259463711409,-6.400584140919818e-6,-1.7828476160275386e-5,-0.0001589587748185295,7.915624573584523e-5,-0.002528450273530325,2.5094836718864144e-5,-0.0002194440376968032,-0.00011613324622317123,2.3112744528930307e-5,0.0004758602980245996,-4.0377405124969457e-7,1.4049506354751884e-5,-1.2637562751827147e-6,-6.4456184496464175e-6,-0.028363847962737054,0.0004390467580890345,0.0014239463282592624,0.00034735094561710866,0.027140340016558184,3.99819982135341e-5,-0.004343795500062697,-0.0012809628820491525,-0.0018287695293111028,-1.2836802838478434e-6,-4.423639946793401e-6,-0.0004353670877321747,-1.147029907055952e-6,1.222855093296893e-7,-7.40906471321523e-5,0.0002800077721758498,-0.021979075681883842,2.13675074890729e-8,1.7038829436266667e-7,8.191556482607665e-10,-6.51043896571224e-9,-1.2438644531043153e-8,3.0117502689108733e-5,-0.002501329980873379,-0.0007145072551111298,2.080679437337779e-9,0.051305745299032424,0.03893305641031475,0.008511716309840267,0.00023712674044418236,0.0009090221851124625,5.1793113904352595e-5,-5.41542166754283e-6,1.0636119864189386e-8,3.243172416489415e-5,2.0168726699409945e-5,2.1080106740040128e-8,-1.2638835640954582e-5,-5.846701787819153e-8,3.735448526853702e-5,0.00014363356044277964,-0.00379367539295572,0.013774392841241934,7.937012590497616e-7,-0.001508685847511515,-1.1623721196674097e-7,0.055586593231055303,7.231213166453143e-9,-0.0025499395742372144,-0.0034502094636081893,0.004093160848839261,-4.7571048540362426e-5,4.126424834119402e-8,-0.016548249186598696,0.007547534488367091,-0.004502765601955616,-1.7496055428889434e-6,-1.7793770368257356e-7,6.102659406677716e-9,-1.64549245340595e-8,3.6895125834490727e-6,-7.104756114983957e-6,0.00041704756677063415,0.0002601574939404827,7.993616861767805e-6,-6.870118782309476e-6,3.9259315213363045e-10,1.6628137824992173e-9,7.878050689580363e-7,1.8612635738213257e-11,-4.805574722599459e-7,0.03306671814789297,-0.020217537716916922,0.0032543849486046383,5.735850301391565e-5,1.4359147265663452e-6,-1.1318056949427557e-6,-0.0033923013161256677,-0.00046295133245166653,-7.47470696449426e-8,-9.73034010920415e-7,1.5026241128104911e-9,3.7523511959847156e-5,0.020593943481799215,0.010664716759492876,-0.23609460391526227,2.755519885044855e-7,-2.456080993626375e-6,-2.6042030000894556e-5,-1.556966387934733e-8,-0.0034724803754215827,-2.2320576391621216e-6,0.06090102848520473,-1.6093694389304747e-10,-3.401691121496242e-5,-3.624631769127973e-5,-0.005757119104146113,-0.0017016461725916088,-1.7415071056348097e-5,-4.419878845851599e-5,2.799219192203828e-8,-0.007405206044495571,8.436275220069511e-10,2.898906429141257e-9,-0.00016664118011533446,-1.3035793625104652e-8,3.1934370245401134e-8,0.00033655243260000134,1.5115016427369454e-5,1.379317571270633e-8,-8.811482191894981e-6,0.00014776269017602317,-0.00428298464657928,-2.5802188247103786e-7,-0.002936370124871246,7.841988355572482e-6,-0.00013354139706223123,-3.1200095570227404e-5,0.00018269263648562628,-8.319246402876956e-9,-0.0013823442186549073,-0.003978597668506723,-0.0024272601112897974,-1.3345773737238886e-6,-0.003998868862254312,1.524632851968022e-6,-8.397315960806395e-5,0.004092937901077676,-7.647762750195852e-6,-0.000740678423881036,-3.1509757025816043e-9,-7.990938883040144e-6,0.0668502441385499,2.0024316490507843e-6,1.5473463335524684e-5,-0.00011940676401955841,0.000834319539990247,-5.12310589506626e-7,-0.00044706673760686044,2.3688087216644504e-5,0.0006866306365509445,-5.294902977182048e-8,4.839918192089954e-5,5.520552904814124e-7,3.037231989688749e-6,4.0651436137295605e-6,0.0010020179975072097,0.001360834517981857,1.3587259241054639e-6,1.1959002205186309e-8,-7.840985793605704e-5,-6.192483054690001e-5,0.00017913540978042874,-0.0016093888915520438,0.00031314447877583973,-3.486548218134544e-6,1.9196387874842458e-6,-2.6693980145764407e-7,8.870771317312932e-10,-0.0006171176187308447,1.138296332658939e-5,4.283002033922401e-6,2.0687922758569344e-8,-0.014503365151540493,0.0002911964438681025,2.0265636294092282e-8,-0.0005871780770974055,-4.193328834389831e-5,3.56017192614487e-10,8.11904907194183e-9,-1.4169096724803154e-6,-9.312084550572308e-6,-1.0783756235199782e-8,-3.982409076286331e-6,1.0249026226594182e-6,5.4874698583728954e-8,-1.6234833299932916e-7,-8.531297282843298e-6,5.7101325644737244e-5,-4.0241323173706434e-7,6.46562741426493e-5,-8.90584297108532e-5,-0.0005915428729963423,-2.9194491730777372e-6,2.8373658160774085e-6,0.128635539897914,-0.0066111335527239135,4.86785803974904e-8,2.282371229134217e-5,1.949130873195315e-8,4.1800017040738435e-7,0.0015216567855986796,-5.602946996197122e-6,-0.0112052577205759,1.7579743598616915e-5,1.72433399470151e-5,0.01902554933258216,0.016595851386227878,-0.00010857258968144379,1.3733518875304416e-7,2.683629763966522e-7,-1.273317716821154e-7,-0.04145662667724537,-0.0036477046104863575,2.613615253271883e-9,0.00041436340438849584,-0.0008678834958573134,4.103757003659503e-8,2.727748636124558e-9,0.0006119130071056134,3.5830070208540954e-9,-9.30225052542255e-9,0.0002059512235064176,0.0009003987765936472,1.7907485591606154e-8,0.00017563016444910318,7.928563860559734e-5,3.2350240779521755e-6,-1.5594135545707322e-7,0.0014154693128602958,-1.0643599035464746e-7,0.09319846786456765,-0.007708823493885575,-6.301960819676822e-5,-0.0016669241065301321,1.0308481539489378e-6,-0.000911749249667082,-2.0078656619293422e-12,5.8360484733038787e-8,-0.015457185819286678,7.670567593424937e-9,2.9969393267492705e-5,3.718403510013374e-9,-9.244881056247323e-7,0.0035052571014375644,-2.3406981117871095e-6,1.604269911359424e-10,0.0052454254455369664,5.756314448539246e-9,-0.0030205094967641344,-0.08338795631425455,1.3781133019474812e-7,0.0022261915769377083,-8.585411282524547e-5,3.5073675799246473e-6,8.618997568987652e-7,-9.661407354144558e-7,8.986742798811065e-7,-0.0002732601864749995,-0.002437783385516923,-0.0018533951229073864,1.386652843127223e-5,-0.011715759460457775,2.873850775131359e-5,-1.894521424494755e-5,-7.840211373455475e-7,4.83922982630336e-7,9.721265539219814e-7,-0.025674470224885226,7.646417055084953e-9,-9.737243991025935e-5,9.335879186389562e-8,-0.0059035557042079745,-9.558708775614377e-7,0.021484859738848172,-0.0007139744282085303,-0.0021423966718430165,-6.050798452283956e-7,0.006723734870320186,2.0119341396888923e-9,-0.0492215889680665,-9.043015140264288e-6,-0.0005196819970478828,-0.006410829504602589,-9.881147001067347e-5,-1.6889803831077188e-6,8.537903738170538e-9,-4.676003685644137e-8,0.0037120493416296085,-3.418501441920796e-7,0.021118550619576126,6.054200928778952e-9,1.0773753539305986e-7,-5.108723566404905e-7,-0.00029158239493654037,-7.3762262502441445e-6,-3.1988194604259945e-7,-6.376443884903438e-5,8.354947525823775e-6,9.71296018337231e-8,7.815127933596955e-5,1.6933692385812105e-8,-0.0008894826351024676,-2.7269399016649487e-7,1.2242947327933962e-5,0.00013239265874176454,2.391243424451628e-8,-0.004598240237100981,3.171110081121031e-8,-0.007581338606541976,-5.429045994631565e-5,-2.210324756557469e-8,0.0008405341268371558,5.684076698903029e-10,0.00011475249345949123,-0.026693147141486406,-0.0033692427350615617,-0.0012440954949397565,-0.011685607962135691,-0.0005361214017511884,-0.0031697825793344236,0.0002990764928227918,-0.004562009493383812,-9.593718995892786e-6,2.03103924913961e-5,-0.00018115347239699986,-1.8082533896623953e-7,-6.976599784991322e-5,-8.294858560908835e-6,2.6546931652937644e-8,2.2225180429380487e-7,2.970076951769318e-6,4.093670241678282e-8,-2.6191596255165095e-6,-0.009519729570456548,2.3659241588092073e-7,1.797510933571056e-7,0.0006617254573484388,-0.007289619577022677,0.0001170798920497873,1.5284106333598242e-9,-1.0209232753893155e-10,-6.272093697745618e-7,-2.9386353045390834e-8,-8.505661611479809e-5,0.00012967257714535663,0.0002546810112207254,0.0007015464086634893,-1.1493132281437113e-6,-1.7113430331505697e-5,4.2809051551025157e-10,5.0862302290906325e-9,1.658911399005092e-5,6.455263034865766e-5,-7.884341934882855e-7,2.8709485562217196e-6,2.19727438577344e-7,1.2667814712138958e-8,-5.824807561838341e-7,-0.00013335287643201355,-0.001992144781524985,4.6761880669737854e-9,3.384387743943229e-7,-0.0003553208116500173,-1.0608296163727715e-7,-0.0017994414538407,-1.1085673862210044e-7,-4.254652474333653e-6,1.6432301925412007e-8,0.0015303538320949883,-1.752093851337122e-6,-1.6744669323998096e-5,8.749923559037143e-7,3.4872885641412665e-6,4.0027110749171757e-10,1.2111383790314179e-7,-0.004882428062046529,6.120176492332985e-9,-1.0952505267169954e-6,1.0190563612288983e-5,-5.107317457841987e-7,-5.461297632791684e-6,2.309153046553547e-8,-5.254497295936744e-5,-2.485236667015833e-7,1.0844779096963464e-6,9.868041386695836e-6,0.001646868668103707,-0.0004059796089848078,-0.0004377594834750198,1.1083484867738247e-8,-0.0010633128160577598,-9.458788323701839e-7,1.2860445018809952e-8,1.7496439123909635e-7,-1.6999331224620828e-7,-0.00025895111213003474,-0.0036741232106578536,0.003821527621767018,-3.3154901046827945e-6,0.04603497084463015,-0.03387424099491909,0.0038803195056971163,6.0491454718203386e-5,-0.000993002801806142,-4.601100681789205e-5,-4.755727385230557e-6,0.0002502026592310358,1.3158910610044927e-6,5.41650306162822e-7,2.1298902410649134e-6,0.0005510389100891189,0.014041011454537511,-0.00012051859198436432,-2.1972686586879675e-9,-0.0039526195732833,-1.2145245864569887e-8,3.357185249242001e-8,-1.1422215626111232e-7,0.000680182640280691,0.00014233894927428992,2.3246538253390847e-9,-0.0003272319650591271,0.047721223323605955,-0.001577040061306434,4.200455129338074e-9,0.00036018467619669536,-2.8822724488009044e-5,-2.5462198436354555e-6,-0.00016438899069726176,-2.1103297720426184e-8,-5.585893279591581e-7,1.7567260435225052e-7,4.088473321672836e-6,-0.005948693542450201,2.0544803378541587e-6,-6.599770693060947e-6,-0.1028701764298603,2.8155021782882983e-6,1.8348313599148014e-5,-0.010465775420016143,1.4665379476671951e-9,2.3868427636131173e-5,2.0116680404802523e-9,0.0001543056350783445,-0.022852820615298697,-3.7473251950359554e-6,-6.396976983680247e-7,1.7337974389519673e-9,4.1639522663672324e-5,-2.902274158222973e-7,7.663517676004261e-7,-0.0410823599959258,-6.770600933236892e-5,-1.856511988762577e-5,1.582369333874567e-5,-2.7018780979215506e-7,-0.05491739530407358,2.8701641292983027e-5,-0.0017932786577148363,-0.00013873731938929268,0.00017584266825565464,0.05142245313618332,-0.0008606926503489376,-3.391428445853606e-7,0.00018313961803073653,2.045124439220558e-5,2.311415857603194e-6,0.006132716371212155,-7.815050544479618e-6,-9.253896396721473e-6,0.00031198572241919464,-2.154156845124433e-6,-0.0028375791416692664,-0.0020449012517929077,-0.0018907439662143588
0.023003707252428285,-0.006121245408394316,0.025604942291465704,-0.06378899187620846,-0.003817421342318994,0.18023353670923825,-0.0035895623698252166,-0.0028346303806756623,-0.020120006494082077,-0.011880957566972938,0.00011990433245046006,0.025115618036466003,-0.0022614958415942965,-0.00315228304680204,0.004042602100525983,-0.011666839016015729,0.03270986503957829,0.043144991805093014,0.003609776736539061,0.03337928557266423,0.00998240745275325,0.008197126759114326,0.025970796996261925,0.010307717730029253,-0.004002603655749226,0.0017702463960631576,0.016082760279459762,-0.0017226685504283523,-0.029270737257320434,-0.01739877209365659,0.01084414488514085,-0.02452739959335304,0.008598287692620943,-0.0010148459969059331,-0.0008185456083253939,-0.004268986477654835,-0.0117321341567731,0.005670624409731317,0.008892797466302227,0.007988416794432851,0.0015745950895507121,0.013643660951856873,0.0016496061616635416,-0.016544509318919154,0.057344030817375824,0.03043352604959182,0.06511958173177845,-0.014736034116140218,0.029115075234585674,-0.022553424307261594,0.00632899456195446,-0.013423063204754726,0.014858665159408702,-0.0021961972679491737,-0.024421002233793843,-0.00978111580661789,-0.009270095419196878,0.028708995141641935,0.006637830503677833,0.0017468589780946786,0.0035575001738834544,-0.007790213079942987,0.007498970835513319,-0.0005415264822659083,0.00030372071705642156,0.0027908563515666174,-0.008187848771740391,0.010206994875261444,-0.005553443224471266,0.010512925621696922,0.006011374582158169,-0.007250258278872934,0.004697044147178531,-0.002952547087033963,-0.023508454829880066,-0.01452960944516235,-0.025210576537574525,-0.024610539873719972,-0.011932344939850736,0.0010672312491806224,0.00038695611874572933,-0.02372631757293675,-0.0026745671402750304,0.10555768045196601,0.01750029069808079,-0.06405837147008242,0.0030210580207494786,-0.00040725504760530384,0.004388714080391765,-0.014579288670574897,-0.006908621822049099,-0.22104589075206604,-0.01040508016444619,0.0034786063806677703,0.012130866192819667,0.0024431045840174193,-0.0002755183413682971,-0.010349714089898043,0.05733840104403498,-0.02138506529990991,0.023786793441104237,0.006141366598967579,0.01233770489852759,-0.0032344692499464145,0.042030246614558564,0.0010830654173332732,0.022932572537683882,0.0021583006323453446,-0.008193589288566727,-0.0019535826029937198,-0.04800689767125732,-0.0013015099975746125,0.028538322123040416,-0.012252132708454155,0.009983208177800407,0.04707388169845217,-0.0033720893061399693,0.00248830559075941,-0.00603666078848164,0.009212526294192003,0.04956841501632425,0.1216110282803129,-0.0062637063674628735,-0.021046456025032967,-0.020470570438192226,-0.01137600488004864,-0.011286893889518979,0.030998236856248695,0.006362947300658561,0.0013058753465884365,-0.17990571650989295,0.04078181569457229,-0.002847364011358877,0.0002974682906824455,-0.00072391299318042,-0.0004875514440811912,0.012456077420210931,0.007560800734154327,0.08435950864350161,0.01018970074801473,0.013282526289003727,0.0024561057089158567,-0.01162285078316927,0.0033280317547905724,0.018694314720050897,0.0030895796285221877,-0.0028760719026195147,-0.0014692605782329338,0.011214737974341915,-0.00644902945487047,0.01428401327575557,-0.0028872059974673903,-0.006580896539162495,-0.002530771982492297,-0.002630455827784317,0.0008064223111432511,0.013985001158289379,0.004329393872012588,0.0063657708660684875,0.018142009411349136,-0.03559446634812957,-0.010315419882999777,0.019367423249150306,-0.007900365910700202,-0.0038570428514503874,-0.010074711852212204,-0.09166660216669698,-0.0031629422101104865,-0.0008742406622559429,-0.02533281737487414,-0.013252879758510971,-0.021388237441215097,0.018125326998415403,-0.004743721302702397,-0.08089952775890197,-0.03181208861678897,-0.004484408204007195,0.007516167646826943,-0.009390978046894816,-0.00011852002808154793,-0.07623799335578951,-0.0021957423177809687,-0.04365647246777371,0.017595727785419513,-0.10774732803565712,0.005221107170655159,-0.004251080415087927,-0.00778910230656038,-0.003432857939060341,-0.0023966842240952246,-0.04407053653267212,-0.23032043366401922,-0.010581269835101104,0.0218532412291097,-0.08427248335192417,0.02809749083371571,0.0015958112703629013,-0.010013815640377288,-0.00921646970709844,0.0019921215739486797,-0.0005868544067197945,-0.016442177458884544,-0.002353845935431309,0.00483262755733449,-0.013882116558306734,0.0025975150647354894,-0.18180758072230674,0.014291108905126748,0.001778915396243974,0.017131864324710477,0.024404190064160503,-0.006075346240322688,-0.007550800353783416,-0.0025628712114666996,0.025869143859381438,0.07438224662291759,0.0057010933719539025,0.011154436201650242,0.014492688093014294,0.0025334047350042965,-0.007067173219297729,-0.016858002239132475,-0.01959191007699701,-0.00010512987591937417,-0.07300806333478249,0.004172931628090737,-0.0017520121864436078,0.002930654529336607,0.003636911792909814,-0.00510028485678049,0.007080579629473505,-0.013406450203547138,-0.039204953911394114,-0.0009435925139769097,-0.0011230740510654869,0.008211140117055038,0.0028134317522017227,-0.0037170207615417894,0.01220671752889757,-0.012251121639565099,-0.10934765472484287,0.003522808176057879,-0.0029593963226943742,0.0442271221786541,-0.0053331331655499525,0.05491011939011514,-0.01576207110974792,0.016659392596920952,-0.004715480677987216,0.01952623543820664,0.02665149799440769,0.004465916987101082,-0.01545049396372633,-0.023673237047205475,-0.031133052390941884,0.0015773815904367439,-0.008382854617593694,0.036075109248486115,0.0018336649084176315,-0.1063385697607373,-0.008836538028845098,-0.06717585784645053,0.006989392739342293,-0.015547045410130522,0.0017252916586585343,-0.013709538055991288,0.0006913705792612745,0.020571668670527288,0.003180500419148302,-0.0036658326389442664,-0.01199573487519956,0.03834917723224862,0.001247932366823079,-0.03593093751533161,0.08839674798946362,0.010554121705354191,-0.03451860140012286,0.0021853870057384484,0.01329283744780696,-0.01879850489422097,0.03483223987859674,0.013068141546682455,0.040893885256082285,0.0057506612665747525,-0.008863993148679583,0.009934669084032066,0.013058097392786294,-0.03213281600983464,0.00980890118012212,0.03859230690795812,0.011386884973035194,-0.0033232114865313633,-0.0060362081158018555,-0.008137112730764784,0.0004080197322764434,-0.004628156671515171,-0.008944551707600112,-0.03371160779715865,-0.004310187550800038,-0.016794761407254555,0.007192298369609773,0.009201707571264706,-0.009100881277845474,-0.06035283635083033,0.00010992065898562942,0.005543849345031049,0.03296251099527581,0.001988724487091531,0.018904653320305442,-0.0011992678259957756,-0.017177429759613005,-0.0039507813708041795,0.009469084692682372,-0.0009125837568717543,-0.003848580538033275,0.019880920444848016,-0.01370458456221968,0.02135365112189902,-0.004281479554265388,0.007985991621353605,0.01968767898506485,-0.0021018044261609248,-0.0026390072903268447,-0.01276388191672595,0.018385084038527566,-0.008937102625168336,0.009673374657722889,-0.0066506126004242105,0.022461167321580433,-0.0012898585903258208,-0.017075230782211293,0.014430141348384495,0.010732891416409984,-0.006978792938753031,-0.001750185662331205,-0.014333626987536263,-0.00228112311424411,-0.004826654097996652,-0.014279895996878622,-0.01667462124623853,-0.01697219637571834,0.016822658869728002,0.009752687073884658,-0.00665109068449965,0.003406418340091477,0.0009476645400354755,0.0005482727974595036,0.01945155535503318,-0.07770272879679396,-0.006815016806285712,0.001382336055939959,0.005984232393529965,-0.004971130492776865,0.0024972251071631035,-0.008671581756061641,-0.008287924507385469,-0.014075599088755553,-0.015247474737407174,0.009941498376065283,-0.008105040396912955,-0.031142267156155867,-0.0020354356979623844,-0.001331616274001135,-0.015637618355867744,-0.004497531315792003,-0.03470308266150823,0.01163335391174769,-0.02845163764550307,-0.17136076234601205,-0.0036399376458575716,-0.0010002514882216929,0.019442700564923143,-0.017069026958779432,-0.01852306748060073,0.004833772336496622,-0.019568479666304484,0.0035731370153371245,-0.08713806564628612,0.0038607158373906714,0.0019260118142483407,-0.0051377571744524175,-0.0007545816224592272,-0.007559680518170353,-0.006366652357428393,0.0001540787416161038,-0.006272437287634602,0.002579822058805803,0.046138048368447926,0.0006145498773548752,0.000141160629937076,-0.016423194639173744,-0.005667521382974883,-0.031161658924247604,-0.04279142311861506,-0.00348218587350857,-0.0033969439755310304,0.009145587447164871,-0.0119779813671812,0.029904909782089817,0.001030806961352937,0.03331671620730958,-0.002664018014911562,-0.0036899213901051553,0.00927741474515642,0.013176324862797628,0.038879111571077374,-0.003626640130278247,-0.00014120235027803574,-0.013627739735966315,0.05667745620655751,0.03603981241758447,0.001436104395907023,-0.02236449568226817,0.0013454877698677592,0.007936201562188216,-0.004038420187953307,0.026802189247064234,-0.002034338870089414,-0.007780965007441409,-0.007618913252372295,-0.0011891845895206643,-0.0006927949834789615,-0.019078735634593613,0.0256312304804851,-0.04417673576972447,0.01032565218883974,0.004149696924287127,-0.0012125642165301542,-0.009770738397492096,0.008361482850887114,0.0025329923924033437,0.06492760820037802,-1.8882460608438123e-5,-0.01551941410980362,-0.0016634411113045644,0.009786149601495708,0.02006697504020849,0.0938703366136906,-0.09378007401392097,-0.019869550320436247,0.004815475425175464,0.007409557832943392,0.0024469257759847096,0.013930919744780113,-0.008178637574019376,0.001093286447940045,0.0011978361362707801,0.001732289150595534,-0.019284467949546524,-0.009206878331497137,-0.0016595521251474565,0.006618861621973338,0.0015461068651347887,-0.003129517238448898,0.003052532605579472,-0.007759264111882658,0.019797958692834072,0.008120400184452592,0.0034753385252770386,0.007263811622578942,-0.01921709615180589,0.00499974643207679,-0.011695935909301625,-0.011649714619125007,0.015237250476275221,0.00019835274633805966,-0.03674428890917625,-0.013254878442239715,0.0133416124112955,0.0010282526218361454,0.10686566511685669,0.08995610839883739,-0.026980177224686486,-0.004601751611971849,-0.0034240189379488584,-0.011689660259435186,0.017029701424689847,0.00055945838550997,0.00898055770812789,-0.024171851167920977,-0.030496606614178745,-0.0724130010130466,-0.012907639058539644,-3.1927760574035347e-5,0.0007591265220980858,-0.009187223901335528,0.012894153185698087,-0.05309846099407878,-0.015281157939170953,-0.014798520645001645,-0.009531018560664961,-0.0020372885464894352,-0.0006344782534029036,0.018504131969166338,-0.015651820480343304,-0.03353722820975236,0.005921756064708461,0.015582420899590943,0.0038672455857522436,0.0038664728067487886,0.0228127678274177,0.004911781245027669,-0.01217324607023329,0.02509803656630538,-0.00019626997743671382,0.006471185588452499,-0.010091368495068309,-0.31295071625572746,0.011276548582827672,-0.00421894117971533,-0.0069578677303070435,0.042615534555807244,-0.00482731574538775,0.005312648935614561,0.001790839214436346,0.017081595633044344,0.00575201011452009,-0.01903806231712224,0.02979061393216398,0.016314155247528106,-0.002878378241803148,0.005622732568554056,0.008200876346563746,-0.008652113147036289,0.002385259510447213,-0.02821186445908097,-0.012073523927028873,0.001393123094061366,-0.004383582163427491,0.021689422700546857,-0.02129874690399447,-0.019230599087677547,0.017510659609797585,-0.005198379678404308,0.015334235932641604,-0.022171258305661468,-0.21727538960112724,-0.00010740833408817707,0.001190257982671028,-0.0012266930309579038,0.0071406046610036356,-1.0156438520425581e-5,0.002524376730889344,0.013914107532400521,0.0010919540075065015,0.02590808521654253,0.02358264467693516,-0.023167417641161592,0.009066384687685058,-0.003726200634446286,-0.03559431519533973,0.013218566201430804,-0.0014773746099194796,-0.0006249502021091757,-0.017067518880139687,-0.04623659660296653,0.01253715279563039,-0.033691767472191714,-0.04576934729539062,0.006637501614022767,0.05027499812285896,-0.00409876065714343,-0.0004347929025243502,0.06768735630612355,0.008931252614274854,0.02891984071720799,-0.0012019453351967968,0.0008191989170427405,-0.019065371008764487,-0.04958117586102162,-0.08862500582711164,-0.02294947403424885,-0.0028733585522786598,-0.010888737803725235,0.0018551547321976614,0.045108818484550284,0.012261104889148555,-0.005908614214234831,0.011059585175189568,-0.003962139953728183,-0.002027520456294951,-0.00725816225485687,0.03148442342717317,0.018243481563331443,0.03034653561030609,0.026712006465459126,-0.010680675212825008,0.029160141950342222,0.008532468337307364,0.0028491220377873105,-0.0011673991548377671,-0.02779873691542889,0.006307174704403451,-0.004057854770508129,0.017295224402914755,-0.011273902263383206,-0.006248222571230144,0.013204824141212157,-0.009656921783971484,-0.021590617800484324,-0.0010738420530742587,-0.003823612340966065,0.008450813525996637,-0.009341404375959428,0.0017063062160787013,-0.03367880282826263,-0.009602852635907766,0.023165269449236803,0.03240242924039194,-0.031179940913261817,0.015232836557515839,0.009355140032312192,-0.0013550621806643903,0.006426122212815244,0.022234529546039994,0.2284534370246547,0.01646285432161676,-0.02384436266947887,-0.012135709036556364,-0.015620259735442232,-0.001237773443790502,0.0036079576409520087,-0.007185030153777916,-0.022741354718448292,-0.01756799915301599,0.00039242901038960554,-0.000885479768840014,0.04400077267564484,-0.019505871203364222,-0.0016731775995140197,0.011409378757889499,0.0002706316963667632,-0.0018267249885184356,0.019185122773706098,0.033811274139225134,-0.005379686938567829,-0.0060771418084186735,-0.016155023215105757,0.004848194274018169,0.0049334315301621245,0.12592626153491437,0.005232833060290432,-0.0009494468768025399,0.037139198455406586,0.024732874227993307,-0.018643221777892904,-0.0077856751368017285,-0.005191410640691174,-5.7332724736625096e-5,0.005895659024645283,-0.017847673404276065,6.693262730550487e-5,0.011458195663180959,-0.010918713987621231,-0.0018813167189364322,-0.037273597066814546,0.018044250427919906,0.0018830392873496749,0.0033600130991544574,-0.005682594108293415,0.07191783089001547,0.024844614581525093,0.011271249792145,0.005835339095938252,-0.015089396878465777,0.008715372820461198,0.011544769973852453,0.008642280718049733,-0.004473742261325242,-0.020871219147920783,-0.00770587764782249,-0.07081688505149941,-0.0685201278738532,0.0011544159569893964,-0.09768911629453214,0.0003602016558943433,-0.002519916401070077,-0.014584473830097977,0.01165243140394523,0.0022177060275225813,0.013455588559736498,0.018222670667000784,-0.038702525958797196,0.004583796677252394,0.0022731844737791107,0.013109212311974261,0.002866469976652297,-0.06738301375298761,-0.001524751646684308,-0.00516577133021201,-0.0020313144086685497,0.0045551167379471735,0.0024748787382122828,-0.011124046071017801,-0.005008514051951352,0.006283684702793835,0.07640099690979696,-0.0021542554604820907,0.025808022027831612,-0.009806087984316036,-0.022896259791195916,0.009235348225956841,-0.14233436833364976,0.013684425550309243,-0.005574859373382424,0.011328522396070184,-0.05642720386458677,0.06486321178908838,0.0033137216582872497,0.022219468795810826,0.011649665260847542,0.022629882601904683,-0.03653740911636305,0.000867052738158236,0.017115061881213478,-0.04332355045244185,0.0073995092388940975,0.0012347446045168908,-0.007335472810382271,-0.003651367344332357,0.007863360388000729,0.03646794817177579,-0.00017593033953744452,-0.004743382436572574,-0.01810475352067442,-0.009172885046723422,-0.009012214874019264,-0.004486168808853108,0.0018683184434848954,-0.007252910992519901,-0.0012654285224016348,-0.04612772029133794,-0.0022746844952052925,0.00046686963833053596,1.1809847592303413e-5,0.012184948889625957,0.0013025855460000457,-0.01953730197146797,0.009251528943423182,-0.01205790717904165,0.004743287259771023,0.0013817772605762002,-0.024730111239477992,-0.0013488468175637536,0.09060551593574928,0.020928586205627653,-0.06982087734741071,-0.0007097421967046103,0.01327941359477336,-0.01192967113092891,0.011796552101259294,0.001777755578586948,-0.0003108659211648046,-0.04800550243089674,-0.0013071437933831476,0.017958513306439272,0.003058170485928713,0.00035799782358481025,0.005624619694572175,-0.008471747597468493,0.0015680966253626138,-0.00471015327866553,-0.02482125477581576,-0.0035644953159135184,0.022559912925316894,0.00744920588340392,-0.007327366027993776,-0.0023148437931013177,-0.08111604058285593,0.04134263622290746,-0.012189673487227992,-0.03357031943232869,0.0021238418285065563,-0.015757622336423083,0.0057399709530727705,-0.019353590764694673,-0.005696574918886199,0.0023395345899359654,-0.0023508222352575103,0.0032104744036587363,0.0019905216822735383,0.001059681998412998,-0.00933812658468014,0.05601052000747586,0.0014750084560546384,-0.061093543632523506,0.0017538561633045902,-0.07260983987362124,0.015784197223183583,-0.0034216381786791317,0.0033048597870219965,-0.032687580645870185,0.00037839777360204607,-0.012403833807184128,0.09736621413594548,0.002347800395739341,-0.0011536832971614785,-0.004050432062285836,-0.10661260884171497,-0.04410628103687486,-0.006872378813568503,0.007758854235135004,0.010321021379809281,0.015728264259450953,-0.012309004388498579,0.00939936270697217,-0.000609922327384993,0.01354939987504622,-0.010461301581926818,0.003421823647840938,0.013400768421888642,-0.2562155899249774,0.004024835325537879,0.0031066157353052404,-0.00013063973710814025,0.011387153806936112,-0.0025241074235964334,0.004331052796260337,0.03593456703401898,0.047384431381942704,-0.0025440957548426013,-0.11545793128971127,0.009359732464417903,0.0330913531834085,-0.0015244913311107666,-0.0023882635541667696,-0.0008358284595715304,0.00164209064678289,-0.07334250424901256,-0.012762283968640986,-0.018016904603427975,-0.00045839621816412546,0.023122979435356683,-0.018760292721708538,-0.009238955269211147,-0.01595302843733748,0.0023797076694336283,0.06181501921673771,-0.011467896187241422,-0.005858321587766113,0.0030568380511795112,0.11285328502765424,0.0006645110711360758,-0.009651253332776832,0.04374034709508123,0.008136868145811604,-0.012885445983556565,0.0943100610984402,0.0075167685704400355,-0.009443376961826289,0.002695798260901938,-0.010271601106069284,0.013928434171702975,0.005943711298641574,0.026086196219694102,0.0024789441285975045,0.014022825338543043,-0.008801112397122779,0.0014623972233493987,-0.000333055958890327,-0.2497885636475985,0.004031712400774268,0.00047214701407938264,-0.012958824879206077,-0.0010789806379989386,0.0015239401182043366,-0.0030012865681783296,0.003942581176431759,-0.20567779873454128,-0.0016618681561340054,0.0028795758735213894,0.003848331743029121,-0.018171655990954605,0.015223050553686335,0.02993089381061509,0.004396599890242214,0.0002631387665132934,0.013683586703336914,0.0031548037795801065,0.03646401147125289,0.007314683160075219,0.0026255615421177936,-0.004546152405964676,0.008507596299295983,0.0038843738057039445,-0.058172633532194595,-0.00964022906828177,-0.01704443020025792,-0.015260725272582931,0.01074954979139875,0.0020301988370192703,-0.016354493984181318,-0.014069145267058047,0.005220753202593187,-0.016635973807296978,-0.005250775502645411,-0.011590985512157204,0.005363197741189651,-0.003645718923507957,-0.004699135431110335,0.004407295416058332,0.011767692763896775,0.011018894188964623,0.005700944525415252,0.010718892689055792,-0.00870691228715259,0.004100003668099816,0.0013488389149642899,-0.0027642848071991466,-0.014485869688542152,0.06422338318770926,-0.011226107791017625,0.041089914560870966,-0.0019180866520400741,0.002198081526103124,0.013515836937585846,-0.03241730258741882,-0.014198399558154051,-0.01442967757839142,-0.012859955459134653,-0.005093647512467214,0.008297724744352308,0.004724449806872144,0.0016378864625039569,-0.0055818065848143306,0.06087454588350738,-0.004490670981567746,-0.018395521981346974,0.10120501818346384,-0.006953253981919261,-0.0023251542670550407,0.030694891125676804,-0.01062844863281498,-0.03903878336041089,0.055197206278535305,0.013289765702211298,-0.008029508240717576,0.07774734525628446,0.028928777951932716,-0.0029060743977424863,-0.0014281491758083575,0.006339985597151099,0.005088339886924587,-0.23502871242089896,-0.005499977412910084,-0.005166149909314299,0.03402951797636433,-0.0029699252204409277,-0.00043173413496333524,-0.016051990942742123,0.03027491917782754,-0.09412563824662357,-0.0071110286116891075,-0.12408306305587757,0.0031393879571623984,0.007533685395173961,-0.004442603149072966,0.0058722727344502346,-0.008830515480440226,0.051997969414514955,-0.0068599575097323395,0.03726370493404829,-0.005649024282774917,0.016001483917079895,-0.0127070571816148,0.11181526652762841,-0.021537981570872944,-0.0039013732431385506,-0.008968211939645698,-0.0074769402629044635,0.002290526271337967,-0.00462632843391475,-0.007869477234180522,0.00021881406701140804,0.017177042424009414,0.008874746789842902,0.01131893790261529,-0.07385521621472435,-0.006146688956050639,0.005696950291167013,-0.013685933777651371,0.012836481248086784,-0.0704647548009234,-0.015330422669649124,-0.0019549562964584766,0.014327034620464474,-0.011478971631731838,-0.007467383794391935,0.001830128962865274,-0.01767374634891894,0.00480349869303609,-0.0020958588957000757,0.0013212080298217188,0.0009043947297868726,-0.02605995645535586,0.0010950477917504031,0.01767343941719446,-0.008028954260225873,0.02930022119653586,0.022643392234840576,0.005841210175276501,-0.017686644330751733,0.0008307124070370264,0.02220718784883502,0.014764795363589656,-0.011687830943628796,-0.0077247050576261245,0.0067844161461607655,-0.03695725282159401,-0.0034830455040264496,-0.018421954719087807,0.0031500220193265704,0.06258522123061994,-0.0020096110761187447,0.01884845950098679,0.008842894257441003,0.04178971783767338,-0.003917083614183525,0.006964856793274521,0.011158586561577977,-0.012392421491313144,-0.00047550212184432894,0.0009428850298718316,-0.011660686396908204,0.0043845243817486335,-0.0014674060312245274,0.05521411428344436,0.0032608323685963114,0.006911084215971641,0.014345210094234062,0.05623989037468391,0.0010237711376248626,0.005450908458442427,-0.009345867194952007,0.025322311049421842,-0.006089601447456516,0.00314601062908082,-0.006485960154577697,-0.0014282103138612001,-0.006365860338519269,-0.01127495281980373,-0.017691829666546255,0.011684890269407333,-0.00358604290522635,0.005674766964148148,0.00765145949003454,-0.018117164677278197,-0.09577315862270552,-0.006358019916660851,0.006173413787109894,0.017743096062986297,-0.0019211054077459266,0.005167781982891029,0.013081353309644328,-0.012235949827299919,0.011359737180100637,0.03819561795376103,0.11069131323165493,0.0018288692776877724,-0.0010460899320605677,-0.00667842063921853,0.0012144168699990132,0.011153464580274886,0.07399902026236305,-0.00790589476491732,0.013270243599436071,-0.004351490370936517,0.004310115203679743,-0.03773060032835929,-0.24555621644663006,0.011757126349039027,-0.005200587041599647,0.04026758314375911,-0.017896099101562868,-0.010045170532976044,-0.0017232212167073158,0.007472688073903555,-0.013274719145556446,0.018396599363313726,-0.005471669920552813,-0.0047134204705798766,-0.003431097917200532,0.012284813172300346,-0.004501668434386374,-0.002873868227652565,-0.003410208094464906,0.0004281042656657519,0.0059594744275273115,-0.0011289841639836595,-0.008956735631727497,0.0026149861803332897,0.007418275756208459,0.0010629125536070205,-0.04389953514692024,-0.005686737142241327,0.0038554868224309757,-0.002380712390390727,-0.01445554876602273,0.0059917691423834185,-0.04088089198921807,-0.0141377625466248,0.00607739128099638,0.10397711969972079,0.008715682897445731,-0.02188891338664689,0.028798547939004493,-0.006604640158911934,0.00483356106269639,-0.010421572862469475,-0.0005582799549301853,0.0032293231324729277,0.013735208319303638,0.012615878006727144,0.013073302135580889,-0.023559879983622523,-0.005076021237982786,0.0003368776560819242,-0.004050191428177641,-0.0039876915825516335,-0.0006614209141844185,0.013565809405008622,-0.006816242457716726,0.006422079095500521,-0.002545049990658299,-0.00500728554197849,0.009980632363436825,-0.0007101968055849284,0.0038330284360199585,-0.24058416683328687,0.002526587191823637,0.006747462859948428,-0.026891420563515567,0.0017192511488701712,0.0017650281170062954,-0.017956601619516732,0.005555177694986924,-0.0065800800039141905,0.000950163515881286,0.014826596750936005,-0.04571017106445652,-0.011813155417257803,0.012993272575386072,-0.018032052213129646,-0.0004513424721608317,0.0058089340304263715,-0.004888722712166782,-0.01759215169113304,0.004296963516480901,-0.0026053923829749692,-0.00966536862324574,0.019018871197545195,0.006724457171912945,0.04894805727599305,0.015896153694484383,-0.02037875023415836,0.01876599583101779,-0.0018981094553964795,-0.0018767077453958336,0.058200119934554095,-0.013504977109732863,0.004341393600043375,0.00921714904370674,0.017598609967535594,-0.021155161686692736,-0.011102947657036566,-0.005114024068461731,-0.01617435272419243,0.21664879451782326,-0.023203611799544888,0.08446541133548635,0.011982646731212299,-0.008553308245609514,-0.016625343638224876,0.005089647590921231,0.012064426005053974,0.037496997028938495,-0.011824933339994459,-0.013240759715699824,-0.037516157653953996,-0.012665082544117467,-0.007902785364422016,0.0013192162530017981,0.00668359580959077,-0.018222388880985818,0.00013771427711617434,0.0007759786903989152,0.003064820691179193,0.01956395464549132,0.002941096406630095,0.008477126586512895,0.007482571670607285,-0.012045562707498902,-0.0027577842338359915,-0.004938470783258708,0.04649805283651176,-0.006335501783610198,0.018479941912119102,-0.0792550944352115,-0.00038100867163848307,0.041875284635807475,0.0043771795917564305,-0.003658022111721948,-0.009981462977464162,0.004568235000988352,0.005050798283264157,0.00593462186020588,-0.01285594179717009,-0.06877552571131673,0.09313081268192036,0.004851473516282567,-0.019383211344120355,-0.000636752611171687,-0.0007160092927733785,0.012048711156239733,0.006032055177456641,-0.017321173756499775,0.005184899953746935,-0.008992006587504875,-0.0026067349978120546,0.009964247691641503,-0.00043390233105355946,-0.01366593298916996,-0.004240231262315319,0.004777251505402091,-0.08317054796134471,0.01695304569147993,-0.011919823031348642,0.011063407071560505,0.015185781947366195,-0.0042535790726105915,-0.015686700708101853,0.001771411709341919,-0.17122544226913305,-0.0010183694303123048,-0.013362123601837084,-0.004150868428041576,0.007973094549925008,0.003317465378131601,-0.0002920421447925037,-0.007667368964121124,0.01702210749965616,0.020469780360144796,-0.008842715262289857,0.001434319246072846,0.013336375363905972,0.005019178984639439,0.017387280769980862,0.00650348703857162,0.002331476162908075,-0.008997059819535025,-0.00840419153792027,-0.026054638156892906,0.016328394867400675,-0.032674289224814856,0.13064661244243325,-0.021302270114205157,-0.005577833209827077,-0.0032498255914106267,0.0017029474724949978,-0.028643428271607263,-0.012610477198450099,-0.02207741412348696,0.010085634101415053,-0.012814680348128604,-0.06120908886077814,0.00496577734247694,-0.00512505182359746,0.026282640631507093,0.03431291199194675,0.010610823557044569,0.005935658262160359,-0.016727675902075134,0.0028432517244709743,-0.004867670022576931,-0.008990742717287503,0.000496626307139536,-0.011046174981856893,-0.09184178031500778,0.0005350652236302267,0.005666066607773246,0.0064512807430219254,-0.0022934104163141456,0.011281463579052797,-0.0038083314375398913,0.00031785077408130746,0.11802616827071688,-0.02525291523670603,-0.05065569617727306,-0.0017422814707970247,0.003974951978307217,-0.020681875432273955,-0.006108370633228333,-0.011349040516506648,0.004055867162605864,0.15252117815907695,0.005194441619096324,0.031837443474842075,0.1344886281374329,-0.004527469458366795,-0.0011180335422977805,-0.035371983699775456,0.026985768736267346,-0.07584420468083408,-0.001697165512268839,0.0039546691077703144,0.004576876721330336,0.0011376542279322166,-0.013634348200866953,-0.009784106477724208,0.029494240467101918,-2.9053855541860685e-5,-0.0012426166217665013,-1.1122085197712295e-5,0.007140502840229601,0.002279040093981166,-0.0038000788936187746,-0.004133734010792978,-0.013196066595440925,-0.006731563322659895,-0.0002663912127900403,-0.016417982932807718,-0.001392079113429645,-0.02750983943042229,0.008931372258302872,0.03149402495387221,-0.0015990960382623598,0.005127051044837572,0.014507272379887581,0.011680340470775263,-0.013024163456066162,-0.028393533146299887,-0.003670285115106253,0.009188649448333308,-0.022081625105784042,-0.0017607939907975378,0.004230914346408099,-0.16729655543895205,-0.00035113017020194093,0.033906157023011474,0.038543362459677155,0.004274079130482278,0.033206857970071724,-0.006468143914162283,0.01406141702682362,-0.008330029351782287,-0.00369994958055031,-0.011649457992007228,0.006776269920919731,0.00491749592265478,-0.027772854085924337,0.01301373795604377,-0.00621252920882398,0.012717745050395024,-0.011654865108539525,-0.01715655353382317,0.000978194220806472,0.005856172398125636,0.0006734458193022874,-0.007225820343592204,0.009634975602239138,0.0028976941348446417,-0.024718766637306544,0.027964115898612363,-0.05629068112557434,-0.0014900970927556045,-0.01673120364245051,0.021197446990754543,-0.007935720765090082,0.002297720653587021,0.0038642575636913534,5.733974103350192e-5,-0.011941851998017228,-0.001304710611293558,-0.01942950114062114,0.006233856693597772,-0.009303446591275133,-0.026155375517191715,0.010258817063004244,-0.006275248575207115,0.01876647489189054,-0.004976623529273638,0.004269926308552385,0.006410803216567729,0.0035649766714414,0.008079559262114344,0.10005736417588196,0.003912993806807208,0.0017221294592673075,0.006531891259783151,0.10567806927792844,0.006402696895747795,0.004556941530609038,-0.020786132981811534,-0.06829520824430801,0.01368299898240366,0.0167311592643955,0.007804064334322902,0.0069972943574612145,-0.010070024652122811,-0.007525866540163406,0.02969915694802694,-0.002432259048873675,0.0455773985831911,-0.05587066058797063,0.06715290106603788,-0.20107249724787835,-0.009319970306478353,0.010736494887623849,0.008303521546622505,0.009655382091295905,-0.015216173989756498,-0.005342820904843393,-0.005407388520325185,0.02134983901214582,-0.02824356800010719,-0.01715830959710729,0.00881020724773407,-0.007039820421596232,0.0031067394579622487,-0.012556985057926795,0.023787552672729362,-0.03863145405193791,-0.0019419705031396006,0.02217296284470649,0.008401843359024497,-0.02415111623122357,0.028236786827619653,0.02341221735923682,-0.03388383650963078,-0.007172774736545762,0.019849647931550862,0.01907642475271132,0.013615497519367636,-0.0020123711628912133,-0.0110872227960499,0.2778026389350998,0.08151735353385448,-0.0034248871124873403,-0.023439114180291654,-0.007143581612126582,-0.01113699835150328,-0.010025600188782846,-0.015646818739696755,0.021421104538603686,0.03607645102056267,-0.006280476675783575,0.027731721493182704,0.01119534301051317,-0.008014133631149889,0.018499201230952167,0.309095266426084,-0.017905519638588885,0.011823544969956856,-0.008368367134607979,0.011389508960746753,-0.0260077663415359,0.013458123466989491,0.001602094722329639,0.05435172378565767,0.02908860355091747,0.022571060424525058,0.014150448615055211,0.05349529227169114,0.013770671015663538,-0.015573207063425798,-0.00033016698580468073,-0.008006934554032341,-0.00595230088038079,0.012660592288966654,-0.007694543615798466,0.00038631966799584916,0.018443083326019405,0.010974063233334164,0.04311392288582283,-0.009012818958581192,-0.012992136733373627,0.12795946107280542,-0.003498495410894975,0.006749379905159003,0.07156524776928563,0.002340993520192569,-0.006169423993924283,0.48545052986264636,0.0023327217037376613,-0.3376287873579713,0.041610327384660195,-0.015681244800362037,-0.018726467904343735,0.023767317114106845,-0.10080208767976728,0.02266926485390286,0.0025711403468449134,0.00909804317416274,0.0020135093427597894,-0.034866091659750964,-0.7427477477667708,0.006384162333688437,0.0040505827964807395,-0.011609743425651686,-0.007429504696119693,0.013516081053239759,-0.10865844454156104,-0.011834991155183161,-0.006325585189188132,-0.013636006157867087,-0.013456333946123777,0.002976432437208132,-0.0784197774387394,0.2947757253423333,-0.009779006451111627,0.005690241670890828,-0.0008624715519545134,-0.001156416437424923,-0.010965723287881701,-0.015439155307831243,-0.012203966662127641,-0.0020112471720494796,-0.021294863053299196,0.00707120977131126,-0.004290913774980254,-0.04854172089108033,0.004342602947644991,0.0531203595273837,-0.012089867552731448,-0.01065800974265585,-0.00936609254722498,0.010809477360226083,-0.010636879913363373,-0.0003871010849252343,-0.023829056078511712,-0.012094715073089901,0.006682696397547261,-0.014379279113200027,0.007685685884553095,-0.03931470614134014,-0.33234439545412897,-0.0013847521076968405,-0.00955119092395762,-0.005039975031650101,-0.01125888778915396,-0.0026264650000484835,0.003079494965277263,-0.007465210932878108,0.004853824952078867,-0.008178683448932134,0.007808979978108255,0.008262263113920199,-0.003101097601756919,-0.4684305733844667,-0.00018465732227923581,0.01672658227107604,-0.017342644589234624,0.013411289800387749,-0.001446867894060233,0.006220289397560919,0.010820520791412491,0.05715874416182487,0.01284921798742289,-0.0049485077852295944,0.004660075093852356,0.10610134850412578,0.0016249919713118288,-0.0035431820833764505,-0.0011853419619001215,-0.007499583835624435,-0.007100434065250738,-0.0024890035565476865,-0.323832968078932,-0.007322536657738965,0.00640392458876704,-0.016286633708659792,0.0006096491551943473,0.010605431009025779,-0.08579885054859915,0.01783530333523231,-0.0021966720435102616,0.004553358350676717,0.003832030492958438,0.019616986332039232,-0.00036093931612413144,0.007195164798758924,-0.001053531188517809,-0.007413335384626407,-0.036344541657300056,-0.002067906063530245,-0.012669670959439827,-0.01096579264230968,0.006183255956784706,0.008037248093387461,-0.012179965844552498,0.0014938086551410379,0.0026095808525496977,-0.012844854618379031,0.020501230928857694,-0.0016554387029827922,-0.0021368529905885225,0.0047741727030370384,0.043361236621421995,-0.009255497461708728,-0.020714480109976563,0.03228882122130017,0.022807155260238687,-0.0022696659452776657,-0.00984863907979161,-0.024147909248995347,0.004192506507024518,0.009300055316998623,-0.03353519307984243,0.009041733275807928,-0.2132478370658646,0.010630720655171899,-0.0007423639802937032,0.004823741375730606,0.004091419024916831,0.027584872661464033,0.02707436784839956,-0.18082765034887416,0.004520083772149519,0.02185991268925136,-0.0007046580849419115,-0.02152220169159591,0.26385357066465076,-0.010942968096742334,0.011302196735414327,0.021489951745024882,-0.014568842123480863,0.015396422450066893,-0.012295974698190548,-0.006898848119817558,-0.026556549109955085,0.0197973186186573,-3.025096202691202e-5,0.001019693798298249,0.008524524212703,-0.0073684043945831945,0.00883736429932469,-0.004107544628823234,-1.4235866728995461e-5,0.1788794811113803,-0.005456822231053593,-0.019094263336228323,0.015057429671287537,0.0015636678344890242,-0.0010721186099544866,-0.0018789530051890324,0.008781473799899686,-0.004606056562806771,-0.016793912903949604,0.012881693306553643,0.007164417158492142,-0.0185346035832481,-0.0015104869048627734,0.024065031439022277,0.002966389696666738,-0.22817101800319506,-0.0016515469342266442,0.0055536013778691995,0.014834984789558803,0.00296264600547147,0.015831766105634415,-0.015274844055966241,-0.012318604658503318,-0.010214555331913289,-0.014073418713223873,-0.015347623561865475,-0.006053377224361611,-0.01771262644251692,0.007443936299750931,0.003954102955503913,0.0071786533371778205,0.001997340446989071,-0.02206452538302983,0.0003430697952353512,0.04341078341167304,-0.00364648855975247,0.011233924775751802,0.06612318743100332,-0.010091393301991047,0.02381898803923832,-0.0026193714056717,-0.008171823684278934,-0.014922776706498553,-0.004138348026572203,0.015505052091612015,-0.010035997380327899,-0.008497735576384002,0.0041729459339876485,-0.010546109868300846,-0.003303399830656417,0.5123276169251767,0.004706943540440989,-0.06343119778830442,-0.006132866961252148,-0.004876864080870291,-0.0007886020248406567,-0.012973889863133081,0.006923610694684612,-0.006023753554472933,-0.037741615799859574,0.006489911867902265,0.03371242925277329,0.047391717409482226,0.011373260143955122,0.017887211109155032,0.012123927208449459,0.02896768289610918,-0.1649927279286203,0.01237990809022449,0.006695426044643682,0.17908666070752588,-0.02489088249967608,-0.007427266915328801,0.027495752467075363,-0.008679774777874627,0.0084515099233613,-0.0036733551760335104,0.012338831533270422,-0.005128918763148249,-0.0024305133863435913,0.015492769776756177,0.007049897926151516,-0.004617194108504918,-0.008464225926559266,0.008374222947168164,0.018597190120999585,-0.0022060349547246005,0.01690926891797062,0.007116480252079782,0.01621198189604911,-0.012743147017317824,-0.012579875309711497,0.05916370264503712,0.008985085842141416,0.01431800946011208,-0.01719591942946863,-0.00025887637139021535,-0.015402321036162903,-0.010049729216916603,-0.018740590501693077,0.006547295926793595,0.033711477874931006,-0.01676069901259325,0.006787371406062448,0.010405874270873028,-0.008502693887749047,-0.004686250335907971,-0.0008530306768079754,-0.0012323566952545661,-0.009427519099517667,0.21805066285469366,-0.0016943917371463613,0.02052586611193874,-0.0242420275862969,0.0006803907199355308,0.008933060984418262,-0.539546390531541,-0.012714749740553088,0.015551696524880754,0.022348346436046995,0.017077268323191674,0.000284734764136374,0.002824083515406528,0.016004130567125685,0.009892917197248607,-0.00714534103326514,0.022365505460584245,0.029943241242108343,0.00352733785757664,0.03482834825535974,0.035214100261327985,0.015558825143671129,-0.014550238389347214,-0.024536579420555427,0.0026281743093932164,0.038110889381641755,0.011938818482576607,-0.008933191687901854,0.015595845881762216,0.006346401519977007,-0.003340859761010506,-0.24037803114515555,-0.1777648424722429,-0.021883104578819257,0.020040880530359573,-0.002959209538403229,0.014361536637807149,-0.013733054553995316,-0.0017730773688526824,0.012247570301724409,-0.002459813243149256,-0.00935330725633321,-0.0032565225592406932,-0.005241325650331419,-0.07977407797898195,0.0026281796726834727,0.001298038321237982,0.0043920023508690065,0.012637036405067192,-0.2214927279856056,-0.0024565986914240057,0.001994239450141322,0.011872293017404445,0.009968805334210629,-0.013486141042335476,-0.00047755387095094193,-0.026786421255565074,-0.004648201201689517,-0.12049771162855905,0.021386618495853327,0.016779303289695235,-0.008503017052589712,0.007830838871996093,0.006955865510178683,-0.013383033568970859,-0.04072935026852065,0.0027622237776085967,0.006681508681140258,0.018019739660303458,-0.000941367402447213,-0.005690193832379009,0.01369851809431566,-0.021099741333273414,0.019079107813922747,0.005607567915831169,-0.01267821721967266,-0.23419600356101,-0.026741523415012125,0.14881153329770314,-0.018504542893424514,-0.024968173096567625,-0.001257678544789087,0.01910884290919057,0.011291212867945433,-0.015618870500475168,0.014869918162730755,0.002652294563290525,0.006984090412402111,-0.0003946883514345245,0.006652497518189193,-0.15288388086264604,-0.0377386081891018,-0.013383374956902117,0.04139581573451778,-0.014745104112080298,0.00402417337636507,0.010809884704940487,-0.011632244697011629,-0.016898970694455784,-0.40174728804231563,0.005307724881276954,-0.010574053061645827,0.007661843806999968,-0.27926977274546516,0.009159990891930647,0.010574402567726793,-0.0036337801290642346,0.02209845872312144,-0.01472864922379813,0.012662912200539722,0.030851428062305786,-0.00010466548883414362,-0.015276033409463707,0.04266093634942081,-0.0012544827650344814,-0.021714336181503313,0.003510122485749889,0.03140735034230602,-0.01623320145699836,0.0960632121841627,-0.016591459680057596,0.07601394525590877,0.015105093760212185,-0.018951863507027156,0.3326405565258028,-0.06505940970237134,-0.022562759787433606,-0.003782586158195045,-0.04971921908054355,0.003604726254252455,-0.013189645967941033,-0.012554497689961863,-0.00473320611354211,-0.0013518030546038062,0.16538303349443595,-0.37094069272825436,-0.004299651855035336,0.021698120574001223,0.020719970402751642,0.039554675699037034,0.011477840706902498,-0.2699051903528016,0.00869935668697508,-0.021403877198281407,-0.0020823798768105917,0.016943093351983407,-0.003485604558591149,-0.04385617001889841,-0.010993034113198519,0.02956261829831419,0.008093488115264336,0.017477879002399277,0.005760093192293425,0.017677985531406648,-0.00405615350641142,0.3575795247052156,0.22638719045335165,-0.0077364698954625055,0.0005323461932675855,-0.011919159945591673,0.006784924657040392,-0.35032079024313134,-0.0015281522437362582,0.03189707501906014,0.0010571596208137635,-0.01049579450773308,-0.02129052238251461,0.015201686251430147,0.00039707887708573253,-0.022571194072952494,0.02524725623879931,0.016372048709399678,0.04387815613154089,-0.024819485672196606,-0.004071343264058669,-0.004325246136431815,-0.015307248058888945,0.0031412750386152766,0.06609539136843523,0.008764634187173215,-0.023280670004169224,0.07075374310443294,0.012557089894926321,0.004508898950916773,0.021345922777982196,0.0153703284167932,-0.006945685958271497,0.026891516468822374,0.006582444540981669,-0.007587544272610103,-0.0032142665768333245,-0.001935201078595128,-0.0003095172214671038,0.011525342915774672,-0.001397112825543445,0.47318180641013896,-0.014943244418645918,-0.014588655430998188,-0.02118475244549245,-0.00903033917711582,0.011220936273275584,-0.016466043014816023,-0.012435255135642365,0.058632676273191464,-0.020135892862526816,0.003031684435882198,0.010657168821126106,-0.010692010662751272,-0.0022962070509038313,0.12207505870173918,-0.01957544184915605,-0.009827947441408469,-0.002057146453353198,-0.048735585409303894,-0.03451490643237776,-0.08019335656717885,-0.0033308099459645746,-0.007622145867571817,0.018590723383340446,0.008251686166431682,-0.0029480701268767007,0.046773787983511284,-0.007463031616680382,0.24940888259084204,-0.020099138563637098,0.03581424009098555,0.0005692319027730264,-0.0019710169999598293,0.010518467409610821,-0.0005904952640776173,0.006208310211150092,0.008916254409996327,0.0015052502239996102,-0.0038396936502067547,0.02197778332993039,-0.023315914384284042,-0.029305938784091268,-0.03417824171992834,0.02706118299101945,0.010677056262466067,-0.018028102334028517,0.0127012172160903,-0.023304215352709434,0.017688981425635575,0.009874767439896459,-0.001714123643921539,0.0068278769322205335,0.03546574404072089,-0.011137868261357653,0.005401628058280039,0.002648298097483348,0.015163948188273935,0.0677375151826709,-0.0053853696267651685,0.0035502065056789434,-0.0012590309915481157,-0.08606608444824815,0.002184034704214355,-0.009951095289579825,-0.009651936457885313,0.026774390383252467,0.009232503399289271,0.013073287074803375,-0.01974151654940215,0.011447593771436004,-0.005202077871217625,0.0016611044484307058,-0.01995392807270946,0.025554878855473362,-0.04782284517568769,0.012610994289389055,-0.009310527602792718,-0.027635329543954867,-0.03431000547425356,0.03444850017694989,0.009448136930814144,-4.662214615791527e-5,-0.017770455859135836,-0.013887650697142817,-0.0022671603601338575,-0.007780069625709984,0.0019256474206486018,-0.3114802721902379,0.014397408562217606,-0.40821688290088787,-0.0058162453490240296,-0.008281437027790162,-0.02423539167830313,0.023175589354650583,-0.032153975116216316,0.001439644602669432,0.04531533016688627,-0.00195675668601325,-0.00692778352095047,0.007703136081545381,0.011920115595785319,0.08885675771307433,-0.007703389703237917,0.0005770624993601814,-0.032765766640295624,0.022131902842374984,0.022621508889642428,0.0005977481860099942,-0.015267428968400054,0.007947029731440125,0.003172796382841625,-0.015366204719612142,-0.00852214627821013,0.0172786867206014,0.00047731585254950915,-0.014186357186190435,0.15434893918063608,0.014543093067800328,-0.008401107612371561,0.01855335797040425,0.01988712286674854,5.1506174486348755e-5,0.02494710613609641,0.009754271201472875,0.005283368128687016,-0.028618720045415103,0.06334586059165304,-0.022794785839778342,0.017925621490576304,-0.0017787514666451898,0.022455255511886207,0.00018535020512899791,0.008446320956863929,0.00747379832318984,-0.00032548899616813287,0.010090320094604976,0.00641124443791341,-0.01644255581413745,0.011249482148286916,-0.04057231755723478,-0.06796253100401373,-0.007501353238694719,-0.004841366569053207,-0.019182585023372667,0.025436198486204376,-0.0107352131008156,-4.5418699528454454e-5,0.009331869911875401,0.009397063087817514,-0.01008053841360379,0.017437422875445918,0.51449137992131,0.050122661713430716,-0.007636739172994567,-0.007669577749766177,0.0029789228829031345,0.021646922497893684,0.004555390155928762,0.005036966650550312,0.020765477489476325,-0.000723337152521708,0.0028474499222284066,0.013672573262738297,0.011895756185367645,0.027842338462505722,0.03200906883193966,-0.012517987127580454,-0.005006544664865942,0.08325571378873065,0.03340374426807102,0.006841153952336754,0.026516629083289445,0.43921258200316515,0.009254778756712767,0.00022582797851100622,0.005987857299260213,0.0026832079001906095,-0.22166284515151347,-0.015527777578427049,-0.023099620957509615,0.0031868562987256155,0.0039909948191052536,-0.18241796203437843,0.006271931354604021,0.32492654259476694,-0.010876648505814046,0.05957946841772355,0.0011204728937173059,0.002206439834480989,0.18393178893711593,-0.0009972924781322945,0.006253887947423209,0.006368723364175821,0.003953888779790304,0.029004457475821255,-0.010852858682483202,-0.00484910234945346,-0.019370324187320875,0.003608175626141019,0.011277848273493873,0.00550913817721721,0.004739876005260157,-0.02374816449264472,-0.008242801231062913,-0.0429058754016296,-0.004022891780550708,0.01860093653885997,-0.03690006481429009,-0.010543788590439362,0.024679706293682102,-0.007740390938124619,-0.0045222346357149945,0.023756566568408743,0.0574450839558267,-0.010447247816046001,-0.013767024222488544,-0.43367728907833225,0.844193937991804,-0.04789836251802626,-0.010009642119257478,0.015579562842958694,-0.0034000377272604965,0.0045272457391547505,0.02915446291444823,0.007164900236602989,-0.006218228687430383,0.013249161969270062,0.00011299609946036071,0.015324053192216525,0.019684640394842745,-0.07936719569352135,0.36992255121367634,-0.2625025313500373,0.014223307778593153,-0.005515811335953913,-0.005828424570609059,-0.005060209159637452,0.0014313685533124954,0.010384101700765314,0.21124722447257227,0.015277540227316422,0.008259693575382698,-0.021097188378917053,-0.0056831666834114,0.013128190807037754,-0.006363144668284804,-0.01393764737190395,-0.004033883888382661,0.01641281770525893,0.002719876576520619,0.014496387373583275,0.013084454563795589,0.00417755041030432,-0.00563488200896245,-0.0169164697244355,0.013826890204654774,-0.028650517018832034,0.0019160133488185238,-0.0061685773653152864,-0.002286058916070033,0.008615725950221531,0.033148366110253846,-0.014965001402231337,0.05838447861970053,0.012089706220194785,0.010152604761969997,-0.02189135666094444,0.021647150554599648,-0.010045791932498105,0.005469560209263591,0.022997501842837664,-0.017765467602657736,-0.004282534470803512,0.0008941913695252879,0.18930550233926624,0.00010500460916773591,0.11236174552323064,0.25071076052790886,0.021583038920653053,-0.008617816861033134,0.007171129982907587,-0.0023707586187811103,0.010284478568507893,0.002246577775622427,0.14457288748963038,-0.0021449835221574176,0.028278220906940987,0.02798057240761409,-0.005712404513360525,0.03767392187796759,0.01780762536009206,0.0010908845360972919,-0.46259008701963467,0.10465042700161575,-0.007872034431784414,0.0037064253474454745,0.21100969151484605,-0.09590825220766419,-0.0027280832018732326,-0.0009213700741383946,0.011064075061767653,-0.004740481890394221,-0.018322219242691062,-0.00245483041726402,0.04857293692930398,0.03975394362169027,-0.48324974658044084,0.0006919513098182506,0.019837434559121903,0.004516867408256076,0.1251625392396818,-0.012708592113312989,0.018614780922689533,0.0044022830526557755,-0.002287999718419087,-0.023526823464635527,-0.00899526679131668,0.02679863779940206,-0.015331609571148874,0.046037833350055735,-0.006859511645025407,0.01247463249046632,0.011540241045622679,0.02743783537607669,-0.01178507161239395,-0.388317876308065,-0.0021744136520283064,0.0008510931606906524,-0.0021263350172375795,-0.007750063708044763,-0.0015245963568304433,0.009584920831116506,-0.0034035173757729353,-0.012666361866649822,0.0012726114025554125,0.00959213979967899,0.05242265030483395,-0.7923396001242509,-0.013137730717062368,0.011583321133684876,0.17508490256386722,0.0014017830571901868,-0.003360164178047853,0.003740017538802931,0.0011454401155788219,0.006510172886919463,0.00990510643214293,-0.0048952894285321236,-0.0016159415026777424,0.02039946126024006,-0.02414806179695006,0.0077617401781537865,-0.018334064122427662,-0.04292061284468218,0.009998393808928085,-0.010551001049634579,0.004902979430653431,-0.011799086023529526,-0.20450215059827315,0.012430830331140896,0.009974460777812055,-0.013055216692009708,-0.006611746031012444,0.01236999351567647,-0.0028523355094876024,-0.01809677561504941,-0.20981461825431325,-0.014684608940569888,-0.00203694793106024,-0.013205544901211397,0.009477664207224734,0.3432538249776371,0.021528628226406,0.012241267966601299,-0.012249181811057497,0.02121063806771417,0.01831609342025331,-0.017505765545138274,0.0010337909639019927,0.01579628534091171,0.013271642462314048,-0.001276218616112601,-0.0008193960275093559,-0.019125629887184914,0.014748175368822558,-0.011998874948403682,-0.005855567609160062,0.00024839056095515843,0.0001270348766411189,-0.03911401423829375,0.003950358586735092,-0.005402068205512478,-0.04577789492213924,-0.014167180870572338,-0.03699487801259238,0.008969486321802833,0.0066305288912644755,-9.74121576291509e-5,-0.020204680324241053,-0.002258128393464176,-0.0011907745110875112,0.2667281656108571,-0.03674034074856536,0.3020529909481411,-0.002670434509354891,0.031131106204156822,-0.0051338730736461,0.016796463078208035,0.24753628644884884,0.385066464814372,-0.022151613989990437,0.01894838492330564,-0.0018126856393791968,0.03793041682092735,-0.013406995625700802,-0.007499410057121736,0.02554640043672407,0.05027632000383164,0.0007001640988164581,0.000544343341516651,0.10642817742734678,-0.010844510310562328,0.4871954173904669,0.010867740130038328,-0.008489021978675737,0.0011241727206652286,0.007342403605889558,0.0031609788684363593,0.013944290193649067,0.02096350578358397,0.018952860969875474,0.3712001258827513,0.33402684684915585,-0.003947828438185752,0.04317558099501184,-0.03576446840634162,-0.0032420152228951338,0.37107724936140585,-0.008187929947325756,-0.008514289209415438,0.013854350803526927,-0.00012559402239276096,-0.02865823971660575,0.017444222370613716,0.009477784908085596,-0.04494635419268889,0.2342151499751708,0.018835424305109427,-0.0027549363767320756,-0.017785359021218028,0.014715406852019441,0.8699339142094686,0.03698357784560358,0.0017191092738357838,-0.006041647775447245,-0.006084141220526362,-0.002805217503919266,-0.01347875992723857,0.023729845058369392,0.00028985265294068085,-0.011109946488431888,-0.15131875100223624,0.004296970528230304,0.00036806371826969553,0.025447134597015975,0.008139251040120143,0.17097667190660104,-0.0049104695699497825,-0.004988272839000274,-0.028159758945548674,0.0036681397382380965,-0.005648984304571059,-0.02054938443507126,-0.21179690465010026,-0.02111259487173811,-0.017509791573502298,0.009168517762191186,0.026655131892766804,0.01408024408374331,0.002042554815488984,0.0658367490332239,0.0012364713320494047,0.023430457615177147,0.016743998088713852,-0.022516803928738227,-0.03607241688496288,-0.011043723912735004,-0.0032990661638905294,0.021582773875707062,-0.002099169709254056,-0.016637989031551115,-0.018994141659277375,0.0316244081404875,-0.013863318403309677,-0.010913763606367866,-0.04345261221351393,0.0003640632925225873,-0.022187197353559895,0.0015828371230099947,-0.015956965144141577,0.008873911647242494,-0.0021977099022478797,-0.0007048556026347796,-0.02749875856102335,0.014654735461590462,0.0057437803043285385,0.005325870483034123,0.018996774791560256,0.023138898022807552,-0.19437044572259765,-0.0008380366252822569,-0.00692608756799018,0.027862243119216146,-0.0037024540924903704,-0.0051858981751138344,-0.03404977942784626,-0.03787276819275576,0.030995811703178333,0.03959001857333533,-0.025295704897871474,-0.0006232507198546955,-0.41932649874161143,-0.00607404484617291,0.01586504709393921,-0.02891660770819726,-0.0038642332056042505,-0.006498859638668364,-0.0006998487688179011,0.0012506800048868172,0.0008390381390199764,-0.0008378846832783893,0.003919802760719904,0.014536236300955352,-0.026720623794972198,-0.5050640818135435,-0.03178295110046747,-0.004574176362439175,0.01411910968090524,0.003081759139604401,-0.0575046773046779,0.020554333270411007,0.006560676260050968,0.0011351096421776674,0.014276637639341061,-0.02417764942674694,-0.14955117552744923,-0.008570730810106397,-0.7113574904033158,-0.0032397605191363255,-0.014032216869964032,0.005795326637780818,-0.016212907903195628,0.009305365121690556,-0.05567743024948868,0.015123864150666577,0.0033714286882968736,0.002287542507588114,0.014517191574327626,-0.016999618430418195,0.042840301706746686,0.01976583928353648,0.003760315739782527,0.01272484762739623,-0.3077503599679403,-0.008031612534523447,0.011864037183840992,-0.029559555538071436,-0.019864389616898848,-0.004954972346780551,0.00013831140313413925,-0.0025412658505956642,0.005725460791836667,-0.01569324244053405,0.0013490354676832794,-0.019462472726445412,0.007219783263280988,-0.006851003985502757,0.002838622425315407,0.008816864983515416,-0.005058240508333256,0.043304111539328005,0.026089184058946557,0.010967698836793716,0.08651187845202912,-0.06016146342608408,-0.002843816235895247,0.0009674742923380109,-0.011582891904254211,-0.02280707406168858,0.004202855413609541,-0.004856781840317126,0.0012529871623883082,-0.015370424685897888,0.00908428375623771,-0.0074079216883546906,-0.42674485164741327,0.007007222604443086,-0.007279836608404366,-0.001037366664036199,-0.003263307100610291,0.0014474186100414954,0.010466071709288371,0.01731018217151359,-0.03155589351626986,-0.007957121658364485,0.0011816517617262434,0.017926001803971303,0.025822355737545877,-2.0972320271539502e-5,0.27167136722709984,-0.002079863454127917,-0.0371394325975416,0.06073429269144981,-0.003493592828817782,0.2631772725671908,-0.009776574283023365,0.006302689470430778,0.011314850281451072,-0.0016637633467553314,-0.001348671384221234,0.002896444984799018,-0.003954353804147104,-0.028320385372808232,0.0037119723108389735,0.011801241278590169,-0.01779486517989426,-0.03781900159515317,0.023582645504120592,-0.014303120944532566,0.005537139128136914,0.009219313794574191,-0.008347738328097876,0.008469444799629855,0.03176151517763515,-0.01842796273649583,0.0007600519602419809,-0.017734441160428105,-0.015291570331100957,-0.03750328445312334,-0.006475520720414352,0.009063396008059499,0.0127454331232002,0.0013439947433653288,-0.011755346695281332,0.027865567673870828,-0.32310805750239524,0.015302353147490066,-0.01091590272517351,-0.18379631123402707,-0.021270453171382542,0.018835178369045025,0.0038179127525381773,-0.019679350458318368,-0.0029338391723285895,0.008485735842896247,-0.010926178702902689,0.0015513027760789555,0.009551816641760524,-0.01907074162045319,0.007235422428493621,0.26531461732520256,0.030934704294850235,0.06127793136329274,0.04987942059597117,0.00643248146843689,-0.23132515923134633,-0.005276365794998128,0.0036119136930210516,0.016152668811628246,-0.005555305800214683,-0.003053155752695602,0.011316655387417995,-0.12784614266729477,-0.0018989681248058332,0.0013900731833018654,-0.007203541415947257,0.012438091759577219,0.0004536736512363859,0.0050390987107675755,-0.01510571448261544,0.005632499622151954,-0.06602209365792078,-0.0010908660939321635,0.007553080073193996,0.0011027096752513899,0.008679622781301077,-0.0075152123406496685,0.0052873320564685855,-0.001208588260169563,-0.008385298137000063,0.005275516224173771,-0.003741040466593404,0.004489378083235351,-0.008090449842711678,-0.0031458167804885306,-0.23435406469388909,0.00885108707643667,0.012657227861382125,-0.011059231224862742,8.326148963533342e-5,0.005503189241267137,0.20799628387976554,0.004743055117160111,-0.0029372460485319607,-0.08758785486134002,0.0011572839357540943,-0.14709146940367646,-0.018184456741437316,0.3664340839441138,-0.0003727242042259604,0.0024894359303289093,0.016775957490608562,0.010541475829086266,0.04137759131481289,-0.013072172107058577,0.003435043670833693,-0.0011863726767842309,0.005153929054358741,-0.005270530156849418,0.04166867496496707,0.004927257001327234,0.15745650999451755,-0.017021203860622336,0.007552752973424504,0.023115122918170528,-0.002429786970424175,-0.012158631611555393,0.00012235137000971008,-0.0006096131087360845,-0.010161867357965093,0.06963546372298879,-0.0039855378736319835,0.004487106027227128,-0.022410146881156834,0.03048031396792794,0.0002921762986716203,0.01285960170753242,0.008803810264907952,-0.023449318990515167,0.0008260412623712909,-0.23925811747722037,0.01297918134162046,-0.0010190432894887635,-0.003032695614365366,0.0028917411455040565,-0.010039046643214533,0.01015797574291355,-0.013318440251168795,0.010867326534025779,-0.24349909856755403,-0.3427482713568679,0.004673129617003724,0.0002861939756257925,0.004004790484941623,-0.031165656809662323,0.01010415612631732,0.024564894016293692,-0.015028543082735268,0.012737256176478695,-0.4004075384218595,-0.5123071244961466,-0.007259082296513952,0.00781752293005411,-0.02942137377067411,-0.033664329173916485,0.00676390449552855,0.007868412700929639,0.025130105206699227,0.01149601853103377,0.2650147033391477,0.007585311017464846,0.003058074738078176,-0.0021957012550046784,-0.0018262676962876867,-0.02143533496200689,0.02475754126226093,-0.006217270409251796,-0.004379024176500934,-0.10919064898916986,-0.013023613500990905,0.025609168171286,0.007960661427205196,0.00024380676131841028,0.002774319442551132,0.0040489485199941555,0.003908187783054018,0.008973138619239762,0.016191486105526565,0.0014406973357381503,0.01719885501643148,-0.004247527651386918,-0.005011380209452909,0.006833821438704035,0.0014621952300331031,-0.0060242312065383885,0.013130748522598878,0.00020654086893046042,0.06141824090991577,-0.004900131379145023,-0.028092088221455924,-0.014853525543003343,-0.017336625643110892,-0.023113154249585932,-0.02669985668580921,-0.004205209963402012,0.0049020794103853405,-0.008583235989135574,0.21559351333416998,-0.005472048253977846,-0.009663392158472561,-0.243317852783548,0.0028708433637802955,-0.012796978509868495,0.001486047127400525,-0.01887249016090209,0.02426530638967961,0.02546675843768753,0.023185612759107244,-0.016410825661296258,0.010627198820657213,0.010603257889670203,0.06817008293910476,0.019826177915547305,-0.010116797624505125,-0.015523713514994597,0.010202463289260777,-0.006529785400971377,0.01306184427721746,0.000967581585427979,0.008006187967112055,-0.01526636185371899,0.002715063181312871,-0.011638009015996431,0.019524395798498517,0.005109834817631054,0.005102764023831696,-0.013001423318200978,0.02033733310054231,-0.008870755417319742,-0.0020132401764385577,-0.004596264192514354,-0.013716766308789374,0.016925787043874152,0.027109868058687425,-0.009313990204645961,0.010235359992066151,-0.017440061303204857,0.004461585675016977,-0.001243925188191497,-0.0030656245710360963,-0.006203541102877352,-0.018515991347726413,-0.008402164679864654,0.30481800262714387,-0.0023600410320341325,0.005226049660677745,-0.00893765187174722,-0.04182957432931289,-0.03294234984059585,-0.006086923229304375,0.013863082602256327,0.01782985669080972,0.0006925435664015822,0.004757719491863099,-0.014177773089613765,-0.006267659822697169,-0.013565395870045904,0.021321122909284895,-0.026080851141159656,0.009261624669306912,0.013664831094502006,0.01826511083618243,0.0053461928637261735,0.0011545201232365798,0.011285059153124166,-0.01338173366434603,0.02404719680191647,0.004245963027869948,-0.01325997317690053,0.020261967823898885,-0.004621166561264545,0.005030692966101924,-0.0013927046056778636,0.009331948244835075,0.00821449493162163,0.02177143765220535,0.0023443522786692483,0.013659683880177909,-5.863847697895608e-5,-8.771769555382392e-6,-0.08146367021072365,-0.1671216048525821,-0.00011915746540935857,-0.00011789279404439412,4.053386887670207e-5,0.02139003535194206,3.1049629967139225e-7,2.987553039679458e-8,0.010917304698523367,5.698649941265899e-6,-5.507446858288301e-7,-0.03286426921840757,0.0006384417478102478,1.9735678809945645e-8,-4.759592775460675e-8,6.260828795134898e-5,-0.0004083017543621281,1.2352636930001992e-7,2.0147885734900228e-5,-5.425253221780224e-6,-5.716545550815688e-8,0.00025723882201589277,-0.0002921493919529894,0.019941082077821193,3.852271304083388e-5,0.011593989498123847,8.773567100692908e-10,0.00033085824065892666,0.0008384291515994846,0.02843701069105009,0.02260150499023439,-0.0001643856280324485,0.0004976896476023285,-0.0021399101576093926,3.187957186429058e-8,-0.008299794491904322,-9.075272588109085e-9,-8.78815397653554e-6,2.5546298355882957e-7,4.7992901411220146e-5,0.0018395534180513096,0.0009607860965843429,2.0221857332082885e-10,-2.864519524692355e-6,-5.28626668021559e-5,0.0004043019009429827,-5.2159989331196366e-9,-4.0140661639043174e-7,0.0029055058213316443,0.005523251046952282,8.643736545010938e-5,-7.638220722583355e-8,8.318815560015569e-9,-0.004540163673482311,-2.4514026403466005e-5,-5.3342675804257667e-8,0.02449186975172779,6.897954000883999e-6,-1.1673548797747069e-8,-4.115591269382435e-5,0.01047657035633165,-2.899292572342005e-7,8.470747046018801e-7,-0.0043597274703870426,-1.9345344526300323e-7,-2.067025758023533e-5,-8.485615556573511e-10,0.001081900773868938,-0.00015007651782639186,-0.0003661610811036553,2.331359024720925e-6,5.978240864151774e-9,-3.928979653844422e-7,9.172167503290751e-8,2.586643309765435e-6,-2.7581355376699035e-9,-0.0005284376438461358,-0.08451490130028105,-2.1595409325669834e-5,0.2183537752716802,0.0252224530413514,-4.3738944455640194e-5,-1.0036300585269942e-5,-7.178413121344818e-5,1.4823193112079025e-5,9.300449552718248e-7,1.266193716875641e-6,-9.105022683808528e-6,0.000637440091196595,5.832366581159931e-5,0.00011844645752034921,0.004143265644415806,-4.345131421334969e-7,2.2381742283972272e-6,1.6636406899195322e-5,0.009670761066900013,-3.3511491880133804e-5,-7.861731906536745e-9,-6.919740769717464e-6,0.0006605452542771673,0.0014763146073164535,-1.5728701119321897e-8,0.0029481891863269993,-7.056020345785896e-8,2.290227288703761e-6,-2.395590982917639e-6,9.423637825634046e-8,-0.0005846123953006099,0.0002088022788555577,-0.011810141197202029,-4.0305425295927844e-7,-1.3306490120434944e-5,1.0209233228773706e-9,-3.9108330796011614e-8,0.006315510529020685,0.0007972977131203152,-0.01718866257215268,0.008966055384007632,-1.6906664122070397e-8,-2.9458223022027497e-7,4.566891010693297e-6,0.0015220120588992359,-2.2045127710867973e-5,-0.00020133985509573904,1.6894316867688275e-7,-2.2074053742215938e-5,-8.265036066570225e-10,0.005160449138656986,-1.724956272264322e-8,0.006190518053671212,-1.7381525869719638e-6,1.0323969706904634e-7,-3.3798424061651927e-9,0.00024854074589875097,1.996580301089068e-8,0.005978272715765343,5.8751666053069584e-5,-0.08353449501009891,-1.8594672127145856e-8,-1.5137458473368781e-5,0.0004175216532473769,-0.0005886636587888461,-0.0002680030199257999,-2.3747058868650583e-5,5.117936051490801e-5,-0.001142448641644478,0.002456070569792246,-0.019364983436389593,0.00156711873154336,0.0007168133880384175,0.0046041100936236035,3.7986543646173487e-6,4.606516557092988e-11,4.4829874946472614e-5,-0.07100339221506147,0.006930644532076258,-0.04284871246636612,5.008334799661007e-7,-9.952661761403192e-8,-0.11268420072156005,0.00013604704577829807,-6.984742567084368e-5,-8.228699156731523e-6,0.002822702131140886,0.00013919526139716254,-4.4533811807689894e-7,1.414077357875243e-6,0.050264679211977636,-6.267163412942978e-5,-0.008007415588508593,-0.009330541928648017,-4.5103475500241075e-5,3.2835807220465973e-7,2.448891503803452e-6,0.0003394793040456534,-1.800998315933111e-8,-1.6978664632225082e-8,-1.5397854380427844e-9,-4.719362569005625e-5,-3.383653690569588e-9,-3.929482275566443e-6,-0.06475478340144036,-8.153960501999791e-5,-2.012730863309997e-6,0.00034672157615034394,0.0026469229405847727,3.533350845241756e-7,0.00011920842279167232,4.890308359239981e-5,-0.0008327077995318177,5.1368749240388034e-8,-6.9296396329465715e-9,4.0014503074559116e-5,0.050389034170621017,-5.218496285054261e-10,-1.4757723183489446e-6,-1.9072991249036164e-5,-0.0005968151013853173,7.939690475211592e-5,-7.701934038456537e-9,0.03091334633063525,-8.098537083167656e-7,-5.868089125726783e-9,-0.00013316780048455712,-0.00017490934320107954,0.15140236152365105,-3.844869173263987e-6,0.005372193594439523,-0.00014109538984286019,-1.8262154046766454e-5,-0.39669268974103034,6.475432669716952e-5,-0.00015831036843394486,0.07694007101235911,-2.151348993117974e-7,-1.3581779221283341e-5,9.358098899958645e-9,0.0032465735255300388,0.00042978785751301984,-5.831197160688362e-5,1.5985665697826335e-5,1.5337109928736936e-6,2.001976000254313e-7,5.913551394204353e-6,-3.793153728615106e-7,1.0442674402977303e-7,0.00014605809045065143,3.009175072316017e-8,0.0004666288156158771,0.0004223757030814568,-2.686150407438248e-6,0.008980518187854614,5.249739189368274e-10,-3.786553376960988e-7,8.599709381940102e-6,1.607190941665948e-6,-8.553797881116765e-8,-0.001982682253128587,0.0010439588791086862,-1.7674374304665896e-6,0.00023123582275275112,-4.188858036258125e-5,-0.0008542181565189821,-2.7549567151868848e-8,0.0009013437656903989,-1.3538506465210487e-7,-1.6625998838087908e-8,3.914985341468835e-8,0.020985506766010076,-6.971119930199166e-7,-8.464887835790691e-6,-0.0005958431320323143,5.214856530955103e-5,2.254342813534649e-6,3.616252676474918e-8,1.2698474439964968e-5,-5.764510704886483e-8,0.013366197468712926,-4.790965936152247e-5,0.003476345432773087,7.773528629684279e-5,-9.413106072386768e-7,-0.0007969491375661164,-0.025270613070460968,0.011172496017479716,0.17603363242233172,0.0007989394377005965,-0.00025466148372288444,1.750535491851224e-5,-0.007058701152345748,-0.00010704099565828074,6.723231306751676e-9,1.4803207863955947e-6,3.625790606642809e-8,9.416492019909128e-6,-0.0001857749279423615,0.21311582908811033,-0.00041097208132612195,-2.004109726172487e-6,-4.113339652396519e-9,-0.0017413194568689505,-6.337026063618634e-9,-2.7613229439983622e-8,-0.07457092647746322,-2.9106476341547033e-9,-0.001914306492835749,0.006046538897862774,0.008002209128790128,0.00024621339589714353,4.5102702998178756e-5,0.007822128361112846,1.4421612323789468e-7,-1.2309354557784452e-9,-7.003378911952379e-10,6.412225944663064e-9,-0.1308733595360536,-8.923708183772305e-5,-8.088371060699373e-7,0.00014146792560154609,4.457434260238258e-9,1.1517717823039675e-5,0.014167524583172053,0.0013176150350773241,-2.448539789257076e-7,-0.002742066393125242,1.5674870252890827e-6,1.8873000169172816e-5,-5.285218829698124e-6,2.44969726437283e-6,0.000650364606030962,2.5182821794089705e-5,-1.8225472269151055e-6,0.01901967550656991,3.7796162376951825e-6,0.0015732455512988963,-0.057252125545346644,0.0002695793771181343,0.021383256283343144,-0.00010951997597885565,0.0002608671756334502,-6.41616880869833e-5,1.8738430687115226e-6,3.0547129166447196e-9,-0.004484298576599599,-2.18253840422733e-5,-1.6608609882950987e-5,2.151137019901217e-8,-1.4612335164088108e-6,-2.947655131048041e-10,-3.80997554838558e-5,-1.1998044609218272e-7,-5.819109655941235e-9,-6.553473914094887e-7,-4.935863097577098e-6,0.00527132893603266,0.025600678502996743,-2.414712032816624e-5,-3.92378339019589e-6,-0.00011429055314238212,-7.107548920437523e-5,4.052900408879623e-5,7.507439470089139e-8,-1.768870397378386e-9,-2.348076876737548e-5,-1.068000675852332e-5,0.016937605054408778,-0.00023188054368716848,-0.009864634642326564,-1.1691496663246426e-5,-1.2170681790721685e-8,0.0015351378157220097,1.8688805276667608e-6,-1.4848127086880547e-7,0.0003618128986602187,-7.493921216905619e-8,-4.595287609987508e-6,1.2978295378489324e-9,-0.00019952032797476704,0.003481662077092551,2.6942736450763505e-5,-3.978059941900369e-6,0.0006090113384971119,-3.012706136340526e-6,1.2862537698277166e-6,-1.5691643803883437e-5,-1.3456221508167943e-6,0.013513343903468922,-7.716900779053404e-6,-8.108493031500075e-5,3.298095189174788e-5,-0.020521907653801463,4.687160362770726e-5,0.0005769922587877119,-6.224063118764889e-5,-0.05481249022341217,3.447084174013071e-5,-2.360401120782285e-5,-4.658482868347136e-7,-0.004481487186922095,5.91706533992209e-6,0.0007980490431407361,4.4096382826097624e-5,0.0001066173927881664,-1.1264863218229948e-5,0.007210561728243192,-1.1408197938406195e-8,-4.238909295395388e-5,0.005430543334114191,-1.0484197819800312e-9,2.1536114254774863e-10,6.104087833802563e-8,0.000951898653823946,-9.080322584509304e-6,0.0011796069107958829,1.8202342919049208e-7,6.147816973278708e-7,2.011317327188511e-6,0.005879789476693986,-2.6597567359676333e-7,-1.3604639483855152e-5,0.0004240861802031759,-2.155351102629821e-8,0.012844513978961913,0.00018181212841739125,-0.0001392635614649862,-4.622542908346017e-10,3.7881918097948386e-6,-7.99503650904948e-7,-0.08597210569496383,4.896649559785193e-9,0.007280464104184148,0.0009881835853775556,-1.1340341529164633e-6,-2.2587017826758427e-5,-3.788310459600097e-10,-8.768864152158828e-8,0.0006244477164472073,-0.00012059407426434632,-7.518249113047659e-6,-0.0024856592084461226,1.1566817391894801e-5,-0.08740667731035501,2.70809649149939e-8,0.010061835594569857,0.013461613978506648,-0.0021117868786859617,5.794739486586487e-7,0.006244008157295866,-0.001670894665267042,-5.962554130989339e-8,1.0853193337378997e-6,-1.5072575698660273e-7,0.0002454730551448847,8.983650520710817e-7,0.0032181587187380956,-2.8895464149192307e-7,-2.4495449799655233e-6,-3.6373492606767144e-8,-7.8320682661559e-7,-1.1569170571545939e-7,0.010995813028330303,-3.5040482792680905e-5,3.1601152540305932e-6,0.00011391069745059212,0.0004436465991375371,-4.074228023398518e-6,-1.9655114631136547e-9,-1.5405360674902724e-6,0.003286034676420968,-2.2121747016878857e-5,-1.2096335294531357e-8,-0.02074244010145776,0.012806666842152481,-1.4532895397101342e-6,-1.5664904017172188e-8,0.00011935635886572982,0.021228296138815494,0.0016479587342246305,0.0014744123927812325,-6.628570026548375e-8,4.652718601505512e-7,4.099737224372291e-6,8.057462506627644e-5,1.8440350837423125e-6,5.766878875945736e-5,0.009528748873890436,-0.142328775687929,0.021630978926623357,0.011952331011457318,0.0001003343693497527,5.087564795142052e-8,0.008579520421335474,-2.889303878095273e-8,-4.463006154686866e-5,1.3772745948159582e-6,-3.6663107544354645e-7,-1.525204840419417e-8,-0.0020865077337930416,8.920836602754889e-7,5.9486039188233475e-8,0.012658287062549789,3.50352279077093e-7,1.0536503980418388e-7,0.0002493982443496634,0.00043109848603251066,3.2168980239333234e-7,0.0043655218116782635,-0.0001528136510664524,7.829980351592436e-8,7.082284657400351e-6,7.080652080126981e-5,3.580978802375512e-7,-0.022482379608845804,-0.011778518480923594,0.00018989092526311424,-3.2947881285771974e-7,-5.234159665135074e-7,8.681756023420917e-6,5.397233957538106e-7,-0.03159080348814314,0.001848502575569455,-2.3287148096073906e-5,-0.00873769392092072,-0.0890431898587849,-4.1922868985189155e-6,3.842990002611568e-9,-4.607522669786146e-7,-4.7302671342397407e-8,1.4406261227353778e-9,0.01110999736100382,-2.331818855783041e-7,0.012597130354151886,-0.019651937940238895,-5.188218909907283e-7,0.003580531081297522,-0.000649433186481474,2.8124674509300007e-6,-2.2942186345131788e-12,9.10451016383762e-8,1.5310487471165146e-6,-4.3659178498162143e-7,0.12076481266558403,-6.718667899807684e-9,3.50151950212485e-8,-1.7689945837062737e-6,-0.0008800848752912316,-6.7136485763091835e-9,3.4081633994514915e-5,8.982210414565373e-5,8.64116974952367e-6,-7.679349411926495e-7,0.001969123476101231,-0.00013096976343263123,0.001143676124229387,1.0233174206675244e-5,7.490984729585648e-5,4.052895047124139e-5,-1.304823453729398e-7,0.0002797320412639692,0.0009961972534711094,-5.5110097678910674e-9,-1.652812747776622e-9,0.00041585434421165246,1.4790281450960396e-8,-6.825435647339617e-6,-0.002011291189887743,0.0483929230395006,0.0872097106075671,1.3667802510608507e-7,0.01939884200328379,6.756174113942137e-6,0.009681826710220776,-1.6517988992603705e-5,5.496477090138896e-8,-3.70970049274888e-5,-3.339740232810584e-6,-1.58198517064001e-8,-2.411473852201307e-9,0.00013625539730810488,-3.9348492138213675e-8,-3.1681105838288204e-5,-9.68281680530092e-8,0.00042663108359164426,-8.476566718505774e-10,-4.956734752070702e-5,0.002253505886642415,0.0042851669677475,-2.3608136862085516e-7,0.00034988765993659854,-0.008323521509851162,-2.249782209329254e-5,-1.71513565128123e-6,-9.183565356352119e-5,5.717783406744559e-7,0.0017090390568910152,0.0008202930477807513,0.02164952538714715,0.0020200969591144258,0.0021623986087888625,8.686056656159735e-7,3.462207874171952e-6,-2.0145590276854364e-5,0.0006828894202044467,-0.00897680602975015,-2.0951779018327232e-8,-0.00015524276606271314,0.0024189423670577526,1.0497803245357318e-5,3.688461090778361e-6,-5.6844454667803745e-6,0.00030255471791207356,0.01536979206957767,4.8513934970628725e-5,-4.921776229627195e-9,0.0009092124055314343,-1.780523916326826e-8,-1.881175911222499e-5,0.001907768782984931,-3.885019585897487e-8,-0.00022901715504985987,0.028679471721261507,7.266282863183093e-7,1.8261734713309608e-6,-1.0128687807919867e-6,2.5278580222387603e-6,0.0006525689476433172,4.082498661672762e-5,0.002398545312303213,-2.1904590995908135e-7,0.05094297269533854,-1.26403051185775e-8,-0.06559712596208556,-0.0019118781031579601,8.931681566082261e-5,0.03728923354174185,0.11522783361579059,-1.4096710956756908e-5,0.06580212534754537,0.0023714898485422964,0.001238215276345045,4.582442070166434e-7,-0.0006249035495216049,-5.1246885430344946e-5,-0.06289625674151011,0.0041951174563905624,1.659621054850291e-5,0.0005836211144583103,-3.547652884172692e-5,0.00024282836133693309,-7.252353461950634e-5,-4.12231493207571e-6,0.0007732042057000399,0.0003490623835205042,1.0268228230192467e-7,5.090410038377513e-6,8.724615383925993e-5,0.00044168468838279296,2.6616515873267854e-7,7.275286022512262e-6,-0.00026104604776833185,6.198079448793692e-6,-9.307828495508375e-6,1.5108996836987743e-7,9.428752167917054e-7,3.3110132113822743e-6,-9.778062371942897e-9,-2.3392916828884197e-8,1.155169707306447e-6,5.450204347834386e-7,4.136853836919641e-9,9.002751464315395e-5,0.012505786668043584,0.0012255276472501464,1.221116519345422e-6,-4.990629421872117e-9,0.0009208579933783767,-6.807598057489983e-8,0.0009748916240610583,-4.1970305256384954e-9,-0.03266175286171347,-2.644100810661465e-7,-0.0025803542957874015,-3.4335467177015744e-5,-3.784927855438047e-7,-0.024736173796554795,1.5909016459758618e-6,-8.713899481427312e-7,-2.6306878146697965e-7,4.668090307902162e-5,0.002119824676697135,7.065421640528591e-7,-1.36100660119709e-6,9.994303400151505e-8,0.0013148754417215969,-3.6236696726588136e-8,-2.2425674799375628e-6,0.0002424887088068317,1.9698900434461653e-8,-8.42439821444052e-8,0.0023628986500625615,7.814526853389125e-8,-1.1119053529906608e-5,0.00020744746674239423,-4.472321339576979e-5,1.0864367148977205e-9,3.574239944570401e-7,0.00019594717058168953,-1.192622454677765e-9,-6.517789512727745e-5,-0.07849742475809762,-1.8077554472029078e-5,-0.005735871963224781,-0.00011374525877982933,-0.0001584194231760705,-4.2508277897645996e-7,0.0012445524991733237,-3.7750709298567386e-6,-0.0011225629705222673,-1.6256010249016128e-7,-1.5031963281231242e-5,-2.2444888560582688e-9,-1.1694011606278032e-7,-0.0021310803451797256,0.00015109862857798362,0.46697527516516857,0.0022100731121668105,0.003613493227021536,-0.004435647550053545,6.263850350762823e-5,-0.002236233976527835,-3.6056907282144834e-7,-0.00046012924701699376,-0.012275694441996166,1.227591102354042e-6,-0.0696106738432718,-3.196237170710603e-6,0.03660502261664078,0.0007662004445592174,-2.12832036577959e-8,-5.727250838472031e-6,-0.00013923421800399183,0.00011024874397236317,0.0018008004842613445,0.07079514643919538,-4.873867514021413e-6,-6.03348496025502e-7,7.908899705283412e-8,-1.4001696818036896e-10,-0.0007109280483774683,2.2236040875256435e-6,0.00015740830269805883,-1.8890187181153095e-6,0.06946279395197053,4.34192766698982e-7,-5.378320773116729e-9,-0.00026436470448487626,0.0013187780402859062,-0.0005928020010799173,-0.0001338104721746447,-0.013880605736630969,-0.04090614835877204,3.7185589292221266e-6,-8.787377416691333e-8,-0.010531786262845344,7.490878870322626e-9,0.0002596819563223107,-3.211911644029897e-5,0.0029749625596195983,2.1316328296938636e-7,-3.9602341566497e-7,-8.690673539035743e-6,-8.256520488136854e-8,-0.00016865662396980952,-0.00021608700688702243,-0.006037034050905277,1.6243210185784562e-6,0.16814829224313144,-1.6713568525049752e-9,-2.364868489923566e-8,0.0004442611593304946,-0.014313082142848543,-1.2678242991472771e-8,-1.1303565980794184e-8,-3.3298241136625606e-6,-1.0526668329548239e-8,-1.717142614765521e-7,1.83849944512815e-6,0.011517882658182543,-5.404160020594517e-7,-0.0204834809719614,-5.115850178816217e-6,-1.1135222639790943e-7,1.1850077252795188e-6,-3.986407664342481e-8,-3.793274937907709e-8,-1.177739473656736e-5,-5.405355029131087e-7,-1.6552299041183716e-5,1.0917155200684814e-9,-0.00034576036517819375,0.09081406759651145,0.0032688115343262325,-0.039773321142092755,6.652500992264387e-8,-6.4956672378713165e-6,-2.9297175334619396e-6,0.004272324803423544,1.4048183299975037e-7,6.228101900518368e-5,-0.0008246765382864396,8.288240467210772e-10,-7.400781822752833e-5,3.287387759787208e-7,-0.05073007341297853,0.017139904797659256,1.4451198701692647e-5,-0.00012010553935226653,0.0008217441722706553,0.062432432732748566,2.0021716837348436e-5,-0.005207184047321789,-0.0001068844356169052,3.949299757977087e-5,3.845970534266385e-7,0.0019510612598878652,0.060645385485258885,-1.8191405830921686e-8,-0.00011503739440144045,1.1506988313314537e-5,-2.9425123844184498e-6,-2.523461573034069e-7,-4.356279976747146e-6,-0.0038607671931458754,4.5343611528025907e-7,0.0073949717479990795,0.003462630165813607,-0.03870896459193318,-0.003773844196416576,0.00033906320430787673,-0.017563484835591225,-5.672441443493881e-5,1.8587754424537195e-7,4.4888779145157987e-8,4.401604334347553e-7,-3.256827093341824e-8,0.0003852086465485627,3.890895602154387e-5,-0.00012851441204020375,0.002728907539676584,-9.447416510766082e-7,0.0016656779931167875,-1.1354819840492247e-6,0.009243831955700443,0.003471948336255082,-0.002933957700861356,1.1359193037296933e-6,7.080891901267705e-6,0.04085221952846041,1.8824048835242024e-6,-1.2708819374478153e-9,0.0008986427216655102,0.0011604449282742735,0.001408946189719984,7.485746351676426e-7,-5.566428909302423e-8,0.0010975024586343807,0.12601457483833656,-7.392458867272467e-9,3.972066130869534e-9,-0.0016466035122562062,0.0007473244958493552,5.801792299919839e-7,-1.4247066890127336e-7,-0.18811848318000557,-2.1359730923431464e-6,-5.523933214318655e-8,-0.0002785875214215139,-1.216586960062216e-7,0.00016362337962760876,-0.12022527348744916,0.004589224089158961,0.00045473744236801394,-1.4564074678202754e-7,-3.645253429951367e-5,1.56054975018749e-8,-7.390756501024498e-6,0.00029078480227440195,-0.05226666200906038,-3.7237478189844353e-7,2.112124576209018e-7,3.588121538083966e-8,0.0007988393554114737,2.0890012976393368e-7,-1.7462593224770728e-6,0.014601047932956135,1.6267532050306954e-6,2.8514080254282703e-5,6.715662444548021e-10,-3.0795035461217424e-5,-1.0336059819149312e-7,1.222278630663709e-5,2.355476814930313e-6,-1.9579836300909204e-8,-0.01760125798318768,-0.10687396525099757,1.8781973551540432e-5,-2.4658182232184522e-9,0.00982529263046672,-3.9910435623013996e-7,0.0028960441686649574,-0.002225596362052329,-0.00024559935350865203,-0.017259798226859857,0.014659404364465445,-0.13876009177329252,-5.962282332346719e-10,0.0003288183130010225,0.1058711801742902,3.3313444251434343e-9,0.01118651593606046,0.00011549180614878196,-0.01260686150408219,2.6639674875761354e-8,2.7258242503436225e-8,8.359593783868746e-7,-1.3927282836334598e-5,0.0007932743308742829,-3.400591261026875e-6,4.0554454582064636e-5,-5.6448074040559015e-9,6.041166525361241e-10,-1.1927461372462922e-6,0.03445867584377993,-9.01741147116969e-8,0.025178376717121864,0.2684208244209003,-1.0324277020856698e-5,0.007571748408736312,-1.9821090377347694e-7,0.00011382093300937868,-0.002616334220419958,3.8558064058946684e-5,-1.1522730238411327e-5,-9.610828532319315e-9,6.147072287632227e-6,0.0006676480013538821,-9.948107571045028e-8,-1.392368973174296e-7,-1.612759062408209e-8,-3.8737571287583705e-5,-5.208905463627289e-7,-0.0022695625086726068,0.0006259923785592036,0.006920863406321587,0.008709446543434751,-0.012445540092812735,0.00013622558461179324,-1.1251389537392242e-5,0.001736792090241579,-0.0002476545747072123,-0.004223496889608214,-4.719915820672327e-5,0.000757319690748659,0.0006016341041217288,0.00013530747203560622,-0.0008075373780229711,4.443000422571508e-7,-3.660702579022512e-5,2.3448277057802613e-6,3.1617297757691176e-6,-0.0024101754029288713,-0.0014405465751679003,-0.01406359836687443,0.00043232691257344413,-0.012044574606989045,-0.0002648916138561219,0.014082065825277823,0.0034156643166625145,0.004501434837948182,1.6750749436411638e-6,-1.574824927885743e-5,0.0013700856830496377,1.936400231272728e-6,-1.0059952532115446e-7,-9.742578464511098e-5,0.00014899518077982066,0.04826583407702856,-3.9572672687337995e-8,-1.283688426223506e-6,-9.406974007261995e-10,4.299391291595622e-8,-2.46124905178835e-10,-0.00012444435461844705,0.007689940135264806,0.0018851051820547582,-3.123777921444984e-9,-0.18887509775231592,0.009981515453546308,0.002289825355546782,0.00022684526663852012,-0.009069665189031184,-0.00017246685292349184,7.5605657787747305e-6,-1.7014717354664477e-8,-0.00012138139605610831,-4.978797179955308e-5,-3.348303686569187e-8,3.6806512503595457e-5,9.290312129837941e-8,-4.305130540771529e-5,-0.0004826546104403917,0.013877927026328507,-0.05281643328271457,-2.1044062126218677e-6,-0.014798951990087517,5.017990039046794e-7,-0.059695530347198655,-1.119800933230275e-8,0.01643401358705887,0.025122421424612185,-0.013075552276632152,0.0001261317442526888,-7.210570929921944e-8,-0.015182307171926368,0.022881335010424664,0.018599721683585813,2.571376306104156e-6,3.2443300701512356e-7,-7.472508127027988e-9,-8.403685120006443e-8,-8.89833243133964e-6,-1.8362087530476856e-6,0.005027710020385712,-0.00042453568076439296,-2.5272626885453064e-5,1.3509685579116137e-5,-5.027473386871265e-10,-2.1471454128563217e-10,-1.1626987270751954e-6,4.858967813173298e-9,1.1699554296473735e-6,-0.19477525083493674,0.030384983647309127,-0.01622357173710043,-0.00015176263295302306,-3.550664874119036e-6,1.7720024985123928e-6,0.012673546792939305,0.001679986339468087,-2.7733057073042744e-8,1.4625154354241943e-6,-2.5432462342697693e-9,-0.00010455576886059248,-0.07566526206210256,0.013077588697342435,0.4508299305016408,-4.6134190444246936e-7,5.085607601068576e-6,3.940607558661213e-5,1.3880684556627498e-8,0.005579839246820484,3.0958251824309002e-6,-0.05766156116533239,2.302699466435326e-9,0.0001005489919663205,0.001328190764752435,0.020390132975990127,0.003373400788859726,0.00261044532521737,0.001119779111547814,-4.1426213383266575e-8,0.05449695091374451,6.714831593535031e-9,-3.3977898741127666e-9,0.0001283372001665839,-2.3964542350540796e-8,-5.18991306319716e-8,0.0008123311320105131,-4.724199187933209e-5,-5.1292168179450925e-8,1.351165045715419e-5,-0.0022713685539201833,0.021283091851728386,2.869682929063089e-7,0.003968443414692047,-3.229803709103862e-5,0.00020565880745948562,8.962152819691482e-5,-0.0005037596548334022,1.0177966847102482e-7,0.0045405091326529146,0.021073124089070916,0.006991326896240935,1.688692849333151e-6,-0.05029461021331372,-3.957339131943627e-6,0.00013940074038032435,-0.028616222181881312,7.774956539918776e-6,0.004083966771645464,-4.91118584133865e-8,1.813464212574445e-5,-0.09970686571932674,-4.7729896164305785e-6,-6.473214041058384e-5,0.00022658915299800242,0.006313895576113282,8.394114815457598e-7,0.0015079387840160052,-4.053789421831766e-5,0.0014162267823394359,9.334802962557287e-8,-0.00020022303757372129,-1.692797714891725e-6,-8.280508430713596e-6,-1.2257918521996203e-5,0.0021446149639814394,0.020798737736186013,-2.706764299253983e-6,-1.5120212784949794e-8,0.0002315754376036594,-9.687918236522819e-7,-0.018353650169046887,0.0024281567868911225,-0.0011688812251477998,4.903090306651592e-6,-3.110212849044558e-6,4.080858379551522e-7,-9.522559294507281e-10,0.007213208746179589,-2.525525431806841e-5,-1.1944154011622743e-5,-3.568091583045635e-8,-0.01969015495342319,0.04541489405892207,-4.114746105648992e-8,-0.0012732663084591422,-0.00023934057458063762,-7.025250281685047e-11,-1.4169761858306984e-7,3.200344770082353e-6,2.3439758615850792e-5,-1.8086122002825e-8,6.262255237032832e-6,-3.19818210803291e-6,-1.1962350073002614e-7,2.861561925193712e-7,-0.0002655779434235228,-0.0001646119663618606,1.3337531568069494e-6,-0.00018825320150028801,8.118780479193788e-5,0.0009243438857993169,0.00014237509182635222,-7.327992018080209e-6,-0.20319832226050494,0.0019493878480716376,-9.009785863732522e-8,-7.822541696889118e-5,-4.040025706683603e-8,-6.242924821819873e-7,-0.005234526115145854,1.4709842762181125e-5,0.034044587262542336,-4.8175679765449786e-5,-4.580493526873397e-5,-0.10694628848068533,-0.022175362544658128,0.001221752707806445,-2.769275052095805e-7,-5.14766058681837e-7,2.941435770786871e-7,0.052773770672501996,0.008960124651082424,-3.5972742946449804e-9,0.0012368841614716075,0.0023675375787206576,-6.702514929179948e-8,-4.766454329320491e-9,-0.0062430428552033845,-4.329225204453141e-9,-3.097097356352663e-8,-6.0630702591879526e-5,-0.001650720739917233,-3.19235107862359e-8,0.003400982392122387,0.0001159272690074431,-1.76454383300495e-5,2.4315677717851036e-7,0.010016914902735152,1.3155061923120215e-7,-0.16347979902639054,0.01968894444507896,0.0001436582042870782,0.003486972154405521,-4.356393626281374e-6,0.0027103766239520155,8.523129333380675e-10,-8.7764407241675e-8,0.040767961716483114,-1.2291443919967837e-8,0.0002291051279144085,-7.0042753199002494e-9,1.8887285477831028e-6,-0.0042760095070093485,3.6663650745810683e-6,1.1651380190519367e-8,-0.028282160230446607,-7.178833477325397e-9,0.01550680398258919,0.27066453620500397,-3.2120983481376264e-7,-0.0008829381240502698,0.0002950521636648773,-1.1371070622878676e-5,-2.1383006578723496e-6,-1.4923656774357141e-5,-3.2515190486748224e-6,0.001164325171274072,0.008410079131294879,0.018023508913074693,-5.7288517093745384e-5,0.05307885704678483,7.168417067759947e-5,3.6101181138725735e-5,1.3550506667847628e-6,-1.0207130016759436e-6,-2.170388338829099e-6,-0.04048691109755964,-1.347643821536515e-8,0.00028912617418086484,-1.6227862981166297e-7,0.01518739101538813,-3.656420561881646e-7,-0.029760063785943203,0.003865450888497435,0.014489477463939693,1.1592020459083585e-6,-0.029184997802076396,-2.910399769491881e-9,0.17326407984364778,0.00013456179968329707,0.0009278570890955962,0.01562369025486987,0.00024642383499440257,-9.424748771635905e-6,-1.1869874810485626e-8,3.659925051913149e-8,-0.00956716461405449,3.574753901780525e-7,-0.020629377737350296,-2.192430167968773e-9,-2.461768348893667e-7,1.301725959468314e-6,0.000793214997031555,9.215547160579263e-5,3.0166604636505667e-7,0.0001458240406435607,-1.9952748604445958e-5,-1.8546432935251378e-7,9.234408295810681e-6,-2.146226761590153e-8,0.0024076897267377717,5.014383960277868e-7,-2.6354657556737493e-5,-0.00027188278943413025,-5.977047921879031e-8,0.03840317457070341,-7.23269392294279e-8,-0.06676890426024329,0.00011029411979635029,-8.6256915415861e-8,0.0045430185746226925,-2.558703032437548e-10,0.0011898901635731818,0.020652985316701233,0.0008521208969796135,0.005393726265992882,0.032430742714495864,0.0029453375775574386,0.008722537059838942,-0.0008786259375597183,0.07709711135248654,2.143587420788684e-5,-4.049998178956571e-5,0.0011401996740119102,2.9262150179343305e-7,0.0003585211146344136,1.65273834316082e-5,-4.553216600630683e-8,-3.88121365424432e-6,-1.3273323046750218e-5,-8.711197779787128e-8,6.001249173381851e-6,-0.0481346260276041,-2.8682524648715457e-6,-4.3658925271555793e-7,0.0015986570629138441,0.03930153240435175,-0.0004290049384962913,-1.7400993880404073e-9,4.969847037161398e-10,9.003156975495585e-7,-5.8131225666446795e-8,0.00018701167049783862,-0.00031675503726091847,-0.00012287689705203775,-0.001989842310649692,8.399448949703014e-7,4.4690140846626036e-5,-5.394537983633915e-10,-8.240372071331714e-9,-3.564557245994138e-5,-0.0001630074077567656,3.045072040741559e-6,3.380650473872038e-5,-5.443348367606404e-7,-2.861209514627705e-8,1.6806960320137065e-6,0.0003959468405412281,0.009707541792977281,-7.944912321783404e-9,-1.1807517562578695e-6,0.010233349166810513,1.1103745348184368e-7,0.007799042784427002,-6.00844420883817e-8,-1.335378688338551e-5,-2.7924604011075882e-8,-0.005139218948443158,-4.9291878752910634e-5,7.451976293282314e-5,8.65272480332635e-7,-1.0254442423862642e-5,1.8732152938169544e-10,-2.1260228499908607e-7,0.01602193395501672,-6.338158761720614e-9,1.277155345924541e-7,-2.985628520946193e-5,-6.315885938690258e-7,1.2553838667272998e-5,-1.5334129752631043e-6,0.0006892679970178506,1.6814487879823758e-7,-2.3045400632248914e-6,-1.624847890724368e-5,-0.010609186551846506,0.0023403484954513942,0.0026073646456552524,-1.7630976201568616e-8,-0.0025512081351735105,1.5264935955272563e-6,-2.3705753261424323e-8,-2.673922928075889e-7,2.2183411951814946e-7,0.0008866572229635494,-0.0622883847245248,0.003520243080856744,1.6937147989892765e-5,-0.0447824482107535,0.3289496260113083,-0.015006371941126417,-0.00026417520531651917,0.0028265045057196403,0.00010438812528335006,1.8238868701558886e-5,-0.0009729249584893296,-6.374180935964091e-6,-5.366951293050981e-6,-6.191219545925719e-6,0.004200833052891539,-0.1157845493289642,0.0009104579611403096,6.924325054308289e-9,0.01486565940467699,-2.1983027487237905e-7,-1.3479883935463288e-7,1.216254042757381e-7,0.006466482773248572,0.0002724413370174261,-8.902427874740715e-10,0.0005704376426933777,-0.27348539349623024,0.006446888210547286,-6.247806470099926e-9,-0.0019054612945410554,0.00011646764778561192,4.393140527803041e-6,0.0005184625094898365,4.583757212683892e-8,1.0185030958065333e-6,-6.998287971349271e-8,-1.457871515953002e-6,0.010075244208564982,-5.288288950744402e-6,1.0999674341150012e-5,0.19568255555350333,-7.537268562174404e-6,-4.946100376201912e-5,0.008224009121477138,-3.228112277378452e-9,-7.564787792091465e-5,9.645938024022138e-10,-0.0005164178338645797,0.008292033398902277,1.4790472825154666e-5,4.1011281481928563e-7,-1.234530550286994e-7,-0.00014464987508233662,7.048158855993414e-7,-1.6010276923661415e-6,0.06875567696988583,0.0004076642545669529,4.028906535680221e-5,-6.952129360726644e-5,6.362704381701612e-7,0.007506994006689638,-6.454637983566158e-5,-0.06066677236231044,0.0011600330644796486,-0.0007783769435718568,0.1269136080518365,0.003448305064239321,6.725255763395666e-7,0.00022497647924524244,-4.08978448760422e-5,-6.445539862731664e-6,-0.049984461795247626,4.369481581201207e-5,1.7159948759726262e-5,-0.006119655633710863,3.126183547141892e-6,0.012271292642253684,-0.007331037428230047,-0.010253457585349679
-0.05678238613108988,-0.015299643195248791,-0.041217547704036406,0.059281176251715806,-0.012334640829067212,-0.4714767525192656,0.00684059470631837,0.002439969024635502,-0.018892240288550965,-0.005963259578493307,-0.0060775290039600804,0.015119530396987102,-0.00029533584529417567,-0.004827302756211793,-0.015025682881400826,0.022310466330054624,-0.0641929639641603,-0.10454465215389064,-0.006727347607920819,0.010681409332391922,-0.03767937097381946,-0.0006789805629523471,-0.31817154345662857,0.027173124586852282,0.050124214321840554,-0.022771929758732767,-0.017719983816277818,0.007728756810138293,-0.00559704122133553,-0.03909846478381951,-0.02946292413844276,-0.03722623582507367,-0.010311095148608729,-0.02217098348410218,0.004309231760203147,0.008541068325939705,-0.023886865667464008,0.005956912712868245,-0.024616327664716664,0.0005194066470721737,0.022669717156531988,-0.027450020255855634,0.009863513673053603,-0.04609257505944697,0.020618751499569044,-0.01783251526467211,-0.13246900300509878,-0.0020110368004679913,0.025611199936975027,0.08047622811136534,-0.018550911172496853,-0.002256892875266203,-0.007026112707535503,0.010358811279729707,0.04593937066510989,0.01390572154741676,0.03743590568410582,-0.031819427420487045,-0.014481605045602919,-0.1994631077941449,-0.019796920618318836,-0.009642364159390127,-0.024422214943569998,0.00022818880097474903,-0.004699832966480244,-0.01034035666998534,0.012024372450014198,-0.024473816698218798,-0.005181520158657804,-0.015859414479564293,0.015659439592582203,-0.020858256797509966,-9.788779811970016e-5,0.002764712832799887,-0.013563641003202065,-0.045009827020294324,-0.0012919194050482474,-0.14193897634686437,0.015860721709032077,-0.020633761665521888,0.001580090354764252,-0.018033203748018423,-0.04145298209186876,-0.04309112423288752,-0.036763048399734544,0.017672916565061314,0.006379975928439308,-0.00025137910017747345,-0.01095074363962567,0.006019509884481522,0.029029103664470313,-0.6824615663254008,0.018659017940080957,-0.032391664243959895,0.005984666118820314,0.07746295785773327,-0.06372722852665902,0.020369128620586707,-0.2056743073871985,-0.05476316162139483,-0.012348051011031203,0.0128764353707993,0.03809727091766035,-0.07424504585515024,0.05042301003641114,0.011767477479224908,0.049868266382873117,-0.011923704612854635,0.008889723733830124,0.008599994977885217,0.04867625232600403,0.14023782588810718,-0.029069801602304324,-0.0241161244016439,0.007107957354719474,-0.25329097938811174,-0.011670538075577497,0.016819709882383904,0.02314709044276242,-0.022887204029757413,-0.2315505206661328,-0.30703115868527675,0.0037883707163928193,-0.018187024611279412,0.0966256982737832,0.029676849122552085,-0.015730998407434527,-0.05032692916347514,-0.002732765016844496,-0.015932723515106773,-0.5006637616252192,-0.08644516239655786,0.011521789690505102,0.019843901769490913,-0.011068567918300687,0.014446237063907574,0.015591116089581192,0.009330441566817171,-0.19770115658997156,-0.002388362156580115,-0.04720689629266417,-0.012610066187335178,0.016612702811471536,0.009348303134174785,0.03267635860720475,-0.011096434154751478,-0.004114631872653263,0.013713201582504553,-0.02157148909100215,-0.012374039461064967,0.014711878459820582,0.014298114646322801,-0.012266656879546645,-0.011897326073267322,-0.016925819298876377,-0.09326355639404937,0.005787074469481013,0.005817215406665355,0.021920304247942113,-0.1394597989255999,0.020371765465824865,0.003039582643737049,0.06178079637902556,-0.03364854996743816,0.00409915306079256,0.005689757383834149,-0.11078164474838559,-0.02861598535127996,-0.0010138184826473662,0.029045614566257427,-0.008347396184944955,-0.017463550367665448,-0.007575310082756914,-0.05716919414589938,-0.30297887715505567,0.033468215467451046,0.11005222062158282,-0.023555780142487492,-0.0008880411896825535,-0.02523346452107944,-0.009886437753905852,-0.004054493560033734,0.049532961484146654,-0.019466703832222265,-0.2604671704757493,0.005382906496379292,0.003957020913844644,-0.14891021241601266,0.03905126157360428,0.006894929404552386,0.04722566069358436,-0.729055573912774,-0.016671790874170256,-0.009254523705749307,-0.2045589463405122,0.014844035937130684,-0.012724503420031397,0.012206090342260723,0.015492692435145727,-0.007567242329969304,-0.004502800247792038,-0.0472673282811229,0.0009584277686371934,0.010247427420836175,-0.09707370937212545,-0.01011445004178313,0.3174874365558935,-0.010467642567164148,0.0940149434554769,0.02110481739765646,-0.09180150555948785,0.07875268719317319,0.002636817576330941,0.0024147464052930445,0.021954493853627355,0.08453780173658743,-0.005857141861270065,-0.027124469439684162,-0.008378467347938567,0.01692241481032397,0.02465244138031153,-0.04292954503944202,0.051548112840464455,-0.015944453773045097,-0.16324980416948165,-0.002421160207632056,-0.015399944046293967,0.0011395321134841652,0.006253159639527439,0.010345681740091095,0.06475382497228566,0.004239886329514775,-0.04326470985324704,-0.023352933081241645,-0.0005723527574446052,-0.0009944008543243399,-0.006125958324332714,-0.05412309915845981,-0.06167515403171819,-0.02300943830596225,-0.37472539625468926,0.018380011728368117,-0.008033233485548408,0.12459738323195779,-0.3460492942995188,-0.02251788792636944,0.015575671930946555,0.0007430902578562382,0.014170703127092565,0.012547748409417636,0.03691039309023836,-0.022880238384914264,-0.05136509652038512,0.03756390059697878,0.01519174977147486,0.01803531146970272,-0.012114882008972927,-0.010077571889269166,-0.015470257987090008,0.10903063484033737,0.0373154088983938,0.022299235060927458,-0.022331198363644944,-0.0073691150389549875,-0.046630282024125336,0.030000591192219872,0.02144320738625538,0.004289942747163877,0.004814483665541047,0.025761188041087735,-0.020603497363481438,-0.19981629211451946,-0.00919478797800366,0.012651491020392314,-0.21891374070696656,-0.09113328134662879,0.020722472081615706,0.020891146748112988,-0.07037869055420742,-0.003225610906156362,0.01017730745843437,0.0074139807065876084,0.04577208740829519,-0.015149499233984898,-0.049477905024104984,-0.012466679002500314,-0.029029620731762407,-0.020279817410482792,0.005828255065353005,0.06825727577597718,0.0009684914803074207,0.042465155358513584,-0.012672517322471322,-0.011005597772054898,0.002199433398345718,-0.04050351473642877,0.011656183814011456,-0.04873240847064153,0.027795300258731004,0.04029009000896622,-0.030573031960557273,0.009432121431927953,-0.01033037928482372,-0.04041826120737824,0.007869005564316467,-0.0049738013835849415,0.0562374908727179,0.020010467533779774,-0.058685411439000745,-0.020309905224621616,0.04361001817005672,-0.0022725928629370173,-0.010593099001198425,0.004977065305865835,-0.00022159442232805304,0.06118437007535249,-0.015259144407536951,-0.07711191448834143,-0.040205514339618276,0.038471036431474204,0.010640982219229045,-0.006177214049785107,-0.003984159550554978,0.03017746696150425,0.017746797217114363,0.03965601953495934,0.004782270516443532,0.007942086881485011,0.00548903689650615,0.018401289755274775,-0.06656917386317218,-0.018671866267141013,-0.03137006472934445,-0.023393761456645734,0.015603370825829188,0.0006909718158567557,-0.006618602527851181,0.0008218929071404091,-0.006675098381947464,-0.04556345780702031,-0.015639442576684814,-0.010137288366422581,-0.011241636553677381,-0.02930331410357212,-0.019124287324302713,0.022361956304848718,-0.044036982752004405,-0.005390550612901279,-0.32649715848720007,-0.006084286925215565,-0.003648571369922138,0.026376387285381497,0.031031403702627358,0.0008115624168567592,-0.02654571236735137,0.048427566143629974,-0.006390345204181358,-0.0255446727060189,-0.021295960228144395,-0.014843155542052955,0.00042126722405555483,-0.017121283278356714,-0.017423354757738707,-0.021048422924650367,0.09922241470303561,-0.0431310650242267,0.06909331441420363,-0.04585755940775016,-0.37169540286595293,-0.03513567556274211,0.01028947080430953,0.013072898654172604,0.0321617774607148,-0.10654753054222965,0.006046527180842531,-0.005836075662045914,0.020134684067215858,-0.20395931441817083,-0.03760630811393639,-0.016109908054204425,0.017969262123642693,0.005870190085261129,-0.020961599628208205,-0.005416777365553571,0.006851217893654393,0.06719943024017994,0.008652152608021879,0.057129419525153935,0.0015479876838071505,0.013124727490094301,-0.03969615420555783,-0.005896007930914493,-0.056843896381906234,-0.10261234512290685,0.01959657735096698,0.005451224912121688,-0.013716592224227497,-0.016124933184073598,-0.027669575727486517,-0.009463806743951864,-0.06754966942753526,0.025397166856237163,-0.016420209720308776,0.02866785844344122,0.016294785751597374,0.044620211253459274,-0.06789400886191288,0.03431260670959091,0.0009958218233805383,-0.24188561165328792,-0.004102861477804254,-0.027642066947919375,0.03945534130616579,-0.018351408786656975,-0.0022587609073525527,0.0005308733705362556,-0.00035391649180382956,0.0028978595091757597,0.004537036911756331,0.00758236230581133,0.008697874211975432,-0.0035832399589708075,-0.006688144702025056,0.048795921774399176,0.021152376935788197,-0.026142271755816182,-0.019897823635346867,0.008206764520764409,0.02126522902290162,-0.011404205213693785,-0.005538850458606248,0.11222744603219326,-0.0282037063716416,-0.009572262755682459,-0.00661239631153876,-0.04326047261838539,0.0034222954891447444,-0.32708569582609925,0.062215382586146006,-0.03681879894065787,-0.00532631418263918,0.028601464131497778,-0.01225794280799164,-0.017439668398083086,-0.002571524582890561,0.005071554407095391,0.006062228434302597,0.015309797722693474,-0.07400991947815783,0.0010618067162795342,-0.010224913032288896,-0.0006729165052092867,0.013589725111614825,-0.00019003516445081914,0.006829214707067877,-0.007040931932351668,-0.06538668512757795,-0.12738031726803456,0.014670774984551826,-0.00739047767365264,0.01072465976812964,0.014568061014870182,-0.013350277662539156,-0.00768197264369519,-0.050118813051085453,0.001677862615565573,-0.03599556234621559,0.034661928921195795,0.02890430413208378,-0.02127511431046969,-0.0538033674476992,-0.18278632507190196,0.01392301294436038,0.012925332326631178,0.00838429796579021,0.007742814404991805,-0.050264549708117556,-0.026685065681249398,0.006351660820655525,-0.008345799324160907,0.00655915902734705,-0.13592315496396168,-0.022591364860886642,-0.0015305044062188244,0.018782762537284725,0.0012609780142156524,0.040938335836472106,-0.02508925508300308,-0.004456157651929971,-0.006322912959603855,-0.027098362735728188,0.010284966731887835,-0.012365876332296466,-0.0030052634110688814,0.017710008943140565,-0.10479630030386033,0.02115077523922082,-0.013651626133651007,-0.006012073555211828,-0.00818044679635932,-0.019650721391371917,0.05990181650759041,0.025539971013131435,0.0037503428757190704,-0.025156375517553897,0.005139124647712379,-0.006528389738377882,-0.8775669793958514,-0.041783480089634395,0.0004287559406748187,0.0031752249733472127,-0.09985513511492172,0.004899163738173229,-0.002378657854933408,0.01019664673913212,0.0918036347047746,-0.09812128826524713,0.05495900072213544,0.00645169871552298,0.022758291097488836,-0.025613557889300864,0.06675184253072075,-0.020534611873245012,-0.028384743264169288,-0.0031874628857622156,-0.034144301196647575,0.0073365415637454134,0.0030390193355742667,0.0005291618022056355,-0.06341953010996804,-0.04150741631019628,-0.0398378283753118,0.025755656835826812,0.016719840265977837,-0.009612327652575914,0.0670807296246494,-0.526219622891972,-0.004555647071356361,-0.019380113099032314,0.07539214747885126,-0.030328172820190957,-0.009017334130021482,0.03415867599505873,0.005702341776668618,-0.001254723205420305,-0.02300842510521761,-0.00541318207342556,0.008928330988055677,-0.012100332914940282,-0.00457042190419088,0.030314652684864996,0.007987036833583261,0.001750179686496267,0.01969857070253056,0.020871303169769817,-0.23809103020948896,-0.11555447622163229,-0.15889891515485033,-0.07437165960709535,-0.00990364503741148,-0.05408035612504136,0.026672532312659314,0.01597657700608579,-0.18169151989059174,-0.03560249676775129,-0.04229952263267478,0.003190917223946599,-0.013291398700403079,-0.018788451377986348,0.04592839451288455,-0.2203381643821558,0.003634812155723921,0.029644156364156515,0.0007766248309053481,0.012542403559564264,-0.09745550309162354,-0.001253915539564332,0.028338952161902853,0.017185917710776266,0.07893125635564502,-0.0034417730294080684,0.015003939027792512,0.017375390456436435,-0.013694478409888688,-0.011915008108189795,-0.01075114905142982,-0.015705633277363518,-0.009064979269169271,-0.02596645358880778,-0.012462746367646105,0.014011903475420695,0.0008531074936399818,-0.014432212617975892,0.003340153934459522,-0.09261747924392694,0.02227726304818134,-0.026777407159897848,0.0284228242962854,0.013270618160277081,-0.019638934942122432,-0.003097843136146139,0.0015012079635425835,-0.005370151397983136,0.007582488899060991,-0.0038152715546857507,0.020280562240714062,0.0031988888365503954,-0.009848237370533752,-0.00699853348214674,0.010111768588103587,0.012679153165663593,-0.01612710028894071,-0.03763464935764205,0.039871736869827146,0.06311744508548145,-0.6121027841836622,-0.007829638997918664,0.015172312678657818,-0.011186569233359478,-0.1983961952014397,-0.030886242424685406,-0.00636485914401419,-0.02297385656129336,0.026328526618272008,0.026198003399713343,7.348689177888446e-5,-0.029243529645100352,-0.20674612230050116,0.01860876705904957,-0.018535864232035237,0.0013762246071564732,-0.0315347433424904,-0.006642612322593777,-0.02677834189717032,0.06113809530188519,-0.10169556476830621,0.0025466450078965863,0.012401133426465094,-0.01247155587702764,-0.015077340064181044,-0.4036338558985051,0.00865216779129696,-0.002585907895308992,0.09574614786470192,-0.00512226800674398,-0.06272104843446868,0.0002560324583100737,-0.01520534323310585,-0.0034882797028785717,-0.018645414404090843,0.026496270564280167,0.00263832668588293,-0.03672724190255394,0.001657657702708093,0.006228886198186956,-0.12755228073365288,0.008875229852492339,-0.04297499952645012,0.023318140591982228,0.026770463442062464,-0.18179177761157916,-0.04822417304239934,-0.11233301039283106,-0.004221210559535393,-0.007991295739429916,-0.02564764919895879,0.02899987642740598,0.010770808493361983,0.008768540043092798,0.023541237083691158,-0.0026034084876300767,-0.1802411893295357,0.013941834611614468,-0.02316909815544932,-0.2898356237910775,-0.0036292702479840955,0.07265783841285156,-0.04115516957699583,0.0020219681136950385,-0.0031152543269854505,0.045927607398880355,0.04457150194230053,-0.053409991662192624,0.037132291762645764,0.02448039328152163,-0.001386808660299721,0.018188621531862736,-0.33369105322071846,0.019907359586341045,0.026157857505495485,0.030939224594021653,0.01051519172733606,0.0019319014381835586,0.03216582437744364,0.002260578199638985,-0.021520358875022794,0.039427783315659326,-0.004177611815975979,0.02393263117483002,0.012052535700263434,0.04057395007021114,0.009585415388528418,-0.38449426496754313,-0.056921256553323474,-0.007561961105238879,0.024907776816689875,-0.06475323688755452,-0.2492619558415754,-0.00861504982367478,0.001163495149398841,-0.07748263726716687,0.03790092418967106,-0.006574026102498465,-0.011436351562224445,-0.00468457051920268,-0.170921776162686,0.036251632523544686,-0.004464541206743888,0.05386186462601472,0.03137377221173665,0.03471168145642878,-0.09155128551719827,-0.041188787101646085,-0.015096980171620089,-0.005237709503489896,0.026292732678484754,0.0073626426037662895,-0.007863254700168909,0.03938058921767151,0.0007814281780156307,-0.013560338607476297,-0.13188676294225843,0.0016194421905311174,0.0025298198895598034,0.004361400296147622,-0.050090306979655,0.027128887400976964,-0.1226893084931362,0.002441277181787882,0.04561567982818815,-0.01352088469775481,-0.013143664355538931,-0.014763224437956524,-0.02936009786253635,-0.26765916314161586,0.016351788721294724,-0.059719376762473075,0.004645598342563062,-0.06274687664699741,-0.09417211286381644,0.0010406085084468941,0.001350896739950258,-0.02199041433959792,0.018182964502557297,5.3397187002701685e-5,0.027560563572478713,0.00942308961020899,0.0003938832689982519,-0.06059025295508036,0.018794788153172703,0.013731579864270316,-0.04028177131499433,-0.0542499011316977,0.0031506181086058405,0.07128671004102216,0.030460800762739382,0.0022036012455828313,-0.003972372012867709,0.04335346221881764,-0.2267017762778778,-0.0020985081064281985,-0.12791535108408425,0.06038462241849629,0.043784213829212604,0.04771168938077608,0.0055891395422804635,-0.017329572839116736,-0.008225291869848661,-0.0013196720173596077,-0.021179355112622034,-0.014461432657981277,0.013249255720438669,0.02374185868757195,-0.15142361163270834,-0.016787169108283706,0.08178448482613021,-0.008645718303796457,-0.08083967313723406,-0.002010765742852527,0.0009065016743079468,0.01377884281828301,-0.08302176502957082,0.003073197627600166,-0.03035777439345111,-0.3432791622165041,0.0012131032381148543,-0.011623489347584837,0.05537677573011024,-0.133872229653889,-0.233322278567357,0.0029518359378926107,-0.0206554143314861,0.00624989463494785,0.10093992892780079,0.024221088218837394,-0.014355294466781743,0.008887671672255237,0.017561092172854842,0.007784014466096778,-0.028334038598814004,0.030882015875249635,0.49516050226702646,0.052983695231887395,0.0166961559543779,0.005967597102653599,0.009091915981116472,0.0016814339392112743,-0.005413892351498362,-0.07141140701264703,0.0031529587377008284,-0.014631433492468204,-0.12977831506941584,-0.000729417728507542,-0.050772104137649876,-0.06801197693312133,-0.014322614133561729,-0.01770983293590689,-0.005967076117940451,0.11110469496998121,0.03548800174121425,0.014083663871133467,0.00595939029881265,-0.010797175596962916,0.05754984873419744,0.001169864037365187,0.005374390036195109,-0.02565760050492827,0.07344529716465331,0.023209956016216893,0.010722838709170901,-0.008038557965164728,0.0671300814933602,-0.0021054427020317235,-0.009559084443026222,-0.08637457732220355,-0.014493136187411437,-0.0054865766786633685,-0.20799721783350833,0.013169451628527895,0.03696557210037099,-0.044841424919582096,0.002226483499725873,0.03286169998864352,-0.001484557204094017,-0.02482861786211288,-0.04613781311036291,-0.013786188958874845,-0.006695772352031781,0.02175229890690389,-0.01809923967539362,-0.751019494754928,-0.04776388680693344,0.0006802002330914547,0.03360333565433393,-0.003431401848047244,0.1949036574587808,-0.001933468495735724,0.009550742095598252,-0.667389262258439,0.008442382644126667,-0.01828395822258244,-0.044110804441288565,-0.030750817634725536,-0.03798764300597668,-0.07343257263346459,-0.05881422289621696,0.033260194827448686,-0.024348497895971377,0.018158930935896933,0.11690666669164784,-0.019666634637360403,-0.008595293678808957,-0.006476715674125444,0.06096835514927079,6.718726581311785e-5,-0.09391382518143132,0.007475481381334248,-0.04795124483007385,-0.01051876045357858,-0.031765054652169056,-0.012854804183007218,0.00880588443033048,0.007876839500568167,-0.01811770072526997,-0.03521597178951197,0.020171507927216226,-0.18803298605598684,-0.023893916644738056,-0.014481902493685084,-0.006641344510910585,-0.013952527015135274,0.0737223340647688,-0.04551884934608097,0.031192034809919278,0.018296997448487673,-0.031664509017900855,-0.0038034206738188914,0.0005337572904977606,-0.017077779320970876,0.002550918537963298,-0.19050217373660416,-0.020660685405800905,0.1092069892163181,-0.017695273913886922,-0.0011533603283169214,0.04058276340219891,0.0033665932514850283,0.004113800014465596,0.005256862189526146,-0.03318714006763912,-0.007152771219352871,0.02429582836703048,-0.03624712654527684,-0.006665246183729323,-0.12421047947282204,-0.03310816085740953,0.020356316507104566,0.033606646982661914,-0.2817496002844564,-0.026101368315266882,-0.003350372599925322,-0.01731850771648169,-0.017240155267018054,-0.03318867759844579,-0.3859487197059934,-0.07268515727082558,0.0007336061398746097,-0.18297210757100402,0.02045427623215801,0.029023687379776675,0.007037873163426411,-0.007457528023223858,0.024089044505672064,-0.671083117352623,-0.012237491825999314,-0.02959477472177241,-0.14343149352225737,-0.0015002723525867623,-0.01013148351307791,0.04666004263162904,-0.02485124819304474,0.08731477654873743,-0.037648906945833005,-0.1881720835554006,0.011475178342045922,-0.054498011671967106,0.014676731056169956,0.015526933134424326,0.011437991025559313,0.01516782137514383,-0.0218846061561635,0.03190834174665724,-0.0032000824717215437,-0.03300868226642706,0.01969043768622214,-0.35957786425979066,-0.01047812385877478,0.029247367306084016,-0.005791810911887296,0.015859017009006493,-0.002128780803104746,-0.031258668974714965,-0.00884668536218669,-0.0031107753557080287,0.07423310704780306,0.03369647023646394,-0.020087938912183745,-0.3849819299757655,0.057891882343028556,-0.016645483490719926,0.004249047993255317,-0.0361292275970726,-0.37242872041815644,0.02249560819927865,0.022086223599217192,-0.011161465343320742,-0.035508940015688495,0.008022198233447853,0.009340914619770047,-0.004299436179280747,-0.005508658532562549,0.014490209650148245,0.014458443551120581,-0.004126999786421948,0.007928749526854517,-0.07053373913929306,7.48407437640708e-5,0.004187576521417213,-0.06186383196654788,0.04248474793166679,-0.006890539848427579,-0.030313310418932815,0.0018001578446273925,-0.04889218395101125,-0.03434745192680566,0.004254393297287606,-0.006137962818684173,-0.006191422841766325,0.040448467500482366,0.01476843395994365,-0.005573752308919211,0.005020250371671864,0.02385177645192016,-0.013638076127072907,-0.039330485764594414,0.02730992639408214,-0.009422550270130614,0.03570310920076736,0.0064232291597363655,0.009456031951913246,-0.005893821276913513,0.018792839916386583,-0.019226262261781812,-0.004855729399423581,-0.03476707572917803,0.014874244679958792,0.08108899035869399,0.016413115878094686,-0.02411507969009108,-0.00732694127555078,0.012905290874186903,0.011258573171289754,-0.02745187347227329,-0.0003989826045653899,0.05208892154610112,0.006853960415924121,-0.015365970682182706,-0.01690138746721459,-0.0068385216927708825,-0.01672084330675716,-0.018689357915718574,0.03901892544308794,0.007983282297573169,-0.016472494144181837,-0.0033652474079417516,0.0001999441074076458,0.008113965419397573,0.1543663308420946,-0.034539931780727784,0.02693482108770695,0.0649587056159362,-0.0010109209742950043,-0.00794402150336282,-0.030599201534641907,0.025665854140243027,0.006442122559292329,-0.04493029381046654,-0.13170420779715641,-0.014942422559670376,-0.024607445616993573,-0.008619251533673378,0.01613946856377879,-0.023959957958140876,0.1251918873103932,-0.019720205891189835,0.008428968554653693,0.009252957100216008,-0.004261853118805448,-0.060021991204848746,-0.06774780536034086,0.0008888288284651935,-0.03008842681265378,0.0006409367324522464,0.037184265805990435,0.026826843025901326,0.0021143834248960047,0.02902824786685443,0.054428128062681935,0.05637877384288004,-0.009850562913925387,0.021063240275907447,0.015712695779939168,0.0013340998574733476,-0.05845612324674221,0.008590047412781132,-0.010938090795661992,-0.006379763593372445,-0.020970605083221017,0.0037757509030598158,-0.019371287005924387,0.014050175946977106,-0.009521351100374886,0.03911537980138746,0.013325084417374455,-0.0006948211724875364,-0.03951285270341032,0.004689822250838915,-0.019958659983785765,-0.027626520215562778,0.001151466214651009,-0.04813836711628028,-0.04372565024004871,0.1658850806452392,0.005848673330092424,0.009611890134692658,-0.10098856957483804,-0.01183484704415605,0.024142538514752232,0.00019255948791396804,-0.019946791499023675,-0.0062569810399892845,0.007898079381448042,-0.013831939547117145,-0.019076568165473873,-0.008544523845557705,-0.01007138003478758,-0.07774650231522173,0.005199344479933643,0.01551690263954697,-0.0003502583565477835,-0.013185552201321116,0.017194320915223216,-0.04083896297743195,-0.019003240796337195,-0.052501934550434726,-0.007506074997991163,-0.004861757711296377,0.00481607939082096,-0.4182539995620118,0.0323926799394485,-0.017013748368754023,-0.0018442912496539066,0.01978290550141537,-0.0045742861311737215,-0.04205726909094665,0.012530599595038439,-0.008435473768258817,0.004070501691401773,-0.10329373084448434,-0.13257269205769262,-0.04322546622461232,0.029043012965303205,0.017807214008826122,-0.0028262664495741774,-0.020491353594479733,0.002157054783310741,-0.006802738428632438,-0.006622010854698601,-0.011480371857487626,-0.010528666479785898,-0.05261948737552302,-0.005566841958625446,0.033033457346391515,-0.09839082117559883,-0.050325187783528236,-0.02708463167255104,0.017110576994582516,-0.0041881691881826555,-0.11623924045807144,0.0262607644090167,0.015281049306281602,0.005654805271433361,-0.057086547203653026,-0.027257823202944564,-0.040203846155407064,0.004341417288742377,-0.05533977937193413,0.06840816871226707,0.044631042508626706,-0.24558786968918866,0.0018787367871482274,-1.8693277525017038e-5,-0.03917472524608456,-0.0014240666807836533,-0.010619569333812251,-0.03678322689711422,-0.02368443331488379,0.013117086227794061,0.05268411326687783,0.06678208618723147,-0.035469893791741924,-0.00102094219346327,0.03163283377944026,-0.014017956185853109,-0.024504827722921618,-0.037752945467218524,-0.0008316994426422752,-0.010104883517669805,-0.003567211855397545,-0.03792738464062495,-0.021905634745507996,-0.13115401834534168,-0.03824676286239992,-0.0021961263096272887,-0.3303931876544084,0.009641692152854375,-0.05276188394441306,-0.20134986428274715,-0.02934044855646789,0.031187441818474326,-0.006331001036414818,-0.003908879722075653,-0.004009273944575398,0.01054973222380795,-0.01359440004125645,-0.012739943325868808,0.005514634096812188,-0.3400629505649704,-0.20736427032170468,-0.014382099315298547,0.041994813313067425,0.0038984022668842044,-0.051105721280691796,0.008635696094643208,-0.006338813592265069,0.0433175487223707,0.01056506407167035,-0.02091720846510725,-0.08343119864480286,-0.020826324116114847,0.014625635075390164,-0.011178567604474665,0.008998589021757653,-0.017394545255228877,-0.2763712274572754,-0.0010599816960166208,0.0121748242609101,-8.7230123426707e-6,0.015980562339791504,0.003234824390801805,0.028345373490083148,0.002703599229334941,-0.46005255508021037,0.011846410759062564,0.013846143589944404,-0.014595727505366085,0.06922478076558036,-0.031654251275540446,0.013687816204765113,-0.0014850023444523686,-0.03189298893585146,0.13644555522660085,-0.013847487092448318,0.0010991584513249109,-0.029473861715814564,0.0015990662866443017,0.019446545570644957,-0.012701380201178836,-0.0032854897496576996,0.010123041947736056,-0.051073439025458356,0.002431753459859465,0.026136489634154714,-0.14937934271802078,-0.4154063318089811,0.03450552299909759,-0.009100806066584255,0.0025164938106172485,-0.02112968356232159,-0.028001713794765237,0.0036274747571951593,-0.026441976351293306,-0.05727170266777648,0.00045291654896573164,-0.1913616741894657,0.0029379853294813074,0.0010103266195073957,0.017059176588190894,-0.1819665306575189,-0.027721488603674516,0.01364952798030572,0.01793395814820542,0.011555155753967483,1.0082209882966708e-5,0.0017301526559094782,-0.00021316700576790026,-0.0075735118152806535,0.08449865705642878,-0.041186450755958504,-0.01057997819953016,0.010072883362227003,-0.013070387121842941,0.03919437589138397,-0.034860370045635136,0.0008657277307975164,0.15060639126841124,-0.02054553319135266,-0.1481309334603793,-0.007764368575806202,-0.007284885257831775,-0.06576802597976439,-0.0017884414664877113,-0.043301075569473824,0.005491071779033518,-0.25310222482403333,0.010075394584646347,0.006955687816116551,-0.4548172418371905,-0.015443296666489914,-0.08511765291586926,0.01249506382009713,0.011571185788852745,-0.11723328387336096,0.023875330633018166,-0.016048259181843605,0.0346839073075671,0.019540352886906476,-0.24136198595397218,-0.003966268965086783,-0.0036775416801901883,0.016880853319889866,0.02739515680787008,0.01424086289580373,0.004502570980207565,0.0019322398827270604,0.002187587178468675,-0.019395197758058202,0.016336089280230226,-0.024197155496949563,0.016812664784993103,0.024336741799459105,0.008302969215947087,0.04192708821301494,-0.014115325180227956,0.030764098391955486,-0.036656544337574815,0.0017560038349984097,-0.015729130101135524,-0.016358011052943766,-0.17995974777295487,-0.016369237499020528,-0.00018488026353224996,0.007145340961614011,0.020780344034164955,0.004523528409208666,-0.004922549138427712,-0.41025049844392925,-0.005101435434426094,-0.01414423699316103,-0.12267829825782428,0.0017798862545532756,-0.16768517065338528,0.013568504337740706,0.07307930129854867,-0.022022943978299736,0.03139599808855564,-0.013591791785074747,-0.02359816019088612,-0.009435648681119346,0.04138178817083826,0.026055113901293225,-0.05280683453096913,-0.00022956448538025143,-0.013138144326148904,-0.10275493674453173,-0.020386846581914142,-0.015207813055894803,0.026912932565210212,0.004560981768008787,0.013656478917368986,-0.0012952695733474684,0.017481739851973543,-0.025954133856430417,-0.010172319953198894,-0.007863385795644717,0.028490961083662114,-0.019355059213921777,0.00836426933187795,-0.0781188584787742,-0.01941986879137403,0.015278503434728918,0.0208709547196122,0.0004277846419427078,0.003608405877457699,-0.020772493477124954,0.026227126955745916,0.01617627445011749,0.03203434186434606,-0.004414646812620049,0.015853048138524173,-0.0038590438116443693,0.07968642285413807,-0.007880269575252896,0.009860946012395289,-0.022101487937106867,-0.3048860260141737,-0.01870529848758906,-0.0014592796410397568,0.0028350948394972875,-0.1896440911643822,0.007170832967858587,-0.017416586293734326,0.009477223529756884,0.020582020294568792,0.00368018322910757,0.07198703899848624,-0.046345185921381926,-0.009935823075466033,-0.01554267892606731,-0.00818361737219675,0.0729617618235352,-0.07058969038916985,0.011508194378052394,-0.12388312548137037,-0.24845843841467286,-0.34591150335199927,-0.04720450476361293,-0.020700986878182448,-0.004793311260982591,-0.030166141973722915,0.015852565151362796,-0.020205298189466703,-0.006093861885346996,-0.01012246703277242,0.0062486531492140784,-0.0332704317443131,0.019883797019019767,-0.006918113044775964,0.034572747431866446,0.008498669894834165,0.007195889507784159,-0.11766797997188405,-0.01915410757828795,0.025230774140482026,-0.031013275061468448,-0.0447070641037044,0.06474975970013475,0.033231147363949276,-0.015942106982947735,-0.005255449805986245,0.027146348927999497,0.01936767257052452,0.006781783376936801,-0.015288593079958446,0.014811687696351328,0.10121938668180519,-0.04792072511418155,0.021091073183015396,0.019958119843067834,-0.02163916029576285,-0.04178383135877084,0.0016224906094066682,-0.017909070501787028,0.012354413816865417,0.010651710148749771,-0.011378831165529846,0.07096234193159034,0.010105086463227053,-0.01690927263211961,0.01353794207170722,0.08234389734877823,0.009982057667002664,-0.025070553534533246,-0.03222249302325508,-0.019523581530847878,-0.011208205820366857,0.010652644372839859,-0.012794716276403051,0.15471843104933214,0.04589876442332752,-0.08357370941303088,-0.005154114343895344,-0.013828362327785726,0.025516612715364317,-0.04433886242964036,-0.002008577325796068,-0.03598172701731528,0.0029289287194842473,-0.013767537853937029,-0.005108622044645017,0.002362650237955677,-0.014604136963498604,0.02653753579579643,0.03348090749932453,0.06345165958009602,0.013065932168501604,-0.023304667267439072,0.012559197309428782,0.008599984491866053,0.06841534775230684,0.003212097758478194,-0.01707777930823795,0.09379677335891756,0.00585718306410854,0.035371978513467184,0.031793635893336614,-0.00944815239148511,-0.07484020253104973,0.0058540527934383135,0.0265231676366966,0.053440194238646654,0.01195946239749901,0.0017396661041857442,0.0077480047457356704,0.007599880277666671,0.039150354195953696,0.021129564803231915,0.019302120437487247,-0.011359622114348156,0.014035769175279711,0.049482452519669096,-0.010911378823948326,-0.04656911073834635,-0.017817417725495943,0.014695467461024236,-0.0108525749628825,0.023175437827831047,-0.006150548221739882,0.04397033625809854,0.011929897143716062,-0.019402523771532287,-0.015923621411275235,0.04094026034090348,0.06374845343634661,0.000596682826653705,0.003731551241799025,-0.003586337164961151,-0.02852535594593064,0.03029382296949734,-0.022517212312209267,-0.019861960641719634,-0.002157941558834864,0.14000170232975506,0.0026926832397293765,0.022236163861521163,0.013094377891320619,-0.006555822187692684,0.016418366419202357,-0.014212779439731094,0.07999060772817757,-0.02268019834491497,0.0008291538597404724,0.015359791536866396,-0.022862168470965116,0.03940925104870985,0.025059843630515388,0.02842132462956215,0.007614584755629039,-1.796178003132809e-5,0.00872261542826891,0.012765982460905434,0.006690319524295774,-0.011137527685605164,0.014980365986048128,0.021186877751460997,-0.017736563941923578,0.013145533085662464,-0.01007987295474777,0.05554401695917477,-0.013073376055217523,-0.00632071593645378,-0.024406165974141913,-0.053160986822149425,0.002644627054905868,-0.0016248644242295995,0.022489032402461362,-0.030615000340731058,-0.03829498455365865,-0.0071314261585939676,0.04869462097121868,0.028157756003565737,-0.008029737467950326,0.0015736591589075033,0.0013746254671787028,-0.0006453976584452903,-0.018178328460635385,0.042485367417612,0.16977716496694484,0.009395318256792962,-0.015180147018782009,0.007595616833441454,-0.06512478438298785,0.008129290752549423,-0.0301867401058189,-0.008673834365708899,-0.010609866717459226,-0.008509743250215251,-0.006160069724501227,0.029760416266981338,0.010008840998125379,-0.0585130941690295,0.009637646424380364,0.03332251080246351,-0.05460844421031652,-0.018678159334555744,0.03305551506764459,0.0017337527460767888,0.00011369271624062094,0.0053959937122272095,0.012946496134190966,-0.00233672482363545,-0.018160637878736452,-0.037249292190608685,0.009114521222500116,0.00742320618701342,0.008765183825744316,0.01756627908162045,-0.08733306881640601,-0.007217015946935135,0.03208130206348869,0.004227185229410679,0.03693944444057706,-0.012236625473633467,-0.01326344099788912,0.05728037230346672,-0.032640999470459064,-0.09424194485472981,-0.05784240840466737,0.013217983919275866,0.10780620364675997,-0.05618794771089597,-0.009040834023039679,-0.014858826121553648,0.023695704658166505,0.017971997221138736,0.013475892836140702,0.004155517793151375,0.00582297722758085,-0.013464693520290894,-0.02968766483172658,-0.0035505564610502915,0.04613401446840726,-0.009341456172478502,0.023142659014865785,0.14985081418490154,-0.014896434946422232,0.006182977622302133,-0.0029990912344146636,0.030038072150091466,-0.027876140660282545,-0.043362273756429204,-0.0028280288104269857,-0.02734919556951354,-0.011603782262682216,-0.037425001934025204,0.023133147085218297,-0.021826972490089247,-0.0008294253627401105,-0.009520523643914203,0.005216672205278883,0.014164743160108628,-0.00010566000855760649,-0.0034289327977603534,0.002268457968511939,0.030879096373610082,0.02067549440835137,-0.03276463104270988,-0.050541825726213574,0.021096034738775415,0.0455521738549578,0.007253134965139907,-0.0202375212293191,-0.024950398715191113,0.030646618166429107,-0.08810566094325623,0.02821898196816619,-0.02833385396934318,-0.0012640497507163673,0.005394480450377159,-0.015162025648351118,-0.01244735877662606,-0.007370268290742388,0.006593368456378812,-0.050241548963640525,0.049990289865718296,-0.036739186159138626,0.07064418474328704,0.007235817982916615,0.013415630325653183,0.010808951759827323,-0.045397457174658484,0.009974484622944146,-0.010183803085965337,0.02916404794632399,-0.007534837377079384,0.009477704881646787,-0.03986424268259725,-0.05204400083312066,0.041144377855744096,0.030699236952841602,0.0010630721758388972,0.07115985435666516,-0.00021048117105237907,-0.009464340983413422,-0.004740983684314415,-0.0015497116270353217,-0.009758784222867689,-0.014584198364900658,0.004050838064188156,0.1973557137625903,-0.020278742959362717,0.018063445944790146,0.0019187632624380058,0.021483402163539722,0.014069863914301095,-0.03385586435956611,-0.03097264240932418,0.014037767041457982,0.012620179754776473,-0.012755061786833721,-0.06999606742283504,-0.04032347906741052,-0.024185699856388965,-0.0018406140352453804,-0.012433381209120853,-0.01815474913109938,-0.11972210680937678,0.122638273263874,-0.0034877766174759017,-0.06103204412465857,-0.08148136855106713,0.021619992813612043,0.052927914283827704,-0.04660725765461393,0.012337937238044105,0.0038494669934152626,0.009525478438263235,-0.01502510871978302,0.03398456749164325,0.025362470658365055,0.0189168673284712,0.002462867915710376,-0.029560207798567717,0.020705510327388765,0.008713524541235529,-0.06749054255351439,-0.007223589902423555,-0.0005139842950256934,0.028037536878400715,0.054861503040228854,0.005839315997036465,0.04505406761700215,-0.012936940880535985,-0.00018795395590132102,-0.00654886881056882,0.006140777461496327,0.0038366760360588614,0.005237357037458423,-0.012157868361100554,0.005905571225412132,0.026505622754257274,-0.016151745516253868,-0.01749990800544765,0.004854108922472733,0.023151487840550544,-0.03807234442137997,0.016240432463632715,0.012167782252618053,-0.005056727463397692,0.07091050974963764,0.034144971488785814,0.0375880363262695,-0.0739004027491319,-0.005744421008955669,0.1024636067411393,-0.001280314099858515,0.010403720814792905,-0.0008080830980361497,-0.01811593520324095,0.013673200404355157,-0.01895422568941285,0.02885549878465099,-0.00451397161668865,-0.0058125948412453,0.017648351506522886,0.03572387437998259,0.05729091985631385,-0.025464833667683706,-0.06048455743075465,-0.03256737846277247,-0.01509635716865887,-0.0020944804600731004,0.051417147551546805,0.005875102739082649,-0.02163264604723736,-0.03835319779591373,0.030323785299515293,-0.09606597014590079,0.005579638866493042,-0.02465335820869541,0.023710274324002967,0.023045845091473893,0.004617332236193761,-0.0017139421088359086,-0.024251429089872545,0.012860428490967024,0.008998359567158332,0.021718879832405946,0.00813615377228416,0.009202676568975221,0.006466093022027053,0.020186723309961963,-0.025884384310074893,0.04123557042248649,0.027313391753637006,-0.003803465649980353,-0.03905711175127635,-0.004367785862314122,-0.02824435053025809,0.038926861347135855,0.018505813288356876,-0.005439600113504639,-0.04086752373223135,-0.03780837778413115,0.02950894955029071,-0.09984392955630028,0.011891579907569394,-0.038454611763881985,0.05327342863370177,-0.059855666164366994,-0.07477760949768708,0.0018610042434374918,0.00901628098472429,-0.03686786056368874,-0.008870458921592217,0.01586782903450512,-0.040892285167046794,0.008625151940691467,-0.012953235145516828,-0.004992473262063868,0.003467210640792473,0.0028863265997642884,-0.008661430591473618,0.026236778231577773,-0.06533561513742825,-0.12383908571018765,-0.019116027888230747,-0.10329510226438288,0.029452584843056684,0.020284326753426285,0.024717456710277474,0.025696070424942263,0.00564699867481977,-0.004563225256788428,0.056586503757898754,0.02542550952057354,-0.01896141305223864,-0.020685466428403743,-0.0015590793245792156,0.048826703437953256,0.04860383420600556,0.017016080269513623,-0.02313605547442421,-0.040361199423387006,-0.00438368403865752,-0.008182828241842799,-0.009928730407636976,0.025973624160542386,-0.07477027608001663,-0.023702023947407724,0.004077382964396747,0.03090002436181294,-0.00951089338377642,-0.09417321381329202,-0.022728606118107564,-0.008192398556502667,0.012505474227964442,-0.1518467907972081,0.01871639246110135,0.12464638324308908,0.004501923868247104,0.040015810186559975,-0.12008766958751949,0.015716779354079335,0.041390733659682155,-0.06568659220829431,-0.07302546981827618,0.01624508253644308,0.07758120972721372,-0.05501366044700262,0.0036418384906937717,0.053857512064496404,-0.005958238126368087,0.11814606216881884,-0.042100321745238034,0.020569716925820103,-0.05318975362297351,-0.011238681719078158,-0.004531970609605196,0.008467423365800641,0.01477429718897838,0.0222556695325693,-0.009560056817235818,-0.05697139472977142,0.04019025441084523,0.04235522130466052,-0.025658662573391666,0.009010996294819051,-0.025330510563321695,0.002570204736912274,-0.030973812400020506,0.10268323859781958,0.021062967441594083,-0.0011046715935663087,0.006465182405918313,0.01869359165084461,0.023854094576108764,0.036518787368549965,-0.021440200289816858,0.015937429913719825,0.005233768417383544,0.011057695405042978,-0.019306468840113666,0.009327456387836719,-0.10930970551817154,-0.028420564479802124,0.021528855704673333,0.06086887977517108,-0.010263921694331657,0.03906765042029292,0.03717832599090798,-0.00922750195104527,0.016401227091591863,-0.059215900374510966,0.006536442941524001,0.01797271394480049,0.03029104724555509,-0.011037319929528167,-0.014336306440327462,0.13072679125252762,-0.016528813398508646,-0.023576166009661392,0.01182493413774921,-0.036719022694114756,-0.01942993872552279,0.0019365291664144024,0.012818006071938726,-0.010802504387811496,0.003002010945181155,-0.00763047930013272,-0.1362471429879406,-0.011348719809575414,-0.032415235874395876,-0.0060687455434162985,-0.019772258470766246,-0.007067809279760695,-0.0013174806849747256,-0.01008741612713493,0.020021146080580365,-0.0376766722240518,-0.006076498624224769,-0.0031342140246124472,0.0012345310287855682,0.06317551879487837,0.10699554721031745,0.030517195044012624,-0.0332358635178025,0.018827868980224594,0.006594380991145954,0.01917983459406969,0.003078274194194819,0.024031436553741514,-0.017871019684207567,-0.027094656868939637,0.03108207947957453,0.024824623458926,-0.021472402898780274,-0.03828661449460924,0.051518654884603166,-0.02228158304842509,-0.00342543090118852,0.017312436357315164,0.022911667088919785,-0.006111950751801487,-0.09495826386228146,-0.0006765251741853717,-0.02837192464812688,0.016469987550863152,-0.026378402064437978,-0.005485625281835382,-0.03898475651430999,0.010359626949139056,-0.01814581320468278,0.012456776434191852,0.02118544595214189,0.02651690699451592,-0.021637677717080805,-0.019533615790805925,-0.05634470326185692,-0.026219754162184472,0.011531210864632158,0.059824033440236235,0.01797474262502874,-0.04822210885504319,-0.06467548890941544,-0.01960965363559808,-0.03462995105655864,0.015678837553423364,0.007277009118524802,-0.008189243711342442,0.1067754247751509,0.034693571580646676,0.042156465265293264,0.004927919449983165,0.022567358222659095,-0.008609224310475838,-0.028146882610599278,0.008693803058349658,0.017541062709824473,0.05417131297508604,0.06855104912938259,0.241201893582911,0.0035098544431093615,0.013514962829049182,0.009709485518897054,-0.021969118697597878,-0.018168343533034204,0.0540551482608862,0.055277042198667914,-0.017107247076637577,-0.010598266355366093,-0.014350325151099241,-0.012626431748799405,0.007305645665837801,0.05679947943735897,0.00794785639982365,-0.001711701708700275,0.009348749313176086,-0.009556561044519185,0.02013702463500522,0.03453994282062922,0.02057375279309781,-0.08252691125744605,-0.03643606777495734,-0.014564877383236308,-0.019388048438486294,0.03507136824919144,0.0030046764550206717,-0.005581885918218177,0.009052105078353634,0.0030677191371069057,-0.08196714371661074,0.053401953671709634,0.06653988096240937,-0.00375642038488877,0.002591848059637414,0.0043529209342523245,0.018107194471667754,0.053512963463219876,0.019988115309388377,0.03220843733379297,0.0016383106444664008,-0.03787462779882844,-0.00901204463684735,-0.009767604382204809,-0.07508962724386947,-0.005140007050613349,-0.010714590692259662,0.02519987419145764,0.04562069159146631,-0.0013328603226625546,-0.0072124094574377295,0.000257028077612631,0.006410828155367199,-0.023710435157681786,-0.013592455205525766,-0.009062239703780506,0.007364070532275946,-0.015650646231733845,-0.027802005238754646,0.009846934757661074,-0.050260764723134344,0.010874343424802646,-0.029186955317527463,-0.010432303651441543,-0.017996901265178167,-0.02517935773789759,-0.02213417098886339,0.04480703177387113,0.01042764508088112,-0.013182588269046391,0.01482424725236342,-0.05279989982409461,-0.035430601961820685,-0.006802246851293603,-0.02167688899771747,0.014856475215765386,0.10768957940490509,-0.04880530019204343,-0.004066328725457424,-0.04724766169238137,-0.0030775614854974265,0.007343237941768166,0.05804492040260811,0.06906874486048764,0.05778895132243633,-0.0016750711672557372,0.0018302256103197578,-0.03109902373944351,-0.002229919229648658,-0.031740185496346385,-0.026343241855784072,-0.010170181574494563,0.001820308830247086,-0.006225686484413018,0.07670321651312406,-0.023445624793794195,-0.01046215651967941,0.004553806345938938,0.01247732634692511,0.05151194584323093,-0.006770713340984003,0.012935790372921474,-0.023397725228278432,0.014085289510148868,-0.022035690351913217,0.011164538631419418,-0.0015254747559083626,-0.017344780759458445,-0.0771934889548902,0.010395934451935318,-0.002247252928157195,-0.03987707350825076,0.05083223086876387,-0.012301264535381051,0.007606447982652753,0.14528514726225694,0.11444241064600646,0.0014062657837712322,-0.003679317996102327,0.005185971222090302,-0.014083495095974286,-0.040663613256474385,0.018276618555319146,0.00426436080442727,0.017830530136052403,-0.01868316194304498,0.018173610244048177,-0.016636028201901354,0.042898659527054406,-0.04520850233166129,-0.0063411369458208355,-0.016911505752204903,-0.0178951798216076,0.02890349746667198,0.010906197886470181,-0.03282408060385933,-0.013880854244234797,-0.024779359843705606,0.010852630070075975,-0.009470569798878614,0.007327851562422438,0.007739964352367679,0.03773436094547833,-0.007246437284265994,-0.006963714508856356,-0.04455475359100092,0.014998899081547279,0.03523579633838381,-0.012623081395759073,-0.3812055321459411,0.01837018194828488,0.029785974706101115,-0.024223969669037615,0.044456880216785066,0.00567430534556479,0.006520752198412083,0.07011046358456952,0.024211284521697962,-0.004418143850216438,0.05723406808965592,0.30854399553390977,0.002922826178746618,-0.03225040094639553,-0.004860615932557266,-0.012248576959564161,-0.012211375856395534,0.02122996513662656,0.02883159039424754,-0.04538622763175226,0.007980106745890225,0.01797015473312058,-0.033056721841603576,0.000554655320229358,0.006213112377736252,0.03859990706860117,0.01190903474798688,-0.010794964353408432,0.038192322725080885,0.012708344025668339,-0.01957084547393606,0.032282761302667495,-0.014495569055270607,0.14801927094595158,0.011901851703441935,0.03061005534425476,0.018648902370841824,0.002471615531248972,-0.034585604322273866,-0.023003281217143012,-0.0020927749064867385,-0.019085129377344856,0.02594048641583413,0.015975599775629235,-0.004923623080685502,-0.03641114002721224,-0.047750436800924945,0.04351110864627117,-0.020560559328259842,0.01776896748378931,0.021574982038146118,-0.03574830619254499,-0.01334181998618078,0.008914630033359572,-0.0341463739550818,0.022161725919431774,0.00830881668167649,0.19676381281351496,0.008157912473961915,0.002376032433403452,0.020681484127180738,0.038996998919174075,-0.009329894091933966,-0.0006089774014981231,-0.09137576164357597,-0.02138533239485696,0.01601803282119363,0.0016592053993917943,0.07234161790802318,0.0012939664225086744,-0.003578602271318232,0.0828676186066275,0.019704374936736713,0.04133636312872113,0.012390344043524237,0.004692112832344719,-0.004023277196097297,-0.017787864799174713,0.027168130238806043,0.028927714402016136,0.00878330039085995,0.02717677354303305,0.0008056931947066914,0.008960481206486293,0.05825201388734058,-0.0151176743902397,0.022724856637069024,0.07016179527090571,0.01715567449127775,0.013459194857205148,0.07752514430285373,0.07696322878018691,0.0021444831158987654,0.016992056638628128,0.01013116573562911,0.02508347070306627,-0.03680618113139644,0.008699865239123028,-0.03370201267171069,-0.02851136962453893,0.06761622677731793,-0.0015713693082943792,-0.010295757851736198,0.02538457395192495,0.027825241491086672,-0.0014586413821007227,0.051645274961629184,-0.012624069773664814,-0.009751882576892967,0.001090452729840763,0.013106831622252457,0.002638937648043793,-0.01624848474097007,-0.026459745540023505,0.021477582782608806,0.0031854606409069675,-0.019006135981726402,-0.0032811511318868725,0.026621785654697305,0.05206326699953934,0.01703671858740563,0.00332545825131092,-0.005920654885812837,-0.00042574403232720215,-0.015548011541341111,-0.030549547720511327,-0.012362453131572693,0.044451263730479695,0.005093909994684509,0.036529225485310235,-0.022762065152846844,0.12096884461425361,-0.009478786967065389,-0.03411182741456287,-0.018730319763562875,0.039322967139469256,-0.03981630389557722,-0.008856371489855519,-0.009765571494426695,0.00787363461950008,0.03270525430707494,-0.07872024746393436,0.014805583369707165,0.02258797199374385,0.11182267414551461,-0.006071118777754236,-0.011561608211195562,0.005857795972588065,-0.009045373351000308,0.017783445719487645,-0.011032088689717057,0.0455338646470409,0.04745721290146321,0.025232427703485882,-0.01456037705156632,0.03258425334570347,0.15117702194402227,-0.04013927415053331,-0.01976868424916134,-0.0032513274454686325,0.04526953740423778,-0.0023978705557681224,0.013644367340944541,0.03379908692409117,0.03742859912267704,0.10073088079866466,-0.016793732169617215,0.02419857741188025,0.010803908101479465,-0.0011472051883174572,-0.0012479530123528093,-0.024334443640327663,0.006705378508740978,-0.0037479270686162636,-0.005948652341658089,-0.013137242030097696,-0.015543471581622725,0.017406338427463197,-0.028398969420777576,0.004932784107950283,0.056439577690980514,-0.012304083843218905,-0.011506642628319241,0.04877397782229309,0.03458358386706095,0.009915252649307149,0.016808253831186448,0.02058757071608852,-0.020190467821066704,-0.0018774054169625742,-0.026243548121328786,0.05357260015625798,-0.1260758333000922,0.00675359190108793,0.015961667063038476,0.11653000572187011,-0.015455994967851439,0.1123341882666864,0.009028012573935484,0.01261342185716785,-0.017984717219405866,-0.022545617010365504,0.029256645845237017,0.15511279060046945,-0.05218542737020471,0.017602778376385686,0.013958803554942278,-0.01385389123151981,-0.019217615337765892,0.004572354044967142,0.0892739674745826,-0.038144295741403766,0.02398322070348513,-0.00011117683993688843,-0.015483209869898928,-0.07702816443998017,0.15433298581046984,-0.006586806208815688,0.003916883128567861,0.018379827446608488,-0.00526423832616274,0.005160721396805457,0.001794514986613649,0.022194407592905918,-0.10777514134315425,-0.12007266301952768,-0.11964778513720375,0.03349079493159479,0.21997759375699388,0.005758736360803596,-0.015706418581430626,0.019061133331888414,0.02332186534340508,0.012668394901993452,-0.02108828998370882,-0.0027019267163268523,-0.02948958839920124,0.0059320696250324545,-0.005369792706005683,0.054747645598581585,0.10033269334780925,-0.03265704934142377,-0.04893707333940256,0.001050630196914426,-0.00238417978380312,0.2492665318068248,-0.02870973303106439,0.0038558619908144465,-0.008501701464865619,0.04388900228423154,0.00875170435756445,0.002347351659409469,0.02975972403328342,0.013439054385344207,-0.016009036728974024,-0.05898679634083237,-0.01898633451128262,-0.0052596642108255764,0.024698114890270517,-0.002131832623945229,0.024591090853391506,0.01543608315887468,0.016837649215631245,0.021202441073000955,0.00626669068060437,0.04432456604035906,-0.059760826514775545,-0.019234096583659266,-0.019862673289026134,0.04139558409769961,-0.006422066937375348,-0.05961464437223185,0.02702688754789051,-0.0003011445587617345,0.01023363114654785,-0.006846554064395605,-0.18789201162699598,-0.018376464738139475,-0.023998849773306574,0.03917699939512431,-0.021018687550622417,-0.02726188302403898,0.0038879080186688952,0.0021728482697653817,0.0172449435613089,0.0077416824167357845,0.06905735996451767,-0.021701018445128284,-0.003368230565683916,0.006375326018314809,-0.0066027367174683604,-0.005813768420921406,0.05179476617877299,-0.02338769903690263,0.02635719661816438,0.007229272216136451,0.004216800628967121,-0.08423751410009572,-0.018761659860842883,-0.016211232947171084,-0.016931928549183795,0.02003922871153918,0.002272243564220844,-0.00023187023998616496,-0.012281558861104713,0.00593144345748442,-0.01205252742056473,-0.003671546071927878,0.011830299242546971,-0.09619988852136885,0.0052683625181089155,0.025095188917475753,-0.03087773937863858,-0.01797377771617903,9.04131284187315e-5,0.03671898561515263,0.023468875000418166,0.025494935562164756,0.11907656136463629,-0.02515924360977806,-0.02913926988367166,-0.03132432368101945,-0.018278926439506904,-0.00563774145757634,-0.001312904890255595,-0.028447174371649453,-0.0013594928768725367,-0.0002007221082749311,0.039255889743799344,0.054968756790913176,-0.0010266489189234562,-0.023382931435207865,0.020876091657555662,0.005648291975376196,0.017219828892848454,0.007804713157383958,0.0066668692536495655,-0.029887799644711777,0.011597742640333308,0.011486249615700217,0.01373091521600145,0.09112927532623871,0.004187062702385447,-0.007870331135563902,-0.013334206772697144,-0.00043652010668893126,-0.04451023985848224,-0.03747490064779413,0.018173296775785275,0.020294559415560798,-0.0070747355557614355,0.00442746026419627,0.02651258422883984,0.025741329194715945,0.016006889130949276,-0.02878598808456445,-0.05349699158614385,-0.13024387175755692,0.021265524728733,0.019417156943291047,0.12881402224229532,-0.007647654256288661,0.03226714952506882,-0.015781223991325533,0.017361976951178804,-0.01732296308455261,-0.033591372411137854,0.007019199377282348,0.02152926514418141,0.018117941795026127,-0.06931579756201245,-0.009368826033551159,0.013566875800279377,0.024678314618540753,-0.003114931310847169,-0.006204398408954148,-0.0057823669967547175,-0.1425713625849312,0.0400141195929109,-8.610665827291086e-5,-0.030116179704236856,-0.03130353338610803,-0.02548700957777328,-0.0065077520866907435,0.014898702186371793,0.04032122014541528,-0.018867519864215865,-0.04720513442248375,-0.013350039915167144,-0.01345004843597053,-0.03572577101431307,0.04117252196874688,-0.016252459971838107,-0.0062619474110761075,-0.022366449144101352,-0.04255876054151031,0.017194924632349284,-0.01610209148202557,-0.0029382507882473874,-0.014570098073590998,0.01254906743849915,-0.00040247751530841924,0.00010144736870643101,-0.18048785491555464,0.04679111828954774,0.08906666181792389,0.01455191869263217,0.003068692317356181,0.08957612148515182,-0.09359124911861727,0.019527071000766227,0.04159259507105162,-0.005891043766951043,-0.024573009337473195,0.03435970789632847,-0.023157800480476,0.014125649469860946,0.0017920334830705542,-0.013242731256468687,0.004006567626674951,0.008156177837349787,0.018207670585525193,-0.018829932483640732,-0.005715399705877644,0.016429984343631077,0.035822714438836556,0.007496759501009365,-0.022674365442071576,-0.030345659803970193,-0.021558784375883988,0.07137784922451829,0.0009859186939138453,-0.0353527027959899,-0.02495501606426842,0.0008445647069947881,-0.026539562655671034,-0.025316144267890195,0.022318670809227115,-0.010773464573503588,0.060844187114724946,0.003383337951163412,0.013012027224249323,-0.0355674696056667,-0.07317779925517698,0.007556527914857725,-0.011797370331350976,-0.032476835112902336,-0.017536304469103925,0.023295635439353646,-0.006171946424274211,-0.007482873468688922,-0.034058541250487906,0.007240985984026338,-0.0008559804100514157,0.11235911655467135,-0.1183096427412238,0.051320371875931414,0.021595661761011797,0.019297218578003594,-0.10349841797869885,0.0011548856728040846,0.01882661090712645,-0.08122933087565798,0.025313098690276092,0.019462203545309364,0.02579428481294599,0.016032796573199448,-0.00591496959395954,-0.01519345712449649,0.03201378837775337,0.02860469472807381,-0.034850798479965306,-0.03225489739588738,0.0018275489455845673,-0.04574601761487429,0.022181018834544375,0.016147404429830203,-0.002891474889111123,-0.0015666050248910324,-0.00084431194818535,-0.013311894329490315,0.0350458040520607,0.02250577092718231,-0.01311747254430884,-0.021704293359107396,-0.02399234780068582,0.012670031827838102,0.0013003043841308681,0.004983391375390056,-0.040938042954053344,-0.008620204200497028,-0.03208908587316728,0.07042650136827433,-0.0026833704064301855,0.0070999272757035214,0.07773028865631204,-0.011066715928791382,0.05432500805545715,0.08380103139643325,0.02369075318438263,-0.07823510722937499,0.003519761259212828,0.06846018109172292,0.014882543458384134,-0.042298411476593856,-0.007401840794045711,-0.004204614717309596,-0.038125755223518354,0.03379173563223503,-0.032442405688925646,0.022002593377692392,0.017701956148357567,-0.0002468747552484274,-0.016453299586828507,-0.02859625298242463,0.08631557208036611,-0.005493386227044539,0.02266705882698261,-0.061480458592996,-0.010406779047116288,-0.011649827688870573,-0.023771500608290808,-0.018639983472894528,-0.025309361996278312,-0.07509427214131392,-0.03690221978104091,-0.020466512601046816,-0.030480342502414715,0.10397329242630349,-0.004713911141152494,0.006712071864058089,-0.01714137123644832,-0.007576522736599145,0.02771724286958488,0.04761466611398646,0.019722306704352377,0.0165851934168586,0.013701308237614285,0.00840874811183312,0.009455868435907178,0.01701410721443608,-0.020278692429201328,-0.0350943449859642,0.01468733865476679,0.028418200852684095,0.02015260075995684,0.027132853978400817,-0.03190497816285642,0.006383448017231785,-0.006484742327756976,0.02877939460518064,-0.002370542413700605,-0.02614372163407097,0.028352085177175468,0.09312603850776213,-0.0799352503645423,-0.02614076821373601,0.10668155625535292,0.03249717009748565,0.010884520816034637,0.000821008699176673,-0.007173736947152065,-0.05905811350976364,0.09636227454308255,-0.023650852142054646,0.04944463238825847,0.031021837727166712,0.04662195689343207,-0.029132640132047527,-0.012959518324805686,-0.03808212878584527,0.0005457133825075289,0.2783693893443342,0.005020915985369356,-0.05763274369837745,-0.007153073344802863,-0.02169306691212114,-0.021237965489490307,0.04463634821195228,0.06988703081060521,-0.0051486107186065055,-0.0038130782304506283,-0.0046135714546835516,-0.00847711869437262,-0.0060209171783753845,0.006049334040199028,0.014435909865369467,0.006865859813586894,-0.023993144709947956,0.030309984200812323,0.002785475843893437,-0.12635110382507264,-0.0030850715047563426,0.0006709121016683639,-0.022241247332203784,-0.0089923253217421,0.0280609843680395,0.014524121370413923,-0.021368715109929326,-0.004706870420704945,-0.017380286595198413,0.03402226785692619,0.0005653769314903911,-0.012239794436027296,-0.007390177115865981,0.03954231907846406,0.0007028357638318994,0.013005715450390198,-0.006597378360311268,-0.038015599095160724,-0.033112791354142246,0.019790344850662223,-0.001062662494405231,-0.0010588328723315499,-0.02306767419759126,0.06237020060325449,-0.020018062932649627,-0.0005500251727426075,0.012612518966079733,0.003653304319414019,0.019829619016036304,-0.01046407382682446,0.011841505500342464,-0.010317991411966432,0.01941524022277008,-0.021388492174082785,-0.027915218941416242,0.023511103579039627,-0.03220751663320698,0.00621432932530297,0.018719933484135254,-0.022647476596148408,0.017622512491470843,-0.004865236715886567,0.01172790624649167,0.03013261627694419,0.04748042600112967,-0.009884072653221665,0.03332392230277037,0.014288716990904504,0.40680401070130756,-0.012205351382363006,0.012779292459526914,-0.02531589834393344,-0.006045632569509962,-0.002771067620415124,-0.0006081426833475234,0.07226809068652074,0.02311429083965777,0.029439318877848564,0.011399305113627634,-0.045951545720527065,0.006582148553206935,-0.01881956177385291,-0.07991634166319272,0.03135818178179761,0.0057100059266304015,0.0012171208159088565,-0.01810252003269852,-0.03882591399133162,-0.0024511402007192373,0.0009682723343757971,-4.109330984647386e-5,0.025674324327155773,0.012017167832539144,-0.03300993922766793,0.023228387659855798,-0.05169263760581089,-0.0508889173870557,-0.009537695733342844,0.028094771122596285,-0.023539215380878886,-0.011327044577797096,-0.08062623532896396,0.01637256619414984,0.012932273475598777,-0.005474176636653283,0.07630378874182497,-0.020451140553632285,0.0024789330167322987,0.005794392215648259,-0.0046061567524020575,-0.00018702336870290992,-4.791670242809687e-7,-0.15663017277984181,0.06530953822220908,0.00023400116922189795,-5.7437582398733866e-5,-5.9530069851376766e-6,0.18691875294825877,8.893883410993064e-8,2.9811340213070636e-7,0.003500893422824447,-0.0008936734414604075,-2.0101848170195336e-6,0.050663786052609794,1.9615892597357742e-5,1.5116522582292458e-8,-3.426833649065636e-7,2.0937166915313554e-5,-0.0010180409814779523,2.572122476101474e-7,4.83424928750531e-5,-2.9486000970857518e-5,-9.373340454071205e-8,0.00015606661305866965,0.0030740262329338464,0.0039127195022956585,0.0003900774230558568,0.0007507401680868497,-6.213248672449958e-9,-1.0111242126242814e-5,2.4784531973409685e-6,0.021769423443856795,0.09714154555695131,-0.00029170740950235086,0.0015242910965156398,0.005068538323484972,-2.2210323285393185e-7,-0.45211560033749265,-1.2670443586470723e-8,-1.0404218342419114e-7,-1.214077231919677e-7,1.8646695478352626e-5,0.001861992036173099,-0.02060158225685882,-1.2714118657490342e-9,8.206019930745434e-5,1.9393151820423782e-5,0.004000744658128497,-2.0020724754475985e-8,-2.540396581651727e-6,0.003560609231271883,0.0010352637628372463,-2.107607816270729e-5,-9.76262002785333e-5,-1.8789576699748678e-7,0.011749646329008101,-4.2638006210182766e-5,-1.716243698511588e-7,0.0395578467496307,-1.377994665652249e-6,-1.0194826131947402e-7,-3.693377163038747e-5,0.020946792672930314,7.585342438887199e-8,2.287024281066863e-6,-0.005742953548178775,-3.605082119648162e-6,-7.265545614210112e-5,-4.289368745933296e-9,0.00011617765588312068,-0.0005115678561082859,-3.453121615848431e-5,3.933820399870669e-6,-3.8355160176389846e-8,3.955236793640182e-6,3.328186351403417e-6,1.3074536154955574e-5,-2.1207151406602183e-9,0.0012707829516216407,-0.2121003713546088,-6.623911270153826e-6,-0.19721722311805934,0.02416960486152675,-0.00010324150814611244,-1.2025698490791825e-5,-5.290442599559242e-6,0.0030551275532104682,-6.933990961285885e-6,1.1166931093709032e-6,-1.2097160890289782e-5,0.00036905086253824493,-1.1560225805951063e-5,-0.0003529262005486089,0.01399449322025248,3.6157378378587346e-6,1.3103298523997609e-6,4.6620223550508655e-5,0.050923437959681905,-3.826441076526521e-5,-9.470795062907142e-10,0.0002339891001792438,-0.001774204463345086,0.0007032882731152768,1.7366001321822422e-6,0.006170845992073737,-3.931102593446312e-8,-2.351436503889026e-5,2.043555723418855e-5,1.0137626406808709e-6,-0.001463522209829593,-1.6970097647117655e-6,-0.07528413826730684,1.7063336882339186e-8,-1.6805949506593088e-5,-1.3922038487744113e-8,9.479390142619337e-6,0.0225977482223243,0.0021317272882583893,-0.009114918640989345,-0.039229878115293104,4.024486900851276e-9,-1.3336677156909615e-7,3.4036777686319297e-6,0.0008916321140759464,-2.809251025581716e-6,8.168055177293354e-5,-8.883804846517018e-7,0.00011569803543931556,-3.5340457176077835e-9,0.02431976340176334,-5.55015739218262e-8,-0.01974074865483999,-4.533686465690856e-7,1.1921098533318464e-7,-3.3728788541428564e-9,3.452072482446056e-5,8.791241191914712e-6,-0.0010791152781166602,1.8906358228321096e-5,-0.5148915040699649,-4.3300929595396775e-10,8.277382153920598e-6,0.0005155244931103198,0.00022984014030846822,0.0002395788393556586,4.8085287183141645e-6,2.2374335660657607e-5,-0.0006524117945900798,-0.001963318508842349,-0.00616140397687559,0.0001281797053138689,0.00017119815743171785,0.0035889842756660073,1.8814006978815773e-6,-3.086423439383184e-8,6.687066386135143e-5,-0.17959953927493189,-0.0006576549526471354,0.011327631917083636,6.061890420600013e-7,2.4904008636108393e-5,-0.050122989356168546,-0.0005808571516929817,-0.00025970807729791545,-3.7221682980037585e-5,0.0023770566861003317,-0.0008418313477704942,7.022485815078028e-8,2.8023707351887417e-7,-0.3135576356507954,-1.6109053366797355e-5,-0.43888396740430835,-0.006621312258175749,-8.891182467962722e-5,4.920268911745573e-7,3.436991205862938e-6,0.00045294300716136604,-1.110952074735369e-8,-4.5715916876729046e-8,-2.3854411313546826e-8,2.5250102108742567e-5,-2.1987592528152633e-6,2.3829879389092312e-5,-0.028601029080164153,0.00018830481224085815,1.684583366623471e-5,3.730057568418488e-5,-0.1584790007268566,2.4759234476673386e-6,-0.0007526330458489383,-1.6262737734251687e-6,0.011209843740743963,2.228415378457277e-7,1.4069864550997e-7,4.261810081951367e-6,0.052146965186693706,-3.997794384110517e-9,2.634236200838025e-7,2.032524296868843e-6,3.338793408147467e-5,0.0007305609265486623,1.3300641066912172e-7,-0.049391889642720344,-6.5712250959752e-6,-2.7037519483227856e-6,-0.0005878619168981913,-8.924863453785292e-5,0.3173201728168351,-6.232634109926138e-6,0.014185719673150743,-0.0001170046555754034,-3.614925418560233e-5,-1.1707270987972151,2.6334124205718012e-6,-0.00014436965046371597,0.2850715074364416,-1.726039546151581e-7,-1.3952950523643537e-5,-1.809673171454529e-7,0.0036383283031682367,0.0032245676754456554,-1.3306164994730807e-5,0.00013245837772468683,3.259299439672958e-6,-1.0356136844816288e-6,6.400271621354037e-6,-3.255104234350936e-7,2.32062390565879e-7,0.0008584388786445629,-1.9488642259007927e-7,-0.003784188106919828,0.0002276001820860074,-4.5000496657343625e-6,0.0006746517119680107,-8.472103243939693e-9,-1.308250248036047e-6,0.0002577488375425929,1.0979952606293697e-6,8.634893909238717e-7,0.0005004026852475363,0.00046214463062810296,-4.280794417277356e-7,7.219166784011577e-5,-1.6553324996948504e-5,0.00426439773787024,-3.649781706287908e-8,-3.240116468816723e-5,2.6501361709285742e-8,3.250165962753737e-9,-2.749463682769071e-9,-0.045203683723229915,1.2464090738684153e-5,-4.680355627950661e-6,-0.008696497632627143,0.00019072562758726264,9.728062951956662e-7,-2.360210159049747e-7,9.603441593730722e-6,-9.048013245825659e-7,0.014941459770341226,-9.121778081322418e-6,0.012820149100207345,0.00018054079281171198,7.565278859700264e-6,0.01009848231127819,0.013195507348427782,-0.0010168065655307146,0.054170332208741456,1.6072535629518825e-5,-8.199537724351558e-5,2.0580339636921963e-6,0.15845728722160857,6.187683545016975e-6,-4.533533602257139e-8,-7.346500455363003e-6,-1.4471088152084866e-6,-0.00024075272157375593,4.7394626911057e-5,-0.5237962579108171,0.0001167413498848191,9.146613938781911e-5,-2.1243463396367068e-8,0.0004576115150030091,2.5299288666617847e-9,-3.4824677775172064e-8,0.04320286380243488,-9.453219613889986e-10,-0.018100652332350364,0.019607717971666716,0.00310537933910382,-5.646842493511883e-5,0.0005313971879807866,-0.02696733152060915,1.3546817159010294e-7,-3.675780735047868e-9,-4.042190021125245e-9,-6.222645398609727e-8,-0.2956759474473074,0.0006409449768913777,-2.16181924445058e-9,0.0002577771609537649,-4.0604848806219396e-8,0.0003223760127100128,-0.11157936852032435,0.004133134325456922,-1.4062605364906222e-6,-0.00031675385426410685,5.732237289446385e-6,5.18139684757557e-6,5.027081367914299e-5,-6.490877952347596e-7,0.002336199750061496,0.00022449304332794462,1.6232914943237198e-5,-0.012167514908242083,4.0269801937498073e-7,0.01613007289415691,0.1093918878104887,0.0018135786677788701,-0.006528813212298701,0.0009738109304819886,-2.093959022886338e-5,0.0007480970947124632,-6.998975865535328e-7,-9.077351713383672e-8,0.0016017148598166386,-0.00010193062461283375,-9.715221338257862e-5,-5.322405528911112e-7,-4.410813064681385e-6,-2.237944011236056e-9,-4.5140339723914735e-6,-2.5415898961822503e-8,-8.753567852710399e-8,1.9171234835746453e-7,-5.644841642393761e-6,0.0018072892503369076,-0.027624055058367958,-7.690270618532224e-6,-4.755719311688722e-7,0.0007849947338556262,-0.00015347831645051713,0.00010861877317935864,-1.0935552742586188e-6,-1.5450663273536974e-7,-4.272816745753971e-6,-1.2726264356999195e-5,0.0998953557036657,-4.943568184501146e-5,0.010965927268557607,-1.066431891150188e-5,-3.820078939807681e-9,0.00159490035205323,-0.00012739524328253538,-6.175461775975721e-8,5.9209640681956444e-5,-5.957590145405645e-6,-0.00013784048982934394,-1.3079929258729035e-8,3.8969736216643014e-5,0.0008808990831425945,4.153747266300023e-5,2.0419952894812354e-5,0.000859248360381315,-3.2807323396485955e-6,-1.9845619946695647e-7,-5.065387369107555e-6,8.987676218152885e-6,-0.012309962850849843,-6.435712569530239e-7,-2.831304243500199e-6,5.658265682306762e-5,0.0016826444434627774,-1.0790125073434353e-5,9.356082500744378e-5,0.000383814510335867,-0.615102570860472,0.0008365305007984603,-7.422592361194802e-6,6.373001781634358e-6,0.0019358712934263167,3.3787343688973515e-6,0.00047430247450641616,3.889545912016956e-7,2.1056313818323957e-5,0.0021970832490652015,0.011525820477572779,1.2171695313797914e-7,-0.0018989361834655938,0.0016842832951624587,-3.3394953746056645e-9,-7.5025063834026e-9,3.8897977179541687e-7,0.00012287904138474914,9.931367181481576e-5,0.0003450819351087375,3.4304914651485385e-7,-9.621113768287781e-6,9.421793212283092e-8,0.005537796718272148,7.514129377050871e-8,-6.535995735745814e-6,0.0016863969308360538,-2.3316193778011654e-8,0.0028350066043003608,-5.345585658123042e-6,3.4723559636518075e-5,-7.644711715439415e-9,-1.8322592465480625e-7,-1.4512679880063217e-7,0.19215233312206692,-6.165965098334399e-8,-0.00265057503065691,-2.8545048508021864e-5,-4.221815874061452e-6,-5.051826522883829e-6,-2.455734457798564e-9,-4.426577413646493e-9,-2.0466789592887835e-5,-2.5703239657559607e-5,-8.066106723658706e-7,0.0014087253813954703,-0.0005352645102831843,-0.2783905348042026,-1.7775297342786933e-6,0.0022551170839051338,0.00116639815223607,-0.02467485384659085,6.890416216764894e-7,0.0030217983580769214,-0.007522545761275978,4.5811271709092494e-7,2.9135877994135306e-6,-1.7992749487966142e-6,0.0023835349780050308,-4.735213104898597e-7,0.0009386578670103063,-6.003956706385205e-7,-1.0333977905618852e-6,7.123621094742849e-7,3.931373810744931e-6,-2.1664793737816157e-7,0.08367962955571784,3.5889945552369795e-5,2.441980626599616e-7,0.0011878381880450206,0.00021550293588745717,2.8817959011107064e-5,-5.961234887338386e-10,6.388339719720637e-7,0.002005964517593384,-3.784087866831598e-6,1.0896401839090471e-7,0.024225085055149975,-0.1674595830409089,-1.5713615519885593e-8,-2.215833636801806e-8,0.00015265975916989305,-1.1423525474274356,-0.0024385060805798275,0.01045788190873509,-1.4987627998917785e-8,2.144808939091858e-6,2.2517378674979938e-5,0.00011989385693944588,4.448238652227099e-6,0.00012739863150557085,0.0011331273599353153,-0.023709957575192675,-0.004731583573629905,-0.040805478952506746,-0.0007689956461263137,8.605029076444448e-8,0.0010613445638227859,-1.2074939662997525e-7,-1.691662074421174e-5,2.562516402404569e-7,-1.9687723471634166e-6,-5.139236484291709e-9,0.006145813316379645,8.168541114739192e-6,9.28453708359811e-9,0.10138052583761237,-5.8054802552949536e-8,1.7980218650764934e-7,1.0983541201881053e-5,0.0006588412544488165,-3.136074697152047e-8,0.002791617638195021,-7.360072686868335e-5,-5.986567193361214e-7,0.00010293348688339421,-1.4789159756389836e-5,8.541727757743756e-7,-0.04141079224064015,0.01796588960405643,1.503363482591169e-5,-6.786827557239694e-8,-7.056335578070616e-7,4.402032305339532e-6,-1.65464874510024e-5,0.030268148491813918,-0.00048108462533491547,-0.00019036083186563246,-0.012998786885873415,0.11586476692173164,-1.0505118667944457e-6,-1.4137187598090711e-7,-2.7002769758394107e-7,-7.751875449294073e-8,-8.80119724842865e-9,-0.008720561968175389,-4.2527012389381724e-7,-0.0036663452674474684,0.014692111193653545,7.501022078471031e-8,0.005567713529217144,0.0946007066643233,2.3702232832878423e-5,-1.5158906935481067e-8,1.3755011039895404e-7,1.9863976725921668e-7,3.4615787902758655e-8,0.01608243476584903,8.560717994592071e-7,1.4803294221335528e-7,-2.3116478711671107e-5,-0.0035800421945282324,-2.8235124356623675e-8,-2.1336988265119317e-6,0.00011756853333011463,0.0005257727733214423,5.864249940895627e-6,0.0007481919620886401,-0.00020479602406453523,0.001348925913646326,2.9189272843233027e-5,5.0925719763839083e-5,0.00024029734735520059,3.131363733199777e-6,2.8485625612084675e-5,0.0016380364307337913,1.6562761214616861e-9,5.154069258744842e-7,0.00039216193641777863,1.2930922763457198e-7,-1.0384835175680784e-5,0.006539067160701961,0.02041382591414731,0.02528784392234229,-5.989405024026118e-9,-0.09329273631010437,6.373024653116843e-6,0.014821606844179769,-2.8447506291273683e-5,-6.706273843609667e-7,-2.1781572307588704e-5,-1.8516603639273654e-7,-6.730574226166547e-8,-4.8916219189381466e-9,0.00019157146575921047,-1.0048374860904385e-7,-0.00016139109780155536,-2.384837621998478e-7,8.999100752760114e-5,-9.467506731494421e-9,-3.087918003075174e-5,0.003479913751789354,0.0005844443893181506,-1.6129826821906224e-6,0.00011631740370887655,0.006981160909163009,1.5443404755011159e-6,-8.275963155224275e-6,-2.3646756346806797e-5,1.3118615650432874e-5,0.001263873995924314,0.00011636914788937247,-0.013290143387649778,0.009752041461069894,-0.0016475011423153774,-3.3850467034302056e-5,6.694132211326753e-7,7.180293589481579e-5,0.024037243852490064,0.023986542861166527,-1.531441067839298e-8,-0.00023314727340562058,0.0023137037898948165,0.00020291229262170418,2.293798852193163e-6,-5.007211401064637e-7,0.00022521034078692992,0.005179015201974835,2.391429030845771e-5,3.902732459998433e-9,-0.05824463024055149,-1.8657736777435985e-8,-1.090730439456955e-5,0.003330765979512762,-1.5523785666660128e-7,0.00031796054640054194,0.16903912887210026,2.8831990686595255e-7,6.945847235775848e-7,-5.481707482657416e-7,7.842959917694903e-7,0.0001143528282909756,3.633525521351544e-6,0.0005247645812573865,7.088458279960567e-8,-0.022014108166331425,-8.875185905643512e-9,-0.06395663859439082,0.003331254757000579,-0.000199288694147981,0.009618558422516799,-0.35397337218455505,4.290275832374846e-7,-0.6090780006343266,0.006402746885441957,6.157056179745268e-5,-4.78648783663882e-8,0.002957028112803073,-1.2524731087815155e-6,-0.6871920763369417,0.00033823967044099845,9.079026521252587e-6,0.001653967956372071,-4.0417335256393017e-7,0.00017708045321285226,7.774673522753517e-6,-1.899848106207136e-5,0.009569722491505672,0.00013113003898368447,3.6479741239575647e-7,3.707577591849365e-5,0.001373100774571867,0.0003079031395074594,-2.1321837906373986e-9,3.9545409899588435e-5,-5.668666578628745e-5,3.3159894916590105e-5,6.151933214430805e-5,-1.508138019860189e-6,3.1539019312853966e-6,-1.6265747545540776e-6,-3.3228633534825025e-8,-7.808469343340008e-9,-2.7343227076981336e-7,-9.491283481932733e-6,-2.4608938940882258e-8,6.991925211963235e-5,-0.058477191573729215,-5.8113382749525044e-5,-2.244945731533221e-7,-1.3557993000100528e-8,0.0007697488295121957,6.697103669111443e-7,7.302772263528823e-5,3.1962311128948956e-10,0.005528899913770147,4.059111145208322e-8,0.014873659096338088,0.0003654822282026515,-5.1386009419784884e-8,-0.06847996222495567,-4.828000690348944e-7,-1.597371246581103e-6,3.2593790055823746e-8,3.610049343905075e-7,0.00015932084033920546,3.2565058669109526e-7,-6.850343249764634e-6,-5.860916637775992e-7,0.00041408272321774575,-7.916516447242783e-8,-6.836152105503188e-6,0.00022179360064100706,-2.7467072040258944e-7,-8.431385214308085e-8,-0.002299004430142304,-5.320592667973356e-7,-3.100419578960789e-6,0.00018472053970874924,-1.9999150181249092e-5,-1.1649598648114448e-7,1.0207148041681269e-6,8.667665865402796e-5,-2.997636743592557e-9,-2.640623480232307e-5,0.12011108666047221,0.00017336968645041348,0.02961070377887154,-0.000389465440434833,-0.0012263729189736505,-8.681459344878073e-7,0.0015485172094713562,-8.121544977646167e-7,0.006365400427057466,2.221648581421376e-6,0.00014385579260167702,2.163344423305319e-10,9.3235595696739e-7,0.014304742512194935,0.00019775194057913836,-0.750360267367796,0.0011358461408690346,0.02867342081026436,-0.02313689684979181,-1.1297670425847173e-6,0.0011121058038838783,3.224038967200582e-6,0.0030928244616461598,-0.003410366821299249,-1.5868864694512652e-7,-0.10977451070357347,-3.140058576767135e-6,0.08514693711549626,0.0037697532567335656,-1.300900113569703e-7,-4.132691288738499e-6,-0.00016724026023240413,0.00022079775643746302,0.007092667322467605,-0.0006631187316088472,-6.319887967731752e-6,-3.7288067052110296e-7,4.919158650557032e-8,-2.794641312852189e-9,0.0005440509878695821,1.7248031133343389e-6,0.003508253770206693,1.1989707736359545e-7,0.08541528761270456,-8.730678888180243e-9,-1.166838506675913e-9,-4.0495850640809294e-5,0.0017994034483308496,-0.00022227388240025903,9.472750315708822e-6,-0.031633315735234646,-0.09459460600555758,0.00013899959705554465,-3.818974608771342e-9,0.01804038261457208,-4.705258009108683e-8,0.0005352250542500769,-8.405062589034173e-6,0.005872708391962078,1.0976969593828184e-6,-9.746694099033171e-8,-1.4849105467798496e-5,-6.641096212123276e-7,-2.584124030846624e-5,1.7675405366901487e-5,0.027398539853493276,5.983871975284716e-6,-0.6150321159730083,-1.6073402778031542e-9,-2.470789522646122e-6,-0.0002997489361860062,-0.0330526190391538,1.3472591323809846e-9,-2.436540959835712e-8,-9.395546607615657e-6,-2.245369757204567e-9,1.4907529914953699e-6,6.543947397252836e-5,-0.003877614994507894,-6.51355159211886e-7,-0.006761445038137026,-3.5945168435080888e-6,-9.105179121088325e-8,2.6114945956556834e-6,2.856889481928082e-9,-2.1516782025294418e-7,-0.00012236378346131005,-1.5143984669202526e-6,-4.534530347433119e-6,-3.680274274740769e-8,0.0010347059404125503,-0.5515174511092482,0.02010639608852216,0.0031304729741350457,4.37625133388464e-8,-3.495402108555368e-5,-1.3727272771602017e-5,0.026186570636582474,1.3528112913080426e-6,2.1153851201383134e-5,0.011111806540611724,-9.03965750230452e-9,-0.0005143255435768879,2.9941172404179817e-6,-0.15903594094561413,0.06565103299135444,-1.255051680137953e-6,-4.3381609746262484e-5,-0.0027366566863520347,0.012317096534388838,1.3480758617179234e-6,-0.08029655589052709,-7.536964743515284e-5,0.0001278426462016924,1.068050403368881e-6,0.0006224877064511247,-0.226420687045902,4.432094011241894e-9,9.428347819095961e-5,5.062867983374186e-5,-2.230822742088634e-6,3.913035473596116e-5,-3.5607280547189646e-5,-0.0003942560069845058,5.513109866961408e-7,-0.009880878147669137,0.0008162964477378409,-0.005044959172664676,0.001652047011475588,0.0006311426392713315,-0.017254607677386957,0.00040184013744237745,-1.8833517365646202e-6,-2.414346162819825e-7,-7.814296465624704e-6,7.233438057731301e-9,-0.0066059074397344375,0.0001489240247596335,-8.375593183185259e-5,-0.004625000771738996,-9.245871952189011e-7,0.0077829715362440766,2.089485753864473e-7,-0.0008719578590898891,0.0008309241691222269,0.002034541705143056,1.618591826270388e-6,7.280008129040283e-5,-0.15747180728067178,1.2251707784072252e-5,-8.807098080877186e-9,-0.0005956493581606992,0.0002674946367164921,0.00027526367216523795,0.0002093442190407302,-2.237403732077703e-8,6.812128214050972e-5,-0.24428937243646942,3.7350084466369893e-6,-2.777654483309376e-8,-0.005162087986036568,0.00018109285394984909,-6.0633685339261945e-6,-5.53973790312634e-7,-0.7521025192909292,-2.0865117296153812e-6,-8.557754120792904e-9,1.2616471934734363e-5,2.5132404397193442e-8,-0.0002561449325355625,-0.11144894151948392,-0.0012283036244298273,0.0002834945041456649,4.099092333989009e-8,-1.6000081499711882e-5,-1.4334531863845895e-7,-5.634457689751571e-6,6.935036221022983e-5,0.0346379989568959,-6.4256922146892215e-6,4.892572080502158e-8,-2.4288413540823894e-7,0.02301124717996572,-4.562434263721826e-9,1.0113598384431377e-5,0.0439868153698626,-1.6886093462620266e-5,1.5755008753282063e-5,-1.8873463313734146e-8,-3.8711161721494136e-5,-2.3687214866507933e-6,4.356307058861475e-6,-9.210391926472994e-6,-9.363677850020985e-9,-0.0321678368384255,-0.7033940032124519,6.025447901603087e-5,-4.072754894554782e-8,-0.0011957921047383024,-2.2091773460835434e-6,0.007442838554197806,0.001367129023549296,0.0001392285452084252,-0.02158677011175314,-0.003864788855025836,0.011619759254244855,-5.62518683141968e-9,2.024455531568492e-5,-0.39380981063004583,-2.2028365686882143e-8,0.023474209573578264,0.0007972767684805149,0.0005543015927287342,-3.000592122661197e-7,1.207680213085975e-7,1.1996892336774145e-6,0.0005572657774641776,-7.915031406469097e-5,2.6552710577165684e-5,2.767082624144379e-6,-1.7010307568326305e-8,-1.0053160547939303e-8,2.3349243861991997e-7,0.03453608594463731,-4.059651363685912e-8,0.002583738570137939,-0.6042855338237132,8.834185736361633e-5,0.0018439579380356008,-3.00515152558585e-7,-0.00013073205838409763,0.0032439940483470764,1.6391735956577946e-5,-5.0302498518561833e-5,-1.0089227653851951e-8,0.00013839570766016607,0.0011892645994677764,5.5512602618879026e-8,-2.9330735876816234e-7,-5.590739606551112e-8,2.804825279079104e-5,-8.609167487100278e-7,0.002084246627362063,0.0005339871652978445,0.017371010384749752,-0.08773061945248628,-0.00560503639462695,0.0008947482762096115,-0.0004573286102527163,0.0015702240900736797,-3.913395304078193e-5,-0.005537367687793449,1.2967459110058144e-5,7.09014363735605e-5,-0.0015183005530161608,-0.0001133532753954114,0.0024888415235295724,1.3068023569928755e-6,-7.265205181461454e-6,9.171285386688766e-6,-0.0001407601451486329,-0.10100059529213468,0.0009245097758139309,0.0022302206944004865,0.002317554080946138,-1.0471041178880114,0.00015328142985993054,0.006095960221955465,0.0004877510073697522,-0.000995532065644511,-3.6612449926920476e-5,-4.0812766338937934e-5,6.274899573099901e-5,2.03727518335306e-5,-1.5745199628131035e-6,-0.0018319953621812601,-0.006470260434866759,-0.20787029637722299,-4.363464598325373e-10,1.0868712870260033e-5,-1.4716247469757915e-10,-4.3314484349590843e-7,1.1021580684061601e-7,-8.900252386467855e-5,-0.001711640078497112,0.00019632924883694614,1.1525095746462918e-9,-0.732754306984134,-0.09800884657306597,-0.015971896862538415,0.00013993116562005525,-0.0012090317918591609,-1.5570356845628908e-5,8.389515496975974e-6,-1.6437493380316859e-9,3.5367763700833166e-5,1.631694568793307e-6,-2.406185946671191e-9,5.3888630885623456e-5,-6.96389664683883e-9,-2.625644274445449e-5,0.000291414568785342,-0.007560125182521915,0.16665760760224657,-1.3020489867676677e-6,-0.006233022759261075,-3.2975838976379013e-6,-0.22819501461299296,-1.326485212253467e-8,0.009085246398853997,0.05660281300151837,0.06761989999813522,0.0002662297095419319,6.233356255474793e-9,-0.06857212040631566,0.13350508310759324,0.03258301949608722,1.2819330585944755e-7,-3.0868362852487508e-6,8.277898939229589e-10,6.360347761732998e-7,-1.009175109256688e-6,0.00011315237436937409,0.013345141261424942,-6.527124611466206e-5,0.005074549685883056,1.3627839386742835e-5,-2.0938350671893292e-9,-3.759448790122133e-8,-1.2575126392411207e-6,-4.779259997955351e-8,2.471376151391702e-6,0.12950029018247733,-0.0759359101029986,0.006566580327671545,-6.858543736276701e-7,-8.481770716328718e-8,-2.0577482363393074e-5,-9.999166059060371e-5,0.000392865260664621,3.245289234676818e-6,5.190193043097535e-6,-2.7216313641361192e-8,-1.9660363646867296e-5,-0.40251867554616183,-0.14771502124494873,-1.0707342511668685,4.1209871001757215e-8,6.038275865982712e-6,0.0002177464171924104,1.5750411156301852e-8,-0.005925533648110104,5.88399125422967e-7,0.013099793864967069,-1.8102728429670624e-8,0.00012974520763719966,0.0016769951074593337,-0.005982618161397113,0.0005560873366903252,-0.001111658694696871,-0.00023621260667994193,-6.442376898618818e-8,0.11543106225281008,-8.25501732960171e-8,-1.1740659536154524e-8,-0.00034816655588087997,3.6496497814869633e-7,-2.737960015514185e-7,0.00881362728739532,5.995968965777365e-8,-1.0630696274313567e-7,9.35561170845034e-6,0.0031908222904348804,-0.006040785121513181,-4.079509630272593e-6,0.0034612780571023904,-2.437117376796749e-5,0.0004990466968308738,5.2114657419721766e-5,-0.0016431100906970642,-2.338188992041801e-6,-0.000859708100364287,-0.02113286942949344,0.0015895363599156553,-2.256048636378738e-7,-0.8447286803302632,-9.549547767551125e-6,-2.8243589959231485e-5,-0.020378053639433347,6.154663251839443e-5,0.002921547519122214,-1.988872493710603e-6,0.00016444754399036476,-0.7644675650080899,2.0558762589550916e-7,3.34639545442883e-5,7.676307593840193e-5,0.06371172695980931,1.6531163626598566e-6,0.00032787737404760264,-6.907130494226976e-6,0.015023254529751284,-8.102675154650352e-7,0.00036899398855894106,-5.449033720072993e-6,-4.244911584017075e-6,-7.366453160351227e-6,0.0049509520891888315,-0.17999399115797132,-1.2209070194557636e-6,1.0606588319445054e-8,0.0002898830648803141,-0.0003655302886187428,0.0029301914173629484,-0.00039806761515137623,-0.000950540658806176,4.565156171421059e-6,-2.7631359276553136e-5,5.977136274329387e-7,-1.5281124965665221e-10,-0.0034325553533562925,-4.928949226989943e-6,-7.864123413026114e-6,5.369547724856649e-9,-0.014604764412069926,0.08488754602876725,-6.739338360419941e-8,-0.003993175835603324,-0.0013780874648148256,-5.470459386133395e-9,1.1410942826056703e-6,4.172864208007443e-6,5.320725256829917e-5,3.6711145179682547e-7,8.618899240503408e-5,-1.186852543799688e-6,-2.069123624381941e-7,2.6284679377486242e-5,0.0026030467267474933,-2.7571610352161713e-5,-7.91217078665446e-6,0.000182566522742178,-0.0005021158069240528,-0.00021298491844845557,0.0005523834659939553,-6.649268303349221e-6,-1.1053316783509217,0.04066174623585539,-7.90117316261385e-8,3.900676542656356e-6,-1.1991141492598278e-7,2.453450997919049e-8,-0.0030663361731058103,5.169298396445754e-6,-0.02208940152604555,0.0005866362460338337,0.0005814936949448679,0.04713414407160599,-0.12604678948991932,0.0020787608676471336,-2.632205990671377e-8,1.400901160492074e-7,6.852170014726156e-7,0.3145348375692265,-0.004671464247167023,-3.3407385521128097e-9,0.0033871424498101987,0.0008978787836895208,-8.335565508596487e-7,1.673977515374088e-10,0.015014127304993963,-5.072847149290016e-9,6.242332515199456e-7,0.0008302734187424221,0.015952352149724902,-4.851351174928707e-8,0.0006447027208196232,0.0001512756653028191,-1.1988743572999283e-5,1.9618285054812112e-7,-0.0036971597376549425,1.3843040951901087e-6,-0.6518551673507318,0.03107560667740472,0.00013399615620102168,-7.43096690598577e-5,-1.063028805203814e-5,0.001031288356443838,-8.484017540530628e-9,-7.943169337554234e-9,-0.018849630729164346,3.0158089183492803e-9,-2.2934254275241983e-5,-9.392969284804323e-9,0.0005019083228106069,0.01581655458221576,1.0177679123923866e-6,-1.375048635735704e-7,0.006289665328949923,-8.486011637744845e-9,-0.011967069368893135,-0.6055502320486994,-2.1942401029571151e-7,-0.06572376492204057,0.0002744540201966572,-1.5333830054586883e-6,-8.88368105478321e-6,8.080553513867272e-5,4.023414167519945e-5,-9.75428581568849e-5,-0.0005064028338921389,0.0015504609582421836,-2.053220125830535e-5,-0.020259784120753466,0.0009762409543014883,1.8331263214932392e-5,3.1327249907509014e-6,-9.732444952864627e-7,1.927677512347792e-5,-0.007090612292813603,-3.3187309799159043e-9,0.0005926499386532669,-5.854223184276197e-7,0.0020220347787471837,2.0444122072138526e-5,-0.8816380294738337,0.0027044365797337377,0.01619450733414851,-5.981986164749209e-8,0.006943802500245511,1.3468585526922074e-10,-0.018445423571392894,0.0006293457256845159,0.0005443601671686338,-0.004785333359905053,-7.23940133866563e-5,-3.202972313864905e-5,-2.390562877399539e-9,2.012030985744373e-7,0.010962488857330754,1.6500676730313302e-5,0.0281980095023755,-4.7775039441460415e-8,-1.249381886211931e-7,1.878604780403137e-6,0.00132107038967888,0.00046394583320363836,6.128560658402726e-6,0.00030670666994581097,5.613422953132385e-7,-6.655311292833033e-7,-0.0003647990132549239,-2.5051317085328373e-7,0.0009581152869486687,4.004504737364911e-6,0.0002597600250275889,0.0008449971908248699,-1.1107585877120907e-7,-0.004995266424884903,-1.0377653774512607e-7,-0.1893290977459401,3.73712032177842e-5,1.1168005245171253e-6,-0.014678586812806316,-1.1865409023370521e-8,0.002193763260038395,-0.1991843927098671,-0.0047426824439753545,-0.0016933668885030784,-0.5592419776367024,0.004751670865971391,-0.004288146071303345,-0.00011079179537887285,-0.02916850842302665,8.613254052658448e-6,-3.048541920236403e-6,-0.0001867779604936004,-3.9587182129596776e-8,0.0006871421799132804,2.5303927496889145e-5,-6.117750183569706e-8,9.084886021248906e-6,-2.1508700211003706e-5,-1.8064558683361653e-6,6.1162815915283275e-6,-0.14912810498208273,1.5986916392041195e-5,1.0965194877088358e-8,0.004275508258615446,0.007429832068737596,-0.005207751843954611,-2.0758009929011667e-9,-3.2256429454021428e-9,3.0613233678034035e-6,9.394746183395697e-7,0.0050650568177843525,-0.0006883902742629289,0.00030478313556159264,0.0002959390683372476,8.934892891998558e-6,7.594185913362139e-5,1.6899363486822146e-10,-2.0032537190487962e-10,-4.754342669777145e-5,-2.7305907650543304e-6,1.621379787231092e-5,-8.426316453835625e-5,-2.9284322614064884e-7,-6.454616025691751e-10,1.5308588772189324e-6,0.000170610928009296,0.009264390242606169,6.128095626431462e-10,-2.8852244626786927e-7,-0.0012384381261654198,6.192361825668735e-7,0.018374399318418,-3.056201587137153e-6,-0.0002209074725811888,-1.5652325460746574e-7,0.0023192160365397285,0.0003690867151826538,0.0004083451688927653,4.316026426121056e-5,-5.563835551614105e-6,-5.037102844096357e-9,-9.362508282539928e-9,0.007689584857871523,-4.595956561636791e-8,-1.7754002404668512e-5,3.6147275634945686e-6,1.6252610191447303e-5,-0.001011435875909683,1.7327237528785844e-5,0.0017787597048481985,-6.81932499668747e-6,2.3836363768126034e-5,1.2263939709100669e-5,0.0008243576176028,0.0014526860647947615,0.0008382487330891308,-8.613631921443321e-11,-0.00015970754247973673,7.685041755856048e-6,8.527406751535592e-9,-1.3829201826048854e-7,1.8561000294646618e-7,0.00029302912696493877,0.055682275764411315,0.06597817911097081,0.0003297293020523284,-0.07913995709532173,-0.464623226900585,-0.019288190676888917,0.00015204068506591284,0.0019151293495269783,2.5031267958830483e-5,6.682730046136953e-5,0.0006734715807397151,4.090808116874456e-5,-1.7773852583502503e-5,-4.734939222927892e-7,0.016171436032891506,0.10687107656849548,0.003178534275320999,-1.0331227385043662e-7,-0.0035024486442125635,2.6708953639320576e-6,-1.4327016367027268e-7,5.057125522789363e-7,0.02727372889785329,0.0035146103207353008,-2.4202149776896692e-8,0.00019214215390661593,-0.7755491203279234,-0.0005439224075871607,1.046136193351508e-9,0.00018597405073705886,0.0006438926112508625,8.983682939445181e-6,0.0021588952412230356,-1.2632040793936206e-6,-3.124975777590855e-7,-9.481427510754648e-7,0.00010991388243297706,-0.25132353784283623,3.998793504011999e-5,-5.1392294031504804e-8,-0.4493469718290726,-4.23817205241761e-6,4.365285936280827e-6,0.06689436241867952,-4.516713034510324e-9,1.5302367117442373e-5,-4.520557353795973e-8,0.0004138985671033879,0.0004610304022207856,0.0001804689458921871,-2.196100986928684e-5,1.0815871884575778e-6,-5.149425717831946e-6,1.5567406887462276e-6,-1.0957765247815443e-6,-0.17990339490643237,-0.000147175686834089,0.00010111349854824425,-1.0254823763489185e-6,5.715743081613489e-7,-0.1365822920924984,-2.39624042119857e-6,-0.22525896842125803,-0.0007039352396986942,0.00045825988684100594,0.1330819369177334,0.002345751307075261,-7.759966017595321e-6,0.0038613889062162343,1.1079490320753393e-6,4.282581833603416e-8,-0.012160994068835862,-0.0004351851526038786,4.245025303495353e-6,-0.006860389599751215,2.2317394560156245e-6,-0.006818866357207298,0.02451332163764164,-0.002933037918410264
