-0.009658462247557509,-0.014249096235289471,-0.01487120273122855,0.03743189892702503,-0.03856688263476826,0.0033723587243912334,-0.10542275931948097,-0.026860905845751404,0.016706219942534517,-0.003193577677848225,-0.018187877018362997,-0.003913448415687526,-0.006412826509404113,0.16384569218644174,0.001059334646924981,-0.012070072202618576,-0.0021832160964549985,-0.011083536108799308,-0.01378720837601577,0.040889254006287956,0.017035071216923825,-0.00019149204581481172,0.010190728622546885,-0.00997508221064436,0.0044201936516401474,9.34118875193235e-5,-0.005452696347674646,0.025349532303607702,0.018984595975780394,-0.010833428164914949,-0.000633021159501368,-0.0034095368482667254,0.0006263434460151984,0.0033206915904884227,-0.007255713478116377,-0.01853884461797861,-0.10961983531200303,-0.006015091718381882,-0.007107503582574282,0.0036369843346619746,-0.000656534685731458,-0.14925371728895698,-0.1459497070627549,0.005736697284419279,-0.027524691471626284,-0.30361148378869984,-0.026020975795290724,0.1546844294020957,-0.017618611056605005,0.02971266262647987,0.0030244881295402593,-0.007536132191944489,0.1499357176526246,0.08810187081780896,0.034067130581547644,0.18861795116208668,-0.005214004857634791,0.009187926730191975,0.36386288607900497,0.01628983406772022,0.03408600433249376,-0.01269174389562977,0.004007785536032316,-0.010170748781092698,0.10558030767469972,-0.015161990288333982,-0.016369279126365655,0.011446816596617282,-0.02260001970898884,0.011807117783973808,0.006944077182197361,0.01130428158239738,-0.05857168540478597,0.011087969745858572,0.019221718599510496,-0.00854339791771963,-0.1407532546818402,0.011403868380511994,-0.04579360460326143,0.010413393491035094,-0.007339541724832088,0.015854795110499253,0.030126598494462087,0.08291657098016003,0.0025669758420008293,0.012431817366632458,0.012204538711614532,0.003295873950094119,-0.022045418497327773,-0.0009997100896725897,0.004531547740043607,-0.0045343049987423,0.0014631436042691348,-0.006301045616510237,0.016491805243276758,0.0009935128482538857,0.012437944171324489,-0.007372699499683222,-0.003226517223879455,-0.009831378363969634,-0.01059610471085648,-0.011657077673135063,-0.0014632431921199895,-0.025797582091399818,0.010325541676138528,0.10825328938881285,-0.010248028764181072,-0.1584705947243492,0.014177559399513484,-0.006557676605723373,-0.007836056527594337,-0.005252623323031003,-0.0029035016627858568,0.043228857089161465,0.03509322476020316,-0.0009604888291505631,-0.004824101217309362,0.004660454513214063,-0.0032755433376223664,0.0633116659719235,-0.4669872027079691,0.002538173474931682,-0.0008795277435638127,0.009479380036736984,0.014449977992626373,-0.010227545963090279,-0.03350487248690115,0.06539628564132727,0.1264987314280006,-0.023464510559961127,0.012814496341889026,0.011656551938358461,-0.0019312954837005236,-0.01846665821449278,-0.0004618524071702268,-0.003640136935246119,-0.013909774437706801,0.030828662027488463,-0.06848646014623228,0.034051584312692285,-0.005720552666389267,-0.007844222347557661,0.22454119062876998,-0.002546000823031136,-0.020695842711575096,-0.0007293691210179531,-0.00881177816336276,0.0009045805900314008,0.5962601672945311,0.04154197534080595,-0.0018990054195455741,-0.013731577440921683,0.00043511388093975256,-0.05284247043346113,0.01712409941410442,0.0027036022202082677,-0.017819759479152708,-0.0034375914592601475,0.14981303361037135,-0.001959978686500108,-0.03559260426845867,0.024952763906213704,-0.0069253337318624375,-0.256708718581649,-0.004010418701000162,0.006370134942699224,0.01801432261163427,-0.007146296103201166,0.1375064589738031,-0.007395527403787128,-0.011197689246273512,0.03183605257254385,0.02346043104171258,-0.012092189602299186,-0.007777770095344749,-0.03517219485365786,0.0055611433795093035,-0.005830453415910597,0.009858861832071852,-0.008779955140198581,0.0013745015330641763,-0.010656615708739992,0.0068507501846397645,0.0010103112526849145,-0.0015087878027770785,-0.014818367119005416,0.010061435351417458,-0.01021609221243125,-0.49722146822023205,0.0009984369994526787,0.024584772632806562,0.007171164605551894,-0.007211883668560404,-0.026227749408690215,-0.011682326556183398,-0.003908784958184697,0.02417495470808717,-0.019543541418897803,-0.011428170025446605,-0.010673310566289729,-0.015121242067834828,-0.01641620951522782,0.00774422781978501,0.0041848657547234325,-0.014172775291626749,0.0510974494382026,0.005474908743053675,0.009092528417568246,0.0018366529567401813,0.024137266827892745,0.005208908600138784,0.001863932344576824,0.018160069091209152,-0.6602026198379463,0.21698555622970161,-0.003728698778758144,0.013412966929081449,-0.0074392228189026355,-0.005020069738748134,0.13056846626932384,0.0025516479495308886,-0.012006996847503615,0.22026799340892467,-0.02831255904311547,0.022938402601596408,0.013717087827899377,-0.006567195809111581,-0.14753638791444246,0.003439982418967702,0.008108375022857217,-0.18760931837641692,-0.012351894500170602,-0.005465748361075384,-0.011609570756263565,-0.022417631300413632,-0.031098103303975222,-0.011674754536215914,-0.0013607782507278898,0.011164111146172218,-0.020612114834875683,-0.01780136876823235,-0.003564273902156856,-0.004794864635641716,0.03898478254996007,0.05081330033681297,0.014340113064463367,0.0037552478888756013,0.011092580414697295,-0.053834419867257566,-0.0022134900450225814,0.18358090227775392,0.02244895042895223,0.017072088564418664,-0.3368542745229206,-0.0027794169282060466,0.12716101580079453,0.1266716926738809,-0.017416760600781345,-0.030063918355153874,-0.009860048434291002,0.017420864523501223,0.014148913348435599,-0.0031748632000017096,0.007018984996648214,0.15189247712987708,0.00017843943442130694,0.1036843510610197,-0.016830987634421035,0.00989513272907061,-0.01304031093559388,-0.00404500558579457,-0.014440907230891753,0.008795076054411766,0.004531154056166997,-0.002762053072274284,0.016551972276374727,-0.009537050982771689,-0.004607264234437025,-0.01637778545227775,-0.46691390424530255,-0.23804326745448634,-0.003637397262536979,-0.01101769773322303,0.032012008417041216,-0.01088554513444251,0.014635735304182163,-0.3656750968002598,0.022305661317659542,0.0053511632572735834,-0.0011995241184195038,0.0074770081261021915,-0.017223106442543212,-0.023383785947771685,-0.004688207989602233,-0.0033959324432544236,0.09271584712678305,0.0009134867386819678,0.00412270734602771,-0.020379363760184788,-0.014072367004700936,-0.015037450844829436,-0.014978836985392263,-0.028690056406048825,0.0064645147540431935,0.004218153890178655,-0.01598333432139043,0.0007094539218996943,-0.003924402832126361,-0.001753250611727708,0.009185897179122549,0.004395077921799384,-0.004827957913903447,-0.039576864499395015,0.015201077085180259,0.001969986991753103,0.027027646501665004,0.012785687671566848,0.012605433120370435,-0.025842516461125342,-0.03858566099006566,-0.014281249128544005,-0.011894295694219181,-0.005171365794012672,0.03410555529171688,0.00037175556462898385,0.0056870873959269375,-0.02439305809457437,0.01293035201888415,-0.00038950986368035956,-0.007027074077768702,-0.0016861521179407646,0.01699309254945547,0.18038741255077184,-0.007139721841667779,0.006377049686307146,0.00980371274818026,-0.011168106977038406,-0.00807974444046522,-0.0064955539237416815,0.0027278178540655063,0.0010598947501421208,-0.001604109246727603,-0.2772619775387284,-0.0026544256616034545,0.00042059315063625036,0.004330523060161795,-0.001248941826816008,0.18906496961790253,-0.003379962587132468,0.021297822044402892,-0.014571119150900813,-0.015284586671441502,0.07525036067727342,-0.009835740667767823,0.0011165189544044551,-0.01770304714773374,0.008755755207857874,0.2513649888414875,0.3472023118195011,-0.007519481659983285,0.0216040491336571,-0.00983878689157791,-0.08678881164451013,-0.06120312150596874,0.018242038089738344,0.03341911127790809,0.015061741538374918,-0.0069826980852667475,6.55858671052556e-5,0.24251710059888865,0.3494168419656489,0.06471183864957197,0.058192324606352486,0.014258305250223202,0.04566197819622175,0.007510406809160486,-0.010998972083143599,-0.02140323965159041,-0.005046623560701846,-0.005809268961456837,-0.005234507769500851,0.054779406636953354,-0.0022600418305955827,-0.01064589109228109,0.009256267346245295,-0.008577550153859193,-0.0036514087032628595,-0.00825035670231955,-0.025583502586414397,0.02354872646359496,-0.01152181055113033,-0.010580625721559045,-0.18014953614692786,-0.005975270552880829,-0.01429160732800483,-0.013741086192112562,-0.004560964956681346,-0.004238479519699467,0.0015913188567537873,0.012881342633590975,-0.0010446792875882238,0.005968635445242398,-7.48651127651101e-5,-0.05341995723574655,0.009410836620219243,-0.005383364929684831,-0.02012425987959432,-0.0020705975257442333,0.0016642668188069365,0.003979989800200201,-0.003533394794430933,0.004004401413112646,0.012178628870060493,0.007764321571357868,-0.03126215443342062,-0.012721964846150513,-0.012506197987818268,-0.008603676614939104,0.008381050067555407,0.00031571338757885314,0.059195555714723014,0.030661455361268963,-0.017246930343389977,-0.01556928070590402,0.022637409645540174,-0.012892395471226337,-0.014119641881734424,-0.005539013176530716,-0.02182506174358423,0.024736315492191352,-0.00738085833745572,-0.010405077582618105,0.00992719399255293,-0.09083503340343668,-0.010744481211986567,0.01611992517246108,0.020139094259775447,0.0006336121368804015,-0.009412768906258862,-0.002771385024061601,-0.0012075934857875836,-0.003432304229434635,-0.006723825908920844,0.012998269266972784,-0.04989643028648061,-0.0008024397483268331,-0.02836582799682219,0.01658212508482393,0.009942745083208138,0.0023676881382925785,-0.040346290955312725,-0.026320050895265013,0.005353194481358514,0.012964895191544201,0.03779251310334075,-0.008022917734706425,0.009025610972912546,0.18076661139457428,-0.00844750823762297,-0.00018470752911525778,0.004459042903363297,0.01311334994079516,-0.029098401468445445,-0.00855063814742607,0.2817432219035254,-0.012246515672813985,-0.013704829926609818,-0.008859818971359346,0.03342527918903215,0.010075896685521002,-0.14132741955836536,0.010482154103328867,-0.007951832103572087,0.010536266172493924,0.2786082092743527,-0.0013686856813137638,-0.011438241536325222,-0.008826494135064422,0.002716202468945994,0.012082063284651667,0.21848002788465237,-0.017564940713782562,-0.015020527214801405,0.0010562627667241031,-0.035877426436854876,0.011316500713292044,0.07735758345734212,0.05142497052656836,0.05365437530781492,-0.012218019146757797,0.003751485339307692,0.02778085761838156,0.09424187263357453,0.009405563079781132,-0.0009624693911973736,-0.0011422173106439004,0.038729666511301275,0.023775698502504383,7.211870979517698e-6,-0.01036778168509045,-0.005289867402098025,0.03891958647636784,0.012507930978244985,-0.20328079678984068,-0.00626746968828229,0.0028286725282669067,-0.010476370067408425,-0.32997258739487734,0.002204284343292784,0.004722852777945263,-0.010433349971208372,0.000891289057335598,-0.011712040230122511,0.01713874530923931,0.018949741907817952,0.01705002492053609,-0.02234447074624768,-0.018075247879096423,0.00853928644937696,-0.01342970586483716,0.33235906754134703,-0.0015708798050582118,-0.005676438187720123,0.007025071020507312,-0.011370003193633238,0.010608573350509687,-0.004241247890604427,-0.001837221969140046,-0.2713273516492336,-0.00116582213570382,0.08320685277794837,0.00015056972097227117,0.08178980527191015,0.07110665386426263,-0.0053868576339937135,0.006442899896910603,-0.010478286472789478,-0.03503687143620482,0.0009125510387093527,0.013000165293306054,-0.021949261424651922,0.032464671060552064,-0.3961846602833248,0.019665160300974094,0.33055402931859135,-0.012397036020956875,-0.06711870253639063,0.01650810829050897,0.10760585852312943,0.023261726313648978,-0.009732171983387161,0.004475375245419855,-0.004086007236764999,0.009026754250953672,-0.0076500379186654754,0.00258473132726067,0.3729944677470485,-0.00763361637473281,0.013641473393363412,0.019531564865701512,-0.012819611842132872,0.0035740072635235265,-0.016775299225173512,-0.0036701203498523682,0.0106213051276427,0.005891790365240013,-0.0006245882507300848,0.07479710309678467,-0.0007745079972210078,-0.0017785533059395675,-0.024617091707114014,0.0058578314374244655,-0.012688178588973642,0.0010689408672988066,0.22484791353599576,-0.05232047853678523,0.014359977323692874,-0.013005865046579856,0.20332122477884695,-0.005370336518808472,-0.004399301705234393,-0.001629761774495364,0.008896463239580044,-0.0008598534559496329,0.0012423405148638267,0.0027597784392128233,0.35528357418149525,-0.6319891405437374,0.01585198000248056,0.004580811867299417,0.0006850606110333501,-0.015068078213516856,0.006925704512553921,-0.0011530726395676538,0.2327687152710496,-0.021262443297018763,-0.004500656280924886,0.01928199110625428,0.004382733886814094,0.016224087714363122,-0.01752172235501348,0.00010575057240203023,-0.00026041752698802156,0.020551686779072043,-0.009419221531970834,0.005955465564511542,0.04568477998509479,-0.021824600570198527,-0.0015881309391261311,-0.002218595809154067,0.03563793710418395,-0.0065611132713456755,0.030945247461318104,-0.01871967624174431,0.0005100939295061835,-0.004615793941411539,0.0033050621381107703,-0.003892192138664541,0.015099723874300253,0.004462129305920826,0.015694719796556456,-0.003930752626729372,-0.0005295232422213303,-0.008387844902244979,0.002469422039212077,-0.0017478801046308945,0.0033209479320248647,0.027165840971690614,-0.020848368571023457,-0.011466963208022207,-0.11158273004002695,0.10611942647733486,0.004709949163952842,0.025387493160451413,0.011959902519265597,0.007500120975237223,0.00494037555245086,0.01691672223387286,0.032606842836685246,-0.011686386438668706,0.011413028403694625,0.0030428086407709998,0.14207895257277414,-0.00021882711189391557,-0.015354359823504637,-0.0774796475425319,0.000519270748100098,0.002619352855390389,0.011074356293192977,-0.007375671284535201,-0.009648977727010788,-0.018558741694505443,0.004598560839895072,0.0038837279589643003,0.22618451130620087,-0.004438698651028972,-0.015086407023773063,-0.0197182346801128,0.0012941613040311495,0.014200136489307624,0.017931912509084214,-0.08298938621192065,-0.008748626520059588,0.006857467385998461,0.014297188979981001,0.03060663662836305,0.03871924847499031,0.01949002681976708,-0.033334008265228476,-0.007897236501889893,0.01174676846494549,-0.015706386124293203,-0.011177204660498319,-0.009817177656259446,-0.00020434220368770184,0.03938295066617048,-0.03428958085987688,-0.011200644770724466,0.014001753350385115,-0.02090298492475995,0.012325713377322245,-0.027340976812979534,-0.11649285496184802,-0.0017669963981461478,0.011180608861877772,-0.0051420429376776156,0.01299262488646491,0.01000265363654762,0.00481947990374465,0.009857318700937867,0.005230646949712536,0.0035363788138056407,0.0037973568221332243,-0.00928249943171977,0.014284945153121953,0.0008199985895771533,-0.017429647283279337,-0.050918764136440586,0.02816481299305451,-0.004737146970001049,0.1155384213141133,-0.0146040564040959,0.004343763823271729,-0.1121955268658894,0.08820083946011437,-0.015828002135549468,0.017255895036669244,0.2270967852594481,-0.004418801984684251,-0.029797748232340382,0.018461736917515736,-0.01030301795753985,0.04260938646984869,0.21684112408001965,0.002927650286892458,-0.006447575768106617,-0.009813224428398826,0.015883689532529388,-0.014461810051216162,0.024275525704069878,-0.00037607884519275103,-0.005464209742058301,-0.16770149264266365,-0.04202055777932401,0.3371875702887337,0.0019077326328442723,0.0045170578728175315,-0.01294326924107736,-0.008558326411730377,-0.0214352394314119,-0.0036892478901791037,-0.03086427817652293,0.01520692284884717,0.20512277255693334,-0.004022574242185328,0.007222783352062834,-0.02179197870873395,0.008930428564781323,-0.0016994716934277676,-0.007276670777173422,-0.00866344028554522,-0.016292993947786272,-0.002587021079762053,-0.0012585198875285641,-0.003763485567560565,-0.008847401203183836,0.1591665140913392,-0.035852405297418954,0.0106998542414658,-0.009364033459860366,-0.04550608357590136,0.25750740708826925,-0.016705600553450495,-0.00526062185781484,0.7484983955837379,-0.004097881282632443,-0.029186105328335543,-0.019621906628344732,0.010969929144266644,-0.004980137025540898,-0.004443431496838457,-0.007070604207342512,-0.0034374713052329753,-0.1080554339041555,0.0172375259180626,0.02756758620398614,0.013511551823285117,0.016489033549532905,-0.010605813489291904,-0.0024044941023930733,-0.03027977926535641,0.006643944568168081,0.004942291671795829,0.002119931399874986,-0.019577411528644006,-0.013959833258923027,-0.014610351975079539,0.028998827936447924,-0.00043659505172399804,-0.025737947095052505,0.002408759155514417,-0.009429009725181459,-0.005381175687034556,0.010706892047892325,0.14374360127203545,0.008695568794792052,0.005075215822216705,0.05530122797790682,0.11423433157233376,0.011607850861764746,-0.013107528477050323,0.005283254123241932,0.04696151303323859,-0.002222413408162538,0.0026602595953590935,0.04827746557202772,-0.010556497408288124,0.011360542005604657,0.006533889045497787,-0.0017871339960038313,-0.022876238370372448,-0.019752297282138898,0.003193073377588007,0.01589697003510082,0.003184868946846109,0.00444567162412568,0.027861627983838844,0.005490356874361169,0.14239637447529674,0.012738352708765888,0.05788678417047777,0.010462938982527703,-0.0014105907198427303,0.002129534056621196,0.00044127467617727234,-0.0010644723133736989,0.004522786024608649,0.001553352839891886,-0.004117897027754225,-0.26433154092228506,0.002075224081181659,-0.003232484366890276,3.859443313558586e-5,0.013278680089570116,-0.0068296601666588685,0.010465213500538084,0.007758552427958421,0.19887190364534035,0.009402086304817203,-0.028536046063891263,-0.012775442235579249,0.19752553007674578,0.015664371618186124,-0.02994421641142253,0.02552607786219596,-0.007320624978497392,0.003418400001919508,0.036481611110502854,-0.013910129035139107,0.0017648940818730807,-0.005122360687892069,-0.003972911078562902,0.009998731671657879,-0.0113364974513388,0.05509487431845628,-0.011073755114921369,0.01464360067348025,-0.017529606298921863,-0.07645106099334953,0.011792294843644413,0.016132636836118763,-0.22207917378545972,0.010397121234291262,-0.008949618046244723,-0.012707414421129215,0.2723530265648151,-0.256105706350354,0.0039112799854592595,0.02723923072699108,-0.009521163649878872,-0.0022972012180844104,0.0051228713482487365,0.02269420273387368,-0.005198028700760915,-0.021358794125262648,-0.011377898408682086,0.0018893561423283245,-0.43615424471499864,0.01491023556991422,-0.015292351487914857,0.009860508884003139,0.0894603028682468,-0.012165699543402297,0.015731512908359946,-0.1838264008565602,-0.016906666758586653,-0.4814630140608642,0.03687607397114334,-0.007301314830783667,0.03843384270930983,0.007402379419545468,-0.02124843364777007,0.010119458640474477,-0.0037095837251399644,-0.02181084752189122,0.006984875689568071,0.002500671380403219,-0.04020907222997039,0.00029497551258828025,0.0024359879753319547,0.030896319050953025,-0.008010306479263818,-0.014319692819753982,0.030887663597241044,0.0038374912164726993,-0.0019069207746724715,0.000304651106489473,0.008779261447216413,0.011585464156269154,0.04276169508509042,0.011035182277737476,0.001151869694240304,0.022178594110755512,0.0007597375306431786,-0.014184839779773029,-0.02134175350533951,-0.04166456142354491,-0.005879087881112355,-0.02162867142169489,-0.0007673557483940385,-0.03050808149509976,0.003531374319209135,0.010019116559192298,-0.002171411452764005,-0.007494818262784975,-0.012166859912213113,-0.009912319827890315,-0.00808362003226648,-0.022345578879139794,-0.017837265564594418,0.005847756567163742,0.011365238162397873,-0.026121006408516223,0.003792728246480692,-0.007728878443572285,0.012201524492411409,0.0350473661255819,0.00660307101077251,0.06353297956616188,0.028987007379328134,0.0021250931558398634,-0.0031759106259414693,0.0061755931747029535,-0.04835286411253037,0.020403566065397172,-0.00576433456558334,0.0002373831352997513,-0.0008381906836802955,-0.004597573832143098,-0.02888117026304826,0.09774620222424346,0.02702319130366959,0.002040448909610859,-0.021377465432124154,-0.009177138836093945,0.014912491014911211,0.010715805396102951,-0.050822105865108824,-0.025934784891660456,-0.058498272808719776,0.025540975472722494,-0.024930869653871923,-0.013805535030769533,0.008404646140661498,0.01175212411362736,0.003966244621437909,0.010395247793439921,-0.01995190675552294,-0.021008574640291044,-0.005459961694214144,-0.003760249988772557,0.004192796892766637,0.000529809116414981,-0.029667086881090654,-0.002150143306607788,0.018242490791635646,0.008415061376581434,-0.0025784071713133017,-0.013458273387186637,-0.011983175327259232,0.05126132065834099,0.019418323464378773,-0.005948956718782483,0.004245823754899902,0.037676679634387256,-0.006668412810540758,0.013585462092123635,0.004082365649082931,0.008352364398888312,0.011942430417548167,0.0029530042558860714,-0.002405409094251354,-0.003158383726258762,-0.016716665599233238,-0.0005806014553400018,-0.02507814272075848,-0.02034744964021229,0.003890728747819594,0.04816401838161255,-0.0242652833712782,-0.00026848377274291124,0.08410105817347358,0.03899539449594158,-0.008646254690120259,-0.009578373557815212,-0.019501438872794097,0.005981667679634484,0.011673185513245699,-0.0038884066452737898,-0.022678722661567008,0.00649884903759812,0.004558736781291373,-0.0047183386368487845,-0.004060385319917259,-0.05538431394199961,-0.007494234240766673,0.05034394862377667,0.016336726605459262,-0.02504153527706876,0.005671323217029567,-0.0029513222816603957,-0.09040543118680944,-0.022859485129714585,-0.01147274856975855,0.004749044229356514,0.08893253825590364,-0.04461455402906722,0.011613284283157554,0.15885741368947492,-0.005027169523600605,0.009697224478259159,0.048105446845511324,0.02216837806190597,0.004963880544892163,-0.00929064937554358,-0.025624280752708728,-0.018095448907388345,-0.00396789585283841,-0.0002961124782814295,0.009083701674171607,0.0001262798762127204,0.0054718354276701575,-0.002024723042268306,-0.02263556948673795,-0.011453452134446707,0.002812073442783003,-0.0060461671650955395,0.022879110393660085,-0.009038078328558186,-0.011362631673364376,0.024216649411755498,-0.010264137872582069,-0.024501709929609206,-0.021485513402694778,-0.006975715210501221,0.005977611710477504,0.0218166687750454,0.01633224504757891,0.01640543081668966,-0.008448553456219088,0.013845946619767346,-0.014638200680565205,-0.0025602081514080055,-0.017502008305200434,-0.025497484607512888,0.009317190022557043,0.02117768478638027,-0.02081447559476146,-0.005872851740605256,0.0006140529749245616,0.014093495594011074,-0.0031097686653538403,-0.008685290044013527,0.0062789808407615055,0.004517142458894341,0.035021021598254265,-0.0025626953229220817,0.013470988804328954,-0.008029746333988896,0.004520561167282722,-0.00437070120642602,0.033428499159981584,-0.017773568199118017,0.010216735737458293,0.0338716139913231,-0.019315733769872168,-0.009883164791062882,-0.010502153886164933,-0.0017352432246298122,0.028976355867598613,0.014839449655482895,0.003549037003722333,0.01321323823685816,-0.014018086079886416,-0.0029019280577813333,0.001253221675142413,-0.011339237418724224,-0.025388262055457744,0.001589944384249975,-0.023385454680465045,0.00455142586497459,0.0007393265113933012,0.00492085225783967,-0.00424320674756018,-0.004973180641854924,0.021051938208870524,0.01969151595403673,0.020349412092855346,-0.0002751016763795633,0.01681253216793266,0.007137989248803933,-0.01312616505765618,0.011815873793239007,-0.00829595683626394,0.015880837227086886,-0.006535404225132879,0.031060979658832366,-0.01477981858261046,-0.0034408584217544558,-0.024170115057131625,-0.005534062095648551,-0.02748820499186877,0.006901032153109554,0.09214888908536523,-0.01719545818923507,0.031980786687199725,0.007973334187511227,-0.0013015614586038282,0.017115408764311724,0.007016521067271242,-0.013226392058641068,0.008551104123398545,0.0317757297392518,0.0037132392571948003,-0.03486284539394546,-0.026353636603744235,-0.01052253831244343,-0.019775411904447537,0.015366816316600307,-0.009707297611385002,-0.016374673848986276,-0.009922835161887633,-0.044398234957043314,0.007083276768980795,0.00774471631666529,0.021614478686387883,0.00695201296457526,0.006342183227388887,0.00039192633630591445,-0.006441765926865628,0.02310559607576579,0.0020364681477076374,-0.03357045823122462,-0.006620142485189717,-0.01100927345942182,-0.015657817197279655,-0.013012872201670689,0.008927683721253743,-0.007229889539303258,-0.035457380776279024,0.0010840350857392878,-0.03198910108585551,0.010300076079147402,0.026945484107272932,0.013621219887681946,-0.023561761506243784,-0.01741100179788191,-0.021831325393577572,0.027739620654756436,0.009281551745516481,0.03992358995713374,-0.0019065213164140005,-0.010471168243384454,0.002734505922489916,0.008946105527684267,-0.048346619053518225,0.037114474135478304,-0.010630551696522161,-0.018581288160930853,0.005968271449091844,0.007887770849720255,-0.0024819436084726476,0.006121820723933524,0.009061817850351872,-0.01456824691786096,-0.031946555065587745,0.05644775047946382,0.0189308851943224,0.009243999293175875,0.032533241419514525,0.007080495048285229,0.013872544721380109,0.008415005763026784,0.0036840458437836787,0.002645332685460744,0.01793956057554169,-0.011050662400180045,-0.016915059268285404,-0.02665089648371577,-0.0005846502631356998,-0.026618149519777035,-0.0781923089416523,-0.010446855681038869,-0.010475415681867162,0.034544637013823376,-0.016569960119340976,0.046931067496188916,-0.05369037167292845,0.0011483985645099892,-0.06744179068846279,0.015362823252871749,-0.02846719241961182,-0.0029266698534229363,-0.00028709263324344647,0.00012056541481797467,0.009604266806491069,0.014075223076360999,-0.005818499434326441,-0.012007536954115494,-0.00013859195314580575,0.004994273474949296,0.02703208592674855,-0.02899012704119741,-0.015591712963214377,-0.02151199910622381,0.01784373528789729,-0.011924650261789793,-0.007125208823708817,0.0077355449575406965,-0.0195165015393286,-0.01435154032515129,0.019773965512740688,0.0036148940953353303,0.002079084485558269,-0.0028059504693374038,-0.11945661695790477,0.0074594994403014425,-0.016445068553366582,-0.010411283674329752,-0.02210124928751611,-0.006633285156112834,-0.008481995474539872,0.015096197618731821,-0.21005111911017593,0.020589612774529087,-0.0035713138371420428,-0.036601557893391146,0.06233494343723578,-0.018991781923432427,0.009557858272728481,-0.001134382413511048,0.022371904809006082,-0.0018185006269959558,0.014518853393383324,-0.007613761551510834,-0.006686495136364101,0.013887818558941945,0.005693161885801601,-0.017359873768782563,-0.02860197213567517,0.00851654209645858,0.01751806110223697,0.0627367350489294,0.027668956438446912,0.020850104236160405,0.003491611652634674,0.012191081090350053,0.01102666884617065,0.0018980048075718514,-0.0024301173416461097,0.0015958309737698073,-0.03745009744307026,-0.03270599492134352,0.06610494722553995,0.028127864874022634,-0.018016728370184865,-0.019420301618083613,0.023974459925284464,-0.039833769216784276,-0.006127653714429471,-0.006297482028458035,-0.030123419403025764,0.0024964823769551003,-0.005782163088952075,-0.006718360951708746,-0.010055315744466498,-0.0017866070456875605,-0.006579095976121607,-0.0038539908555321745,0.0008881346620910335,-0.01166179064125572,0.03819777878201691,-0.00982701118073237,-0.030335881039718515,-0.005913398945267545,-0.016871398634975776,-0.01986252502138086,-0.011730871457984904,-0.02120831606316642,0.008198585948775872,0.12112817844172241,-0.04334387829658226,0.05494791732780868,0.02146876584004076,0.018416229639115045,0.014699168523293338,-0.0012368761945253937,-0.002070691105473088,0.010008151453803293,-0.004097257889043249,0.01452191783573653,0.014521609755320242,-0.020895238961202267,0.017806112908147043,-0.003005886862638363,0.010444997751619667,-0.0050326503765063535,-0.0027304159043524123,0.003283827473751444,-0.006149114233267028,-0.011251826498209994,-0.010629896040711628,0.0005545056992559694,-0.018425620145535504,-0.03956970430408546,0.026662230524948427,0.0010866995930882695,-0.010856239914119215,0.004152164607603481,-0.004467180368010304,-0.01765685480677348,-0.02741563841664174,0.009377035706847892,0.009226494174527033,-0.04047954802035747,-0.002336831575121323,-0.006095399010973779,-0.009629002519204732,-0.009300701684878732,0.007546328379930856,0.006598509769219163,-0.021038685172243277,-0.0005553127330131247,-0.005577361370114886,-0.02795253855174451,0.05677946689775126,0.0006232792729861103,-0.03475268106012663,-0.012982095403458516,0.012677420299951336,0.008170759407477135,0.006477296545199351,0.015208473862003302,0.002199217190991476,0.03085950702734408,-0.0018055133159577963,-0.008681919802256743,-0.026976750800258742,0.03829680907892907,0.011337422089013671,0.0117150756477713,0.002650143667779048,-0.040178725417263195,0.1838933302336727,0.08918046081089415,0.010880464771616971,-0.06582139729653136,0.018260785257098178,-0.024493807516137167,0.01903016193136864,0.002780832111966447,-0.005310314717462461,0.0011304585953837432,0.017785709242048142,-0.006586894495740125,-0.008109031692526969,0.0017510904517621384,0.019064007623455836,0.00033405931753804907,-0.020713166109544545,-0.01895257663272787,-0.022749625148662744,0.06979857445878679,-0.0039077476221791585,-0.009821977071169385,-0.01938051969955268,0.007429103176946228,-0.04203866120951716,-0.004418020829234592,0.007579902599900379,-0.012914708866446745,-0.0015190221783996094,0.006075583789424854,0.016976490763227048,0.012255799806553114,-0.017960504786969977,0.013345316952836583,-0.014042637050806661,0.01527257954057859,-0.03104124474384662,-0.0016428193266619928,0.00805520419817185,0.02265236525408909,0.004286385260456882,0.02846712242171634,-0.001585821171374846,0.009632255702854309,-0.007341972223002813,-0.008183214918972226,0.0050492935170041164,-0.022513249317171358,0.00024904996462282725,0.028172094622277655,-0.01816321918158792,-0.004802981294233177,-0.013656814728165045,0.055688096732410486,-0.009446264760924805,0.006150381215775269,-0.01924729034817574,0.0012421734213603486,0.020380298905365635,-0.009432560979348636,0.015633675679964654,-0.020855262243458128,-0.012957259703057389,0.0032216282043009414,0.014809157028139452,-0.012495657581894193,0.006555258151820453,0.009891904999676626,-0.020252640284525114,-0.012287133147765417,-0.0286056967015611,-0.006968436774513975,-0.0003699015912843606,0.019981728803486476,-0.025683731803837873,-0.054825466770125786,-0.026620732027140548,0.005217674989580701,-0.002768406273389701,0.02542308622832934,-0.010726003858508193,-0.04225741853042564,0.002286260481014324,-0.043567839173192624,0.03196148413007904,0.0070902680422477715,-0.004480160652747145,-0.0005458082787299645,0.02047852285204499,-0.01057123701866658,0.012437188656349463,0.025906668652169174,0.04119351048939279,-0.01273505692370236,0.02541205775060007,-0.005551725149871345,-0.007526885865445365,-0.02873672368878033,0.0059617036732220186,-0.026294335180864437,0.003150616249513405,0.011333290216498426,0.009220596906743594,-0.006161522745060211,0.03882180872642493,0.011109260693046963,-0.015508936390688177,0.012844084306379955,-0.01246308575605326,0.03293042060613516,-0.004736791813684249,0.004252210734193795,-6.403576117008924e-5,0.18003834659975837,0.033434332138085665,0.0037326238709169957,0.0036594589491869556,0.0325712120757089,0.025984859418713313,-0.013500984206984867,-0.001845376184064662,0.003982685841037892,-0.0030215602521366236,-0.008076316162146213,0.025537064553645905,0.025773886018214398,-0.016298809870590958,0.015217468368064146,0.014627015315454628,0.02772084366552008,0.01233908098174652,0.0047449092444367125,0.015561782231088728,-0.0003147406323478208,-0.01385453228795086,0.0021525461884266406,-0.030055548838390678,-0.011526684935233789,-0.009590075516825891,-0.011134424405099708,0.012767631981660088,0.0015212234793580137,-0.011378031376807485,0.025387135798155214,-0.017368733270586745,-0.03140863959015405,-0.023263658138603205,-0.0242101698568149,0.0016896219494810794,0.0061091930147085804,-0.0022108371331341914,0.025455573499584716,0.0016026129214878893,-0.020237472798953604,-0.03243403213855345,0.050404634974256624,-0.0006360336310535786,-0.02503556140436558,-0.0025068758159250137,0.004298209064700131,0.059681661001377506,-0.020741331233466553,-0.02842345099747945,0.0008172850289156486,-0.025262990260898732,0.005578165928454837,-0.06703074349024973,0.01390656475450669,-0.011427026164369636,-0.040165455663554894,0.0020266840542717546,0.0330727921500511,0.0034195755197288236,0.01472038253041319,0.01623256505899917,0.034123234581784345,-0.0055072952918635565,0.01243629435703042,-0.013038008626608644,-0.07504703876253771,0.01666590996683226,-0.026431660363869014,-0.007567939762338938,0.01340252102068007,-0.03597725535792051,0.009352379587198811,-0.011089764750067843,-0.023391325785269146,0.0035301126677040884,-0.012224638418956602,0.0005930878896833747,0.016590217316434064,0.016765390013461,-0.006886501822464197,-0.011483524263894651,-0.002891457939767861,-0.006242125245535135,0.013698629810960483,0.001966828618606087,-0.029231499876914313,0.024061598101297932,-0.01623393552199559,-0.0010489606183909927,-0.0072519035329605686,-0.006097396119002951,0.04393315515062568,-0.018673556397516222,0.01995005419348672,0.006105786969783367,0.037715735044912435,-0.017752390256646322,0.007360810810723706,0.04752833856082361,-0.009913546894040337,-0.018380852307018358,-0.014084825303143589,-0.004763163888128474,0.017430906890240294,0.008229934655901161,0.02098391852905479,-0.006775802125048358,0.0008942016211221926,0.033337602694246016,-0.022016158727637958,0.011528449643265049,-0.03319507313642589,-0.0028605265251826495,0.002663077441184214,0.02950254362508531,-0.026093462873177486,0.027249536115050432,0.0034783968999363424,-0.003967678086155502,0.03021022481016189,0.023858043050495326,-0.007807013261299289,0.011136646668091998,0.1361631243780721,0.000678018239341327,0.0019021331772819394,-0.0016732757567297085,0.02422630929868319,0.01281116152767936,0.006830572952821967,-0.015865276957416796,0.013522204885703104,-0.0012491422959328702,-0.034097124051186256,-0.00517370154375385,0.008196168059612319,-0.011631354189830745,0.03519165154852999,0.020075187002476014,0.05972195914910117,-0.04153802868859202,-0.006234443702851422,-0.013486751922755502,0.0044598885390314535,0.004086711000240939,0.026896948965827505,0.004263564035682066,0.009362148590298602,-0.01498803058939302,-0.007971710246238217,0.004555148199415271,-0.013313267098965298,-0.005638761134832748,-0.004528758192464011,0.1297296650145654,0.03409250991535373,0.036008868519274984,0.0685710307516274,-0.001300094631005777,0.006121731453049506,0.12563651439904788,-0.026092645421158522,0.0012808754581783433,-0.006424643444006506,-0.019390496587902817,0.028101255555156968,-0.013209013190589758,-0.01707877268381708,-0.011955582254813635,0.012246155512002588,-0.0036869753794235294,-0.03434225368346233,0.008208776389437844,0.030680168929393403,-0.004251958861232197,0.01502751419411652,0.018660959206329153,0.0003907588870788459,0.0022434755871927337,0.002826324600391672,-0.006869533439385123,-0.0038360017988452455,-0.005113998687647836,-0.004327821199694881,-0.006454119634099698,0.00974833590930757,0.018905642598838313,0.008221138226872426,0.01625664679795591,0.006920900191062174,0.013305637451139773,-0.004380385989861679,-0.005625886323286977,0.04201940726488829,0.0026215399964257813,-0.025523066715322784,0.015666982901166193,-0.07977214781567454,0.006567193103364843,0.018245523814584885,0.018445662923568307,-0.015635615351129672,0.01065276792178338,-0.03867469708529825,0.006643665556339329,0.030252717500388826,-0.02004673252849898,-0.041079940914642066,-0.015817509444786992,-0.007937891372478134,-0.07156102195222047,-0.023907828389383212,-0.013339173739950638,0.09191195131825225,-0.00987648020782217,-0.01972533273828958,-0.01086313049927412,0.008973697089686539,-0.017403851548806415,0.008550963210836926,0.00228276730865673,0.006691430119644792,0.024362104988540523,-0.0066166366486868355,-0.018051979983283672,-0.005849763880974024,0.0037452011474670144,-0.045030624392893515,-0.010876513668335974,-0.010475621033947391,0.0036703910736832768,0.005833627204083314,0.057657307570025296,0.07743739836632813,-0.004053042673902496,0.010915460323303705,-0.011814031302492367,0.051098937849928916,-0.014796378152823308,0.006058831666450715,0.06296830504652462,0.0015837952469155425,-0.027991850763214643,0.01750631907088973,-0.22602263236331055,-0.018497404131267103,-0.017336464614800207,-0.021513485050491,-0.0035986292105008033,0.011697609098426653,-0.0274891618937545,0.0004074766841313249,-0.015210303265916991,-0.01831380151369899,0.009663735085268854,-0.026373176526249154,0.004192553464235971,0.02972796075664519,0.02490871020290797,-0.007699512243561912,0.1183077535852135,-0.013198753252254392,-0.026457030084202415,-0.009564578641402477,0.001790047642089121,-0.011996931771136587,0.0844965737160237,-0.039035923670326156,0.07091562803543638,0.06735494003442,0.015613633670000127,-0.005759491326898569,-0.014016629338584607,0.04415242550021503,-0.01730293426589924,0.01622909738580347,-0.014207848731530248,0.009380658804730047,-0.025854411658656318,0.012562035268274485,-0.007485862744488259,0.009070262497516524,-0.0040292110829796,0.027714049547057584,-0.03182827907221508,0.007884077485869057,-0.05457422112885979,0.02920773305777402,-0.01048914600869466,0.024355514880880946,-0.014353139251397806,-0.012596891461726045,0.0102565043098366,0.001672995570288549,-0.003752405739760434,0.036925304418616633,0.013953103694802849,0.00238699546935095,0.011224265062992345,2.1492850332816005e-8,0.015371058698292472,-0.004573902468109736,-9.017497695218424e-6,0.00010751368602512912,0.0031433933127118507,0.004553338189907663,-2.8533259122554e-5,0.0005876550485481857,1.5513163953428943e-6,0.002429341977403965,0.0010772369682854332,0.00562106941924867,6.590649553883665e-10,-0.002236138992770975,0.00019451077491794422,-0.002389390025200555,-2.045598981870178e-9,4.007871896583026e-7,-3.4682489430393204e-7,0.008909030242648441,9.246063115142533e-8,-0.0014719915179455256,-2.984841407371874e-8,-6.928231585656697e-9,-0.018537193162046606,-0.02112487017257081,-1.5791535511178179e-7,6.489458925784675e-8,2.758872431618542e-7,5.994576823820097e-8,0.02515662735982005,3.837248663707271e-6,0.0001507264900908467,7.531328476773069e-5,-0.08231138806877425,7.353368342144506e-5,-9.068752211856268e-10,-1.0144922071297913e-5,2.7308112698243292e-5,1.9144607424692595e-5,-0.028615721179448883,-5.267621228533664e-10,-1.344826425241953e-10,3.145987384201021e-5,9.246207877122714e-8,-1.373884557336058e-9,-8.850721293016117e-10,-0.10068548739218386,1.0378418230372333e-7,-7.46662533505308e-11,-1.72738454508152e-10,2.0363157391400932e-6,0.0003755060964198975,-8.816086205065687e-6,0.07008621501518064,-0.001961823069905222,2.9116953763619335e-5,-0.05071528144799231,-5.03430370099589e-8,0.0006516655603263644,1.046016772754399e-5,0.00023575500495098822,-1.7568378218868475e-7,0.07684055345089291,2.679537138838839e-7,-0.0011889916210066076,-1.014130123766499e-7,1.505959184910921e-5,0.00027903859250955065,-1.6986641747429587e-5,-1.6104646109738052e-8,7.259386833324832e-8,-2.935352791055834e-5,-1.9556027466838266e-7,-5.7739086298594366e-11,-3.3582508190965754e-8,0.037486424578673905,0.00226217092006209,-7.910538014077595e-7,0.023215858223920804,8.236779900361313e-7,-3.2438956187874624e-8,0.00014015569510661408,9.148590136121015e-5,-2.1762233681776877e-10,-1.9363105447922635e-6,1.7778392589207215e-6,2.5416356125296247e-7,-3.843375430412355e-9,9.515687849281917e-5,-1.510877110089126e-7,3.387676715815857e-7,-0.0032049299297796097,-0.02609265388264248,0.00025971181935346976,-0.00026730564729859907,-0.1153258908962016,1.761674623734777e-6,1.062653258165902e-7,6.654509822345833e-8,0.00017855423564583361,0.002611820108086249,-1.1472477945972948e-6,6.222361959018485e-9,1.5100071513174385e-6,1.1055137860704889e-7,-0.00852948531974107,-2.158358522290349e-9,3.807694044788423e-8,-3.5972186201993495e-8,-2.909079517388058e-6,-0.012029568070829555,-0.1998430101075428,-4.257726703427167e-6,2.016677574934178e-9,-9.928437689765701e-7,1.1258991888585257e-5,0.0003330799772811588,8.422880023317703e-5,-1.858919521785518e-7,3.6670375868297356e-5,-1.040439842961427e-8,-0.03500936847763114,-3.6324525813924424e-5,0.0006951574418962991,0.0004113437785235874,5.627362742455233e-9,1.6985329050374365e-11,1.7521765288686098e-12,2.09437677201052e-8,-1.2155058348728431e-7,-5.117957848410626e-6,-3.3971782067987455e-7,-0.0003361253283173937,0.00079054799300593,-6.869378032375861e-8,-6.645865014753838e-6,-3.4748902624226474e-6,0.016644935103613534,5.605326395818899e-7,0.0007436661395345823,-0.015199370572076987,-1.1727734637645426e-5,-3.4637021170073196e-11,4.029894338231088e-7,1.2300691579897327e-8,0.001292722733296614,1.5789012500211363e-7,-1.1843312940074124e-7,4.184587442779275e-6,0.004995197961761733,0.08693312902778416,-2.8466735702004087e-7,-5.804931035580108e-7,-8.02145334377613e-7,0.0004746417317704754,7.595288631367936e-8,-0.0009491824952050365,-1.2257374883972716e-6,-2.2121713572076374e-6,5.1543702805911806e-8,2.489262806992798e-8,-4.159437015038847e-6,-3.2830479383960665e-6,0.0006687249852745936,-2.8900648032958998e-5,-0.02661744222677953,1.7890582396651311e-6,0.005617582623472117,1.3891865047188645e-8,-0.0546605033960077,-0.06682726486724277,-0.085202871947331,-0.031114083518332336,-0.005754825500844163,-0.015236588340030721,2.7742689578946766e-7,-0.020254897619906842,-6.066045485919602e-7,-0.08324378387987963,8.787123917386452e-9,-2.0868642187574227e-9,-9.958456348613254e-5,-9.590443610818511e-6,-6.16958972585735e-5,-2.937677193518007e-10,0.03209051342764724,-1.4521816783796826e-8,-0.005509057052449862,-0.0005194525529077509,7.920914164571968e-7,-0.0015709860831520928,7.433262159007442e-10,0.0007439089476974914,-0.00019316301028027283,0.005450239550555125,6.746690359160645e-11,-5.250131072075115e-10,-1.3914094545595598e-7,4.804390350388044e-6,2.07229192694669e-8,7.000100668230758e-6,8.706759181187351e-6,0.008814544123197265,-3.0649611364522156e-10,-7.079614761096309e-8,-8.88130539389298e-8,4.5181194208154807e-7,-2.221245877009892e-6,0.09492744586714252,-2.1507832025091655e-7,-8.367106366091726e-8,0.002152276666038233,2.709149696400459e-5,0.0004525925519374141,0.00017231697091801834,2.166777238743478e-7,0.12775074394346575,-2.305379876138547e-6,-2.231011066999855e-7,-0.04033878230620758,-0.00012361084128542643,8.032774189103975e-5,-1.614466526578262e-7,4.177244367653543e-5,1.0412029005646417e-7,0.06649634608766064,4.3736151872017515e-8,-3.804303209953286e-8,-8.680322984705446e-8,1.203796795901102e-5,1.720352316714191e-7,0.0012083113419976144,9.14733555568148e-9,-0.0007059127964339496,-2.2752633596634375e-9,1.328652672771824e-6,2.449707565688186e-7,0.0003903506519691291,8.819880195076735e-6,-1.2989633216275998e-8,5.634970378309845e-6,7.095768062015395e-7,0.0004960320850999622,0.00035314151178056363,-4.9824049538904625e-9,1.1890802318476057e-9,-0.03173032157428679,0.05455934299970977,-2.346749270604187e-9,-9.479709588144924e-8,9.615610217950099e-6,5.365652965494405e-6,0.011904339258762775,0.008265888280220679,-0.017912141360284295,6.667295939302709e-9,-1.0229155644747578e-7,-0.004310852879257254,0.0031339318754817214,-1.7275290469659366e-7,-1.991632772035956e-7,0.0005837193010620467,-1.0502410677237783e-9,0.0009014551367769741,1.0854999274445554e-8,0.000131484094993084,-0.0047676707963546505,-6.844737196587403e-6,-7.799597382535106e-8,4.126069630672191e-5,-2.8040533506246135e-8,0.002078710931527894,3.843604179287752e-5,-0.0032152069823467855,-0.0020358902593216044,2.0802389686380707e-6,0.0420063939263855,0.3788758072987548,0.034999510793568334,0.00042160325673989973,-1.1067430283860646e-9,2.0820491977602273e-5,2.9821400781004925e-6,3.3431018433560666e-6,-0.00022576195615897632,0.00280522496342428,2.09532455386352e-7,-3.800813258569846e-7,-1.1826939765313682e-6,-8.376137650145665e-5,-0.00016326213646600252,0.0012981268141629698,1.6350566589551363e-7,0.028492481524153845,-2.1353457973181944e-9,5.21039551735214e-5,-0.0022017015962774167,2.0643282472310176e-8,-1.9717400705943078e-5,-1.178557738512609e-5,3.4364669887487764e-8,-6.918973406364048e-10,5.8572588923055946e-5,1.3334536302922473e-7,0.03954700271196998,3.438988262161047e-5,-3.061011329075214e-6,-0.0595844344861689,-1.9739190548762053e-6,-6.323304089540793e-9,-0.0004725617657186376,4.735607358252736e-6,-2.795901153263003e-5,7.126032325333043e-8,1.7867275429850338e-5,-2.9572861722115817e-5,-2.2953923373147944e-8,-1.5929969639401353e-9,-1.3409639142147878e-8,1.989004687841245e-6,0.0011477371678836334,-2.5559437118877204e-9,6.830438972649233e-6,-1.835734702582137e-7,-0.02470262796850875,4.296093239375409e-6,7.265507049325493e-7,1.3136927314860714e-6,3.90903584848723e-9,-7.021733341473768e-9,-0.002096921337738422,-8.070911405866354e-6,0.0007576223047180974,1.5818570197723147e-5,0.0002004009570057974,4.973199619479063e-9,0.0020086820945834916,-2.7998455299216296e-6,2.6689286897862985e-5,-4.738790027047912e-8,-1.2618072608907432e-9,-8.148381066241939e-5,3.0190387885653536e-5,-2.2689818753862667e-6,-8.933745401437654e-10,0.0007886980209832473,1.0306937095472257e-8,0.0003502912728663432,3.094245120216499e-5,1.8146686112108235e-8,0.022729838949089753,2.517101412580214e-7,-1.537606375556777e-9,1.7287365761120554e-7,-1.8851803575137271e-7,-3.349912092165397e-6,-0.00177929598143578,-2.688042044951544e-5,-1.0750959168921714e-8,-0.02180918476824445,7.189761598580535e-9,-0.01912150981661398,-4.437569754434101e-7,4.722616262498036e-6,0.07556594647030579,6.226568006262312e-5,-0.00023126576957110956,-6.452544647032876e-9,-8.662148334673964e-7,-9.562015119968237e-5,0.044060401065507904,-0.0012966688866526965,-6.478676245480486e-8,0.06112994530667493,0.0009749126813289877,-4.009867178522697e-6,1.985122594083677e-9,0.000272688663855547,2.7435071301429304e-6,7.036665763959782e-9,0.0003715548302238858,0.0004233169924532376,3.0639495593454136e-9,0.0002943019594567886,-7.349581256609061e-8,-0.011311205421890236,-1.103001835334183e-5,0.06120057535008527,2.5170880019187436e-8,-6.742917335600396e-11,-4.265076404275092e-7,-0.016263862318737665,0.013702892963920021,9.122217248247466e-6,-5.216735724511423e-6,-1.8406300239526274e-6,2.064429896542208e-5,1.258237188050959e-8,-6.901765797762138e-9,-1.2659797567898812e-9,-6.643499833280941e-5,-2.0393506627858216e-7,-6.107281324413405e-8,-1.0386978870763341e-8,-4.886611930342288e-7,-0.00012587772187089286,3.2562097338484364e-5,-5.642739131506147e-7,2.357379066258991e-10,1.9932767669761375e-7,-1.7327748264017728e-7,3.1781426915955535e-5,2.1525171714498192e-9,0.027914416268686182,0.045396210540275206,0.0008758086296438705,0.0003875639331685221,0.00021522086559855325,0.00023196572176686914,-6.5708057044311374e-6,-2.212917592503416e-7,-2.8148994335452926e-7,2.7037447836164574e-9,1.5210425086120694e-7,-8.465685307212922e-7,-0.001047141433037524,3.563349068969046e-5,2.4456979360820696e-5,3.744698638952215e-7,-2.2343663191350116e-9,-7.738504684273728e-9,-2.478620026238887e-9,0.0007473082659039676,0.00010454123737702048,-0.001724651992390136,-2.6834118127538886e-5,-1.0439168085518702e-8,-5.658673752240162e-6,-0.0010239247147865171,-0.00012812568309072958,1.9425272534956406e-7,1.6724919187360854e-6,0.00013892184550634568,-3.597018869982982e-7,0.0006580065110028954,2.900018635565438e-6,2.789625625609915e-6,8.554677071725969e-7,3.538678381431737e-7,7.241166838367619e-7,-5.2983648614335355e-8,-2.908302785022132e-7,5.513100962861728e-6,0.009941487599462562,7.662137317065998e-6,3.247233811620731e-6,-3.634102452021448e-7,-1.1097977381524515e-7,0.00017061614524749302,-9.106806920122779e-6,-1.729498141012087e-5,6.139143960126603e-5,0.0048403063196929,-5.224263482754565e-10,-4.151327089030321e-8,-8.116840906347011e-8,0.0016463106567243813,-4.042408937969533e-9,-2.4752650749394756e-9,2.4344548442023495e-5,-4.266249010731471e-7,0.0012225191655375056,0.0003058749329056809,3.075611171299286e-7,-4.683919856862673e-6,-0.00021948994830722768,-5.029437257775271e-5,-1.2922172554219458e-8,3.217865127247421e-5,-1.492603895298858e-10,-1.039607898248654e-9,0.06233364073705161,-3.1651746673980186e-7,0.0010982962369325833,-0.11095959857630078,5.433445912306212e-6,1.6444903936374544e-6,-2.0284474655518636e-9,8.120215200246861e-8,0.0006546406680172367,7.00165100027128e-5,1.1235607553672367e-5,8.18161171274312e-5,-0.03744638328680594,-9.32191426272766e-7,-0.004806223837931611,-0.005907446859055199,0.00040625331456567437,8.327001643593235e-5,-7.680443854951591e-5,5.2449435088419705e-6,9.03531974127958e-5,-1.1946757449310397e-5,8.988748157953697e-8,-0.02980699578745316,1.862531114227295e-5,0.00020463640134948946,-3.0916673038339226e-7,-5.411817650914294e-10,2.2007918150102057e-6,-0.003929467719473223,0.029951457737752207,-3.835640524485484e-5,-0.0013301665974267962,-3.544585274167095e-11,-0.0003907827204869818,-0.0001691698419108434,-0.013103742698774568,2.279012738526376e-7,0.00018049281520049476,-1.9915528470804134e-7,0.02110001291248409,1.4503081142702712e-5,0.00015847109753153177,1.4818846461928104e-5,-0.008736160254557035,-0.00011683698721753899,4.534322530780344e-6,2.08389205624826e-6,3.384648050025474e-8,0.00017595471007325614,4.1278677065381686e-7,-0.00014389798953118316,0.002060381426872482,-0.038949241396039724,-0.00021685608012944613,-2.9193979758090904e-6,-3.596374235165234e-6,3.279632924124698e-7,-4.4068988716006174e-6,-1.535415446451971e-7,-8.901002611250153e-6,-3.6360455868411634e-6,0.001154242462575894,0.0015533190830581134,-1.931957689293995e-5,1.5421299863760396e-6,1.0361824413607224e-5,-1.2485526461381014e-5,-0.12949513249623124,3.0559892945092315e-6,-3.250282542763272e-8,-1.4216464921945615e-8,1.4895886052412877e-8,6.5002291119165e-8,-1.4820127937353877e-6,8.450670453186149e-6,-6.02861710247149e-7,-0.0004042239971511208,-1.6653900851686804e-9,-0.0026984137766703498,0.044352322147460654,-8.275031607163363e-8,-2.7096483824068374e-10,-5.843286885465204e-7,5.94532011954918e-7,3.265702154919836e-6,-8.284785320000765e-7,-1.7069690604575027e-9,-0.00337718283697086,-5.739994412938543e-9,-2.738116276247704e-9,-0.012816414873668691,-0.0001280817308497717,-2.126341523646033e-10,2.7633695331985564e-7,1.468058483666823e-7,0.00031486622948762033,1.5401414469096153e-5,2.7829069892959524e-6,-2.7895313370416425e-10,-1.6261490737301543e-8,-7.011713707427703e-7,0.00044954195345781045,0.0003386992588616522,-7.340748355844084e-7,3.837823656094308e-8,-2.220944012032433e-9,-3.3848560239413406e-10,1.819956477433493e-5,-2.5750133709340206e-10,6.782848572584044e-6,-9.158713049828293e-5,1.3146586888002076e-6,1.5078067399088013e-6,-5.470895436454626e-6,-4.443591065950159e-5,1.928667603179335e-6,-1.4612302737582183e-5,-6.937720051225504e-10,-1.6764334042629336e-6,0.22338208236817536,4.669612641006182e-9,4.482619256118703e-6,0.008145333858010417,5.208650819099603e-5,0.0008097420479771245,-0.011760465607039805,5.632573860570034e-5,3.3358366429148134e-6,0.03063159577868646,0.0010512970702620805,-0.007528818787250202,-0.005669815574265158,1.0081009598650326e-5,3.858973697923318e-6,-4.511235555115789e-7,1.2223291379065415e-5,5.098045598173062e-8,-7.652157659604475e-8,-4.290668540948839e-10,2.2627118267948276e-7,-2.1704635799757455e-6,-4.158632063711032e-9,-2.0430727168729845e-5,-1.427075251303478e-7,-1.1354314211932393e-10,-0.0017637111377553083,-2.4384364445406703e-6,-3.034196659479349e-7,0.0011270129011613506,-0.0487060398736503,1.9863908926609497e-6,2.1691975875537395e-6,5.867975518686341e-9,-3.581301450594765e-5,1.1619321199640709e-8,-1.9678506149589658e-7,-8.743350008444395e-5,7.748965876608338e-5,-0.016237066619297025,-0.009667023885413073,4.0103192027629575e-5,2.730068406453512e-6,-7.965273829491082e-5,-0.003578759349693428,1.9861863750914033e-8,-1.1014857420832413e-5,-8.174297707469469e-8,-0.0021727745179305202,3.5524478398940573e-6,0.0036858415883216367,-1.4288258888550676e-8,-8.463554507542881e-5,8.331103585668131e-6,1.4179750255916002e-11,-0.001998352526243252,-3.0226202139826963e-7,-4.269390410649443e-9,2.8427400983188633e-7,-0.0015874581328034765,-1.3338185592126628e-7,8.847909738207704e-8,0.00028425339294813057,0.0004170619836258993,2.688757112789819e-9,-6.35910997887068e-8,2.381387573247018e-8,-2.1565072945151087e-6,-0.016841737645336252,4.4619382841282196e-11,-1.6540682182153432e-5,-7.264450991328886e-5,-2.011891894193596e-7,-4.4650113412147974e-8,8.16868683806149e-9,-7.562505378189144e-5,-0.035223162393776875,6.592018062079319e-6,-4.7398506005519314e-9,-2.261392202385082e-5,3.250497487838899e-8,-0.026557521403447026,0.004050754958825564,-1.721433120702165e-8,-0.030033436662051827,-7.649097272022232e-6,1.232860608268993e-6,-0.0013682783654189734,-1.3890073724098784e-5,4.280598912487221e-5,-1.925372519473445e-7,5.114148458051915e-7,1.92761035195943e-5,-6.677336725502414e-5,0.001262651735999043,5.083635049807356e-6,0.03118774930771906,-0.0010139818720844573,-2.492994824465633e-9,0.00010846048647294992,-7.195227344491961e-7,-9.555567549668353e-6,0.002462358721762925,-1.285957694996398e-5,-1.3254782729732462e-8,1.2511303157936027e-5,-0.067897897117291,2.947457624635774e-7,-3.35618784499947e-10,-0.002468930754162102,-0.051058259239653125,-0.2576783273834735,0.0011915691193280509,-2.609906414249852e-10,-0.022195893579919357,-1.3621271097163934e-8,-0.09483940180507489,0.0005509023054628415,9.888210458086633e-5,1.0144156821212391e-5,-6.36425571270971e-9,0.005034965352024301,-1.2821802279627814e-7,7.099807759480825e-6,2.501274137256537e-7,2.2381777076141418e-7,-0.00020290341251438804,-0.02869174691841181,-0.000838413523752024,0.00022736564279313143,0.00030392359954589665,-0.000298021665912529,0.031757533968630014,-6.249202091912487e-8,-0.00106830543248293,-0.003477148193269386,2.302098994988455e-6,-1.902490173733007e-8,0.0002730421497290081,-3.950365933036437e-5,-1.397707172362539e-7,-1.2603897829935318e-9,-0.0004470430229162048,-2.153193346711435e-9,0.029296164284460247,0.033322849427349865,-3.523230612256789e-7,0.0006941150637942428,1.5022271049325298e-7,0.0035818895830743713,-5.62555420080546e-7,0.00017019947381413658,-4.6674670195478996e-7,-1.77788449890956e-9,3.120781566501307e-8,-1.6326262397559077e-8,0.0003238478405762635,-9.86821550696959e-7,4.477871814856371e-5,0.0003702089906312267,-8.72171306842695e-8,0.23557778869871981,2.2817298683808218e-7,-1.0233404346138286e-7,7.284325409528947e-8,-2.1177798462806985e-8,-3.723746044848042e-8,-6.6055934611064515e-9,2.311025534051936e-6,-4.852334584692919e-7,-0.08151945759891532,-3.4769502839537836e-5,2.447872776656368e-5,8.457270966877317e-8,-2.189828655213555e-9,-8.332892402318492e-6,-0.0017908532973933688,1.6371079630816965e-8,4.164167987319445e-6,-0.012588822439283831,0.00010761878651521783,-6.772505583896304e-6,-4.7137294953425446e-7,-2.19265185421591e-5,0.0001767495721907153,0.0004507405102458506,2.900796227223168e-6,0.0003529365421854891,0.00012913582841633797,1.0206983411364945e-5,0.00481553831104975,-0.0001609445161534495,-8.095961858134437e-7,0.00011375517904355092,-4.2689689196823144e-10,0.002917700603575213,-4.389339994137487e-6,-0.03455623192348867,-0.01744125731056556,0.0002596265052829949,1.018101877470201e-6,-0.31308870467182714,-0.0009438455870878215,-0.0006024864799201168,2.2371265484544267e-6,4.786041028770338e-8,-6.119700917892046e-10,-0.0011415481812946382,-2.5556213003596895e-5,0.0019843564057282492,-4.3701353535929854e-8,0.005007709345591138,2.626649527881497e-7,-0.0033128551121990313,7.637467621179894e-5,-0.033402269988073385,-8.473600640601653e-11,1.7015189146540877e-8,0.02987071421739529,9.947467458459869e-5,-7.482071993636374e-7,1.2321560118877528e-6,-1.3015522457547613e-9,-0.00034874505429627334,-0.0019683720274770167,-7.904548103305348e-10,5.747745825601669e-5,2.9831418157932887e-6,6.368723075667049e-5,-4.200907641888074e-8,5.332101806310163e-6,-4.1819244289698076e-8,9.432128553754637e-6,0.048931752011412755,-1.4282716629399062e-6,1.2988472031238985e-7,-5.098362013122859e-8,-0.24584844597848132,-4.8961055487684035e-9,0.07980375803890638,-3.025750050511533e-8,-0.001726263240470871,-0.009303871709562372,-0.0036292403237894177,1.2822636841214319e-8,-2.099482414141818e-6,0.0006632169969691404,0.0011112094658756178,1.2329518933595907e-8,-0.14699427448795177,-0.00016499205935360806,-0.02094244340696605,-2.461271333270565e-8,6.94944809698228e-7,4.1865116318096085e-8,8.042905967897696e-7,0.00020089514555365895,-0.0021369761482219474,0.00011254910226909942,-1.328582818847096e-10,0.0033509989195863454,2.3328885195184057e-5,-0.0004842560829274589,2.1931661229324106e-6,-3.983345644303915e-8,3.466245925010103e-8,4.0686756352936726e-8,-0.1132245002372656,-0.006592745270609157,1.2237898006084436e-6,-5.698645501439614e-5,0.0018959791573252005,-0.03624594211578369,-1.1285846920894294e-7,0.0002645102593135107,-1.0011264147541388e-8,-0.0027888796694242046,0.00013537770334437482,9.926004662652588e-7,1.712649551732781e-6,-0.01011503953486681
0.014941203542377934,0.004587999273098831,-0.01912247226209729,-0.045536123965575825,0.029862833969673375,-0.006830960141996911,0.14435422192764236,0.056219959507870954,-0.0491708750359976,0.019482403070469445,0.026321202549979716,-0.006348532313836586,0.015038466695841635,-0.1472769047559268,-0.01385138268051378,4.864580034791288e-5,0.019664378405650496,-0.0094077699745867,0.03429228426739428,0.056107067584434844,0.009580467332853004,-0.0003324213398627762,-0.1029905742561823,-0.0004655565592202038,0.005867718285117007,-0.013564327751055316,-0.03516226899682806,0.024895421150176844,-0.03643044904583803,-0.03449760044168215,-0.027482663753062297,-0.017267573036406247,-0.026045357178134054,-0.030094424851995427,-0.009774631114851218,0.09022045145138691,-0.060119074864417144,0.007097670433267922,-0.0014377082034116029,0.05372542756413168,0.025511751757676393,0.1081334331047401,-0.04676803237907734,0.023167609467691364,-0.051324273608770454,0.23574292751436587,-0.04172236739759683,-0.08082546599325724,0.010394953453214839,0.020457732534850948,-0.003973617712745181,-0.013505509386050107,-0.04421434331470664,-0.033765817162930034,0.05202472012194903,-0.01729698063536489,-0.02241517226502765,-0.012707656824204605,-0.18903062127174053,0.018451993928465527,0.05247938642605732,-0.026094127410033252,0.1311903525966045,0.04405264985143731,0.07418950156215942,0.011859364659130733,-0.02634061535627552,0.04373575208137481,0.04558784312939679,0.024918224381053733,0.01215773200874537,0.013879941757295455,0.037536498512054095,-0.02628267898944614,0.003911432759196032,-0.030928236772524542,-0.13584358175830857,-0.007780428571095399,0.027511095676345576,0.0155664724388771,-0.009106715539019206,-0.000689189694696779,-0.011704317619660287,-0.14055516689404612,-0.07581250963994535,0.02655057888932788,-0.02814584999850922,-0.024764469000274403,0.017426756054419457,-0.004756889946293086,0.0111327410377271,0.02359768666792661,0.0017754222317307722,0.004478570122955716,-0.027884665116289398,0.0015155518249230227,-0.09627813496263116,-0.035972233230495476,0.07229918803898272,0.008257966708242748,0.019663918418700632,0.03164028778769534,0.015997397600585828,-0.058025184081998304,-0.041548393554876384,-0.02137630204015295,-0.029233956567622954,0.1359657323155261,-0.03812003334542169,-0.00599426610741105,0.023420922976583824,-0.010482417855200765,0.007219784426524711,-0.00963357053387881,-0.017889850581923383,-0.015647366905795934,-0.013568330903581227,0.00016987377966870554,0.0005272706912364811,0.07441678853501799,0.32135583724448225,-0.007534667001891648,0.0002844821256076102,-0.053447394422619254,0.026070372106914874,-0.0018684445515191328,-0.01044632437015025,0.034512608295699465,-0.13524952056104667,0.007237243370354918,-0.01480540956617915,0.012928567033668514,0.0027358884135537664,0.031004501441202592,0.005260035966784926,-0.006640866037741944,-0.003861095548927551,0.059548654415266355,-0.04661016800764628,0.03482861046177277,-0.0004716265279967047,-0.034496789552576956,-0.09546949801733717,0.008451077380641436,0.04167715407675132,0.00011586821801756741,-0.0065357122311979765,0.014406992535441532,-0.2384457039552217,0.04366616030529258,0.023756969138503337,0.04547543330863846,0.00919187463932758,0.10519032378215343,0.0241767735542453,-0.015933517068333458,0.014469168202595029,0.00343369409256411,-0.03088384530019539,-0.036051133640285116,-0.011060399521738873,-0.04359973282703322,0.005228298126240816,0.16536630882910686,-0.0012089596384612378,-0.02890314638170821,-0.06256066538480809,-0.005583629915918209,0.0349451932561351,-0.017142154929388198,0.05289640680712182,0.03556624025986821,-0.07986432304460322,-0.020709487108433677,-0.025120177090229845,-0.023229210228237207,0.05236186915954022,0.0025869489131764567,0.004731273495963251,-0.0031734025324112736,-0.0031503830541623756,0.02824331732426799,-0.03090556326424121,-0.02278770623706805,0.011875090441662906,0.038988059535768116,0.02822397741442728,-0.029454322359470098,0.3697579040308483,0.004099277013551728,-0.05844701774367422,-0.01919048295258108,0.0030392322632906144,-0.0029862118756227574,0.02112980110814533,-0.0037886134396103444,-0.0029182806374592474,0.0558504090331553,0.0021325347569245423,0.024606856371804042,0.002668637112947181,0.00747489759214659,0.006913237819389906,-0.0020547760104818735,0.06947269172178494,0.037421287581310025,0.01407367219144362,-0.005211423031141749,-0.012780621451383922,-0.019854584148561116,0.012781330365669419,-0.024054503891875356,-0.0275409484663669,0.5124797439202666,-0.004206018958939239,-0.010715368478656728,0.07673490772026526,-0.0035849203195539303,0.03953876556442992,-0.25548736019118223,0.006872652777019539,0.00521241708679554,-0.011802316606917884,0.07544452284128056,-0.023588525723425846,-0.0072051355309668,0.014528658284007179,0.03038312245917041,-0.03779851020863134,-0.00882005881794612,-0.18024127085755026,0.00963197544842842,0.01760291374012013,0.04544383692700649,-0.004256033417732397,0.07518941115688449,-0.000308146905808826,-0.005741846946875739,-0.0005406631225923775,-0.13529369158368354,0.040940245211459114,-0.021104002280480927,-0.0023126842424687766,-0.036764449534530286,0.005872398866358708,-0.014914084064002964,0.005821708292387484,-0.0017200054207933135,0.04908638965616774,0.010600186035446768,-0.12640043762257847,0.006198946273798356,-0.006281345464230981,0.03408236954419408,0.01477308181074477,0.00738803718240888,-0.08594507751377023,-0.0019717486134140927,-0.005357206554435834,0.0008568764255301176,-0.01033563080818567,0.01601244944464497,-0.035004542660999505,0.016464708757666813,-0.10108359923106036,0.0007288049728231272,0.045963255297465366,0.042200506904919166,-0.007637654856580411,0.00720883885423973,0.015462414474313846,-0.011728624271199806,0.008119007849927584,-0.026289596416972927,-0.005241137698703824,-0.04590797606488195,0.0009136051850902049,-0.001902801865071524,0.014684507880701858,0.28861755089019425,0.15146811867452925,-0.011319242712261257,0.0056886173460952705,0.033090259585151216,0.005295418081004755,-0.011545412071427563,0.253029991814401,-0.022817731671239017,-0.00632330041116802,0.02690148024385053,0.02035779237235147,-0.0025083626387640834,0.03366643566937455,-0.0012873353507529828,0.014363395484906505,0.015940802269142296,0.09531083835190657,-0.01687854524334398,-0.0044248733056519995,-0.011855571348860394,0.03766939562774496,-0.033350780944601865,0.10848897276082425,-0.05812059240997769,0.024495621006281,0.023120838386148534,-0.034872069058110355,0.04123264317968278,0.023083879793375672,-0.018215922511899407,-0.0592193743336793,0.0036714645689244207,0.007321312305066385,-0.0124088650950398,0.008871023291249003,0.04337361440775567,-0.02716620114460966,0.01783778991375584,0.011051293799027917,-0.06835473691899097,0.13822554368744022,-0.02183611431519239,-0.00023725254141027108,0.09991864623043512,-0.005253973522485467,0.0005869426531717181,0.10794388484282536,0.0912533326072662,0.016735774017206495,0.009774730629487749,-0.0035291584475771742,-0.00156649565542466,0.0825792739251483,0.10544903090340085,0.022648727355317533,-0.006832293483967078,0.027523325802008003,-0.0438721461942464,-0.07954470975892036,-0.020772222689629416,0.033396379272744525,0.010680308021619567,0.2440461743317428,0.023932262971356977,-0.015997278533575354,-0.042668567813734626,-0.0028836060273533803,-0.14458791866491083,0.052022811372808064,-0.03574781114934922,0.003161916285080224,0.027726456019081525,0.1314255158990818,0.02780631659879873,-0.011785540736127587,0.012301656583076692,0.014771744646168372,-0.0947077958517184,-0.16027079846583092,0.01798741400466497,-0.009840591827924072,-0.005232045189586643,-0.0013760766341874842,0.05384315594437794,-0.02585337195523607,0.02770183950997307,0.0037614442699123174,0.0010981387949868804,0.015909419952663484,-0.021323102536371152,-0.07849551226718177,0.03682898800161638,0.10153232151787961,-0.0018523885137256002,0.057164188801834825,-0.014805644064836088,0.021064218134597468,-0.0012980781875739922,0.025259730099605804,0.04693048989793169,-0.010874334604068281,0.08311727406362479,-0.06392974482878344,-0.032426361067336984,0.0071316770918201655,-0.02243200523116684,-0.005401506203270401,0.02293094436481624,0.019930896265577758,-0.012968155257112812,0.016485506912431447,0.05806326008132601,0.11350838073849445,-0.06506343179717078,0.019233954558785626,-0.02649478815146722,-0.006553743785161714,-0.017281276454014005,0.018365893391546706,-0.053229850443131,-0.03641916708875215,0.040941254559584195,0.007493083136978385,-0.05192250297477585,0.008079677034857013,0.00033963328212394117,-0.002705448865526705,-0.017043415111402282,0.003839935377072834,-0.02628315825381833,0.0027558120418689214,-0.05986569642664108,-0.001965355181710038,0.018895553547281452,0.03389216020104868,0.0368778063048012,0.009732903216388422,0.0021367625831771875,-0.04813265139637224,0.0027119591331654647,-0.08811312038415053,0.0325344268489971,-0.017596413294995727,0.04151581399923998,0.016585844834935415,0.003315420221497334,0.02195369022047089,-0.023521281597822963,0.00028221406682860106,-0.07345635970705189,0.006491740177352767,0.0299850117717142,-0.024748319106947747,0.13997807512157578,0.021132139214842027,-0.12158523313337355,-0.05541671432229123,0.00594449432901456,0.0023281411686184583,0.021381057081384824,0.004811393099146244,0.03099916022904381,0.12872086119932646,0.008763883494339098,-0.0548707974539866,-0.015096393509566042,0.031925522356687,0.04166148078002152,0.002681538268006989,0.008480433587465086,-0.03152712688461179,-0.014691589020912943,0.01081083631288493,0.10777813546883408,0.04096934437257005,-0.03384184644164634,-0.0019441764948169293,0.006774481960746925,0.08167805148605112,0.005834638677697512,-0.014891170058035641,0.005612575277154974,-0.022606712149126906,0.01943249910891609,-0.01015342889513704,0.007739942917396547,0.007926957032395876,0.040317373428479186,0.06635720904523623,0.02925760490961693,0.1961397249106085,-0.014970936111922128,0.006207396563695511,-0.043383323536559715,-0.18832019236720043,-0.010127404485501756,-0.020278578999068486,0.021165861222470994,0.0048608365723339375,-0.021068833408207865,-0.049459381563792704,-0.0014313941701402655,0.03927544506586855,-0.05798557577145402,0.07878966041153035,-0.02206374698653235,0.06878585472009036,-0.05586439117359987,-0.1041517207768834,-0.014424519878787123,-0.020169184826954734,-0.11479979078194447,-0.08918046113831224,-0.013826991502355668,-0.026343919720147824,0.0185349374105499,-0.03508501203339165,0.008146403479258879,0.059008289681514725,-0.007610781763105479,-0.004738481009553652,-0.0767620233928028,0.01297727358269185,0.06263965771358926,-0.01331995327200275,0.023195082421807456,0.023589747592268395,0.2423839010807569,0.004242669794280118,-0.006136530945013874,0.0346079188202566,0.0001146261047324515,-0.0020904877710563596,0.004835349343920825,-0.003841670963083743,-0.035370443201827584,0.014218255606920138,0.01865971178995096,0.024337440234376118,-0.03263674197887667,-0.20550298215766816,-0.02446578386297915,0.0068839857074181054,0.018422255641780794,-0.028604609588228413,0.02574626542718761,-0.011211544558136666,0.0367682447743789,0.21132408420817228,0.022981681757073602,0.023532679590971384,0.012815597919143329,-0.06385373146258644,0.024283601633214857,-0.010930689553561024,0.01180312721885457,-0.015619365219208703,-0.054194610464037396,-0.01539609812607523,-0.001968065989558454,0.024141767032730854,0.02509039736014529,0.34702120083238697,-0.027038320581596054,-0.19092991649631585,0.021580550590442726,0.0313035003382538,0.019051019463404373,0.027051904968175222,-0.015782037002281868,-0.02115786679814846,-0.016701839046845635,0.04091617603080522,-0.012116243327909615,-0.00862102292057898,-0.03979239973705262,-0.10435797212176112,0.0184126730018761,-0.001335251894488465,-0.03659731657990051,-0.03320184215408517,-0.007806620298651978,0.028804639422560285,-0.022076249171732343,-0.002175140602957981,0.009045471566423657,-0.018151634957007445,0.09830672871521529,-0.009880886547989576,-0.009341772877633048,0.027435531237642863,0.025810972747422056,-0.024989089591826996,-0.004038777138248406,-0.03468042325403076,0.05081381378113292,-0.014838904036878375,0.009677168781763612,-0.06483343267791497,0.03435163196263602,0.023636216016711842,-0.0006668164642178454,-0.045281749805781146,0.025620745320338756,0.04280447565179202,4.484622013478656e-5,-0.12999150821156036,0.3650595877406886,-0.0015352214741142234,0.0033806378175995633,-0.005815449665249162,0.0023926938429212896,0.007281068539668922,-0.0044265716048812465,-0.06149906031578212,0.007689129393838812,0.009125462332576717,-0.03707134623618913,-0.017826548792982067,-0.0007377444562735036,0.007235337356178206,0.07694573388653225,-0.006283737663579814,-0.040697662263482925,-0.023889866085482936,0.0038913721009521396,0.10070777401415398,-0.009220779548286373,-0.028083531700758613,0.01150515962535792,-0.011126366627649986,7.96464919403661e-5,-0.08200247203890854,0.04603835516172694,-0.008763960204305477,0.031684342508015106,0.007412514985503549,-0.012889424428976781,0.018844949212507345,0.00872735492157517,-0.05049770725690905,-0.007113710984413046,0.023953469465595845,0.005196208684537851,-0.018912064684627694,-0.009263520140393666,-0.021333049275654048,0.09619057197426173,0.015428480022819713,0.005039144598868006,0.042416917095579265,0.19476750532248843,-0.03171586414828198,0.030097745286184363,-0.026815021692527807,0.026177715586527484,0.00325792804824232,-0.014350889909110265,0.020024621444463264,-0.007604256466947845,0.0028942255121364724,-0.0057434282485786525,-0.007513532612392737,0.01868458994977118,-0.0034625245089046075,0.04276395750093798,0.014843254268271266,-0.0019739332806238963,0.045820324661235645,0.08192039436107734,0.01371171041046182,0.01778829430713813,-0.006857093142116355,0.019924430499031587,0.0006208023660292383,-0.018316999385660893,0.05288061670580646,-0.01324661156104412,-0.022895985461218515,-0.0023144321003201185,-0.0015537965227849782,0.06005185256253753,-0.0016052055100317375,-0.010948434568945231,0.05680603615110158,-0.018712247308940277,-0.023880622122760542,-0.02624880245366512,0.021452305909406277,-0.011944694503199571,-0.057524653095242684,0.011206696379304049,0.004872381482982746,0.0012661103287427977,0.006796159642362909,0.009077021905341098,0.011069417008002347,-0.0002524178808016586,-0.005906223343117745,0.08713736521531246,0.012569826822073082,0.0256212794804469,-0.07315796932516605,-0.003162222607898002,-0.009660221106059907,0.007909214099072415,-0.0181949379211801,-0.004765303743624827,-0.004457220900803804,0.022110074438671745,0.01628421794885071,-0.0010220559925073758,0.010397299941871552,0.022231792550883256,-0.03446617974941546,-0.007165561204601545,-0.0072671585642183345,0.0667201319229207,-0.05003388495242689,0.025779133989999536,0.021526372160678875,0.016594636167610588,0.003391018825368519,-0.04957439397139751,0.10409223485112307,-0.007059053235252577,-0.07570429056022476,-0.14522175031413553,0.03738141511348658,0.024897242999031732,-0.010741851157717974,0.003532646767780534,-0.0502870105447073,-0.05391134035198775,0.0004129939923132042,0.017996241220316733,0.005239650176008581,-0.0387680965659456,-0.021519408765016124,-0.018709621130255982,-0.022005330346019036,-0.01186045089525578,0.058116143954975996,-0.0778392027314112,-0.4016373198319343,0.0011636167560027388,0.003288204372893233,0.012388383666802838,-0.012998127231185208,0.002386875150477863,0.004450121220543224,0.0255506882458576,-0.003802006782279932,-0.0838990228730836,-0.0006399038732070039,0.006030944174199249,0.011025425522348087,0.016821482637169538,-0.06152540181756194,0.0635280514961778,0.07032091119481265,-0.0011980238730302517,0.014948208596251789,-0.01165728982073233,-0.007568244785488787,-0.029275664364377008,-0.13595374962096685,-0.015023923905118863,-0.006204423083545407,-0.020495559667324414,0.03348267697083429,-0.07415818443405442,0.0224960323889718,-0.046467850957924384,-0.5248301895135228,0.00879247084412782,-0.04148532887666079,0.015747023830044782,-0.0282758682333224,0.027925999474064156,0.0237651117859059,-0.003600256474555863,-0.0032790173745524953,0.008838239408305526,0.0032205757861447637,-0.030540121864305547,-0.02549373184592696,-0.036072622759093065,0.01772363757754647,-0.0016748509199260297,0.010407395635866123,-0.004521603972534649,-0.14074449620511587,0.011049359456364982,0.04849973218167847,0.012962244192749495,0.01433239857215085,-0.09327744776965119,-0.022894955767696956,0.01724531001811158,-0.0027035782723032753,0.006726560905235601,-0.005784567833870824,-0.029716843174355745,0.015357854517787928,-0.02433954576827091,0.003679663798720867,-0.01915245322379633,-0.06408927903430595,-0.041392076586816984,0.03359842577324912,-0.010873967109546356,-0.04212041598293581,0.039483390932218754,0.011422826102716499,-0.015026879618744715,-0.014862156770504953,0.012634944733690645,-0.010729999404361479,-0.00992312542257423,0.024843069895723602,0.011832675097366518,0.017778863917101262,-0.006609700672925101,0.00843189673832967,0.013133530295817764,-0.06188291082980868,-0.010248460915136093,0.06557372152133212,-0.006542198174429359,-0.023437639420080814,-0.13535949170000094,-0.00596011908737637,-0.0141910535489842,0.0061104599136001525,0.0012592426191986306,0.006760390699128038,-0.005069036221584611,-0.010330515694477072,0.25219575863229693,-0.023786173454482196,0.0021292071651259903,0.019824409700049728,-0.03551684126443888,0.03005527795494345,-0.04192950392825878,-0.006733412632627278,-0.06378756728008739,-0.01484274720587564,-0.09908939164051844,0.0050066425937984604,0.004785401930348598,-0.005722842430714081,0.026863084000069648,0.035261296149428745,-0.01782633400364375,-0.017245720367100148,0.07012362774503345,0.012906232604990464,0.002569724887436564,0.0029308253942872398,0.022400676208008008,0.0009089791092264932,0.01810106107041065,-0.04906671987828304,-0.008663854712722241,0.03131977840530453,0.04617367712853593,0.007798720938808401,0.025573188065891372,0.022325338453811128,0.05777924818903557,0.005362818879802944,0.009068706830021256,0.0008203872457670514,-0.5013789140502922,0.1907852566218935,0.008035617969682107,0.024253607207356254,-0.0509812181308007,0.007800601872190782,-0.0007424219379572605,-0.02936919639705593,0.0037733355020463932,-0.005023259618610609,0.00601042491143744,-0.0022971757158671835,0.06134383101743879,-0.04449097841825278,0.014848927245566301,0.02063420435183616,-0.11052059414669202,0.014490081965050194,0.04546577168230215,0.11581451760685013,0.04264905004492903,0.288496266308357,-0.007190597130829701,0.0030124690956654376,-0.004760911584071437,-0.0010119622670572426,0.006109533995868333,-0.01834717590463697,-0.0008034618294914253,-0.024013425185557935,0.02063080721791266,-0.016135192068759352,0.07785022419557208,0.01679209245412494,-2.4062825104920194e-5,-0.0719691537287872,-0.010257690013531828,-0.023075179491570452,0.025319346275864518,-0.003441197724896483,0.06706114397638885,-0.002420085374978953,0.02536358571251185,-0.0032683528643246973,0.039619647899314714,0.05528007667453494,-0.005951618350991339,-0.03478638600739714,0.041917009932149085,0.031013799238280626,0.008949640588753027,0.042308309134909905,-0.014082007901379257,-0.630893843494448,-0.00483846397492016,-0.01356104440674244,-0.006557869204698363,0.03833486011342302,-0.02382325334565394,-0.02537678317821701,-0.03620365941969794,-0.010605658455460798,-0.24292513578257058,-0.07534522078958616,-0.05015537001872872,-0.01241848845165805,0.0037828353233635426,-0.059533381265964636,-0.013433134604383667,0.0016736061069195785,-0.024472716872878664,0.022328122808175976,0.02897863010373669,0.11925504053175473,0.04858515306841582,-0.025936239130714966,0.01874742463724033,0.002624334322717914,-0.008132311409099202,-0.008401307851272577,0.023522090963069786,-0.016937020040131756,0.003269097604061244,-0.012487010311815538,0.026281641575224057,0.6623571087848177,-0.005004041409847559,0.014335520000713586,0.03379500377741351,0.039295698756177444,-0.0052739825387106976,-0.00903075575024559,-0.9427716305797276,0.013133764994904595,-0.7557666443481139,0.14006983872150158,0.04092099422177853,-0.030318135997731588,-0.026732424959845957,0.010063785548481974,0.041257165567913034,0.022810856644355226,0.002444501706122537,-0.009030758796143346,0.02123761680741154,-0.024877476533220033,0.01610846081348427,0.019386521747946972,0.05510988312562404,-0.015232707434734039,0.00955038370557304,0.026542673409494455,-0.012250324780325172,-0.04040753325080004,0.008023412228794768,0.04246795435483364,0.018715228753535484,0.1590891867681421,0.0069981734195607714,-0.04646191357369389,-0.019433547284279484,-0.01628872633591527,-0.050525767266663024,-0.0003040147821593564,-0.03746606611821335,-0.0017039753408880642,-0.04897208103693629,0.02017064730534912,-0.07581838793703355,0.0112034146063138,-0.20561207052696773,0.00865408054778527,-0.05796568072764785,0.06193840460127831,0.004631890915334225,-0.00966041787796712,0.3174061895660998,0.04436615251506737,0.044120092069078964,-0.04602281868301361,-0.01618765799321409,-0.01725210488484663,-0.0030095290358076454,-0.007039988922770135,0.034308697147480416,-0.015988252872375597,0.016591106083978957,-0.004804609608981991,-0.028575176203730734,0.024023166151664554,0.0057265707591795945,0.04589282135384565,0.005903757186331404,0.02087677389545206,-0.011801318870311661,-0.003678695771668572,-0.20073731354932534,0.044955067160117324,-0.026550413753284374,0.021920485003647627,0.48660105548697175,0.024214670770561497,0.08367974093380326,0.808641080837333,0.02194204245097353,-0.014644811313246464,-0.03715347606885189,-0.0359434500860516,0.0031099764983082423,-0.028340972678051912,0.0019916479159292066,-0.011426859211042029,-0.019192491648254872,-0.0119165517357942,-0.028716257713313098,0.030296601317445493,-0.021504609396288288,0.0016374488641304197,0.03250047515030019,0.0417454605394596,-0.02375409383330407,-0.03288257387293925,-0.016332080555002904,-0.0014373711728694616,-0.012698944879957708,0.03678830669923627,0.054313014705257956,0.062476184215483954,0.005850401681527728,0.013953182358818594,-0.014487556457424944,0.008091588465958921,0.032763341498593945,-0.0031987023598389897,0.030714715127032832,-0.008773112742346711,0.05378880901116645,-0.01466218218956783,-0.02670338077314227,-0.0290836094009137,0.01802316412613436,0.021146827910342836,-0.010976635967722359,-0.007027284766081721,-0.03751855050722952,0.026704086815698247,-0.014788363427669537,0.011374970574252075,-0.00036844378519163,0.010146716127792388,0.05838373747667447,-0.01214674094808288,0.03257251180912135,-0.011035252290866993,-6.876102497699321e-5,0.026508887618547305,-0.0031748543842695653,0.03138904795559938,-0.00019801488451776095,-0.08407272304975777,0.05866473800779204,0.0020222571183694527,0.02008059884076374,0.010736709154571145,0.015014109739240666,0.0663308698713081,0.07261030355675757,-0.019407348016102333,0.04029066628754663,-0.019855532500514528,-0.01584971836700788,-0.2141058639244875,0.015116849839614588,-0.011906289351827581,0.027002536547115596,-0.014125336560937285,0.05611225450047641,-0.010260077687235025,0.01568725865763554,-0.01707929950680409,-0.0031109499803960716,-0.020082093506061938,-0.011589294263103511,0.0043707291697501205,-0.0305563515630638,0.029466419753589435,0.06488043458739412,-0.009589810830220813,-0.0068211029492886155,-0.1084573072475905,-0.03844794941142027,-0.013718913534376043,0.010998968660260289,0.01323854450242834,-0.003965196895478584,0.01242794409427006,0.003784619180351001,0.021694264160032617,0.019653419900350855,0.005585284197877627,-0.02322879005350842,0.006931391919351881,-0.02149297414052853,-0.017887304910800594,0.008384046177525306,-0.035106417461065575,-0.04252044495206064,-0.044677321284666505,-0.00327362177449686,-0.020036594947669073,-0.019232037768233567,-0.020452152097391263,-0.19464941129717772,0.035809735096336226,0.010913829049968626,-0.08217161554330232,0.02529022830140093,-0.14894016672405996,-0.010890465246859549,0.014090581041273254,0.03848372989159543,-0.00013149344476914848,-0.017013431366649456,0.06007270524423802,-0.016490162262925878,-0.014673314915853553,0.007609696771396557,0.02717941555147263,0.033977833576500416,0.02354799720160372,-0.04563241861251299,-0.00423970486235703,0.023692631073572556,0.13175173298441223,0.00679260375090962,-0.03641159807875738,-0.13832683666169032,-0.01874027869598649,-0.042567101430904586,0.018915903653578425,-0.06185401530456147,0.024546309214201756,0.004129683691644459,0.0414504448272055,-0.038514156152814394,0.00353584984304689,0.06749564985966572,-0.024133140619596816,0.03132969335638336,0.005612352678326715,-0.6519743131484574,0.0060316466024232795,0.0024368317135667894,-0.03210707909966004,-0.01900558943316355,0.0004167524821241386,-0.0034468329522496788,0.043051938659800726,0.020292163057092694,0.0027228411126998253,-0.027930928957175638,0.47244162215838514,-0.02876238076601112,0.045481999122785055,0.16237747530703928,-0.022309169291474973,0.01298374433463323,0.0006820809412602102,0.0066304816969022795,-0.030622674807091244,-0.026001578611612786,-0.011527822493462736,0.0459981684871309,-0.09114780358254393,-0.011661573924811819,-0.5271173966630158,-0.7433741561326315,0.010034707690465439,-0.024966143904748606,-0.005403743514762027,0.0198850350225257,-0.0496207215328468,-0.48841589329640556,-0.013726915642109816,-0.7736933376218076,0.039388241810229374,-0.26538426524075476,0.0011394725524951355,-0.04109823114185929,-0.0072340693029673275,-0.03859308377286652,-0.013142935382347787,-0.03786719534400618,-0.0025155225139315007,0.008433991508354666,-9.88251358648995e-5,-0.016637626571764486,-0.013776924144167424,-0.005846820076840231,-0.0019188061969543924,0.029517270248106797,0.007349591476668138,-0.10041764637026063,-0.042353599469606706,0.019770186732785078,-0.06895437963612494,0.01727670127820602,0.004524431255958916,0.007569922502625559,0.025231556968719815,-0.5152536580535525,0.01341373003742774,-0.02934630234449287,-0.0004268851425877074,-0.013060778426734032,0.0006150390436232556,-0.0030534604920831043,-0.008845870372169884,-0.2514829618667136,0.005064337259682361,-0.025779772289041603,0.01112331619106044,0.07197330332519414,0.06389594313623093,0.011815493371614139,-0.02130602033867035,-0.04144188875852706,-0.01010819397151863,-0.02176497975779057,0.03785364076293263,0.005897321324937366,-0.00884710748505313,0.0031394926190841943,-0.005272937525205634,0.016399761897901044,0.07080113120719034,-0.024027674723583914,0.013720036142331082,-0.05018198246261818,-0.011496649427499506,-0.02818838558960124,-0.011443401845099288,-0.014848216752398002,-0.002942749256362731,-0.018574626628833357,0.045535679425938724,0.008453560220004874,-0.028016114920319524,0.07190505265589309,0.024903529689709103,0.03709476963695124,-0.08676705196103285,0.039008781506709056,0.06666212978598196,-0.06957254691405979,-0.027096660232928116,0.02847635975194862,-0.05175772736038198,0.012007098521280568,-0.00039854836541053373,-0.0018557022249297006,0.015580775254420587,-0.006640245544986101,0.016325510703609325,0.005949543943643221,0.008206232898828603,0.001110803404685612,0.021552000455130838,-0.46823691016834346,0.011501637652145291,0.0366061236418318,-0.36315005849385784,0.019825839406621526,-0.016782183567556785,0.027524534418262192,0.6999157130994718,-0.07298029832963948,-0.32733303978238837,0.03499234303126286,0.0041890175198204815,-0.00404125712793757,-0.0039823563324716815,-0.007585477686006925,0.016960172244580463,0.01567704058106756,0.02074586074650142,-0.056272041947522666,0.006014587648678571,-0.013921964304245193,0.024999316333151,-0.0023849507288105087,0.00584052907242949,-0.01328692547758692,0.006521106088257511,-0.01488399479421787,-0.025422168094564768,0.02120365952185921,0.0006471658052760176,0.0023491467518397258,0.03418404975309386,-0.05733878740579712,-0.02164553511812528,-0.023259489067186223,0.012716464317236387,-0.023342950195001322,-0.028612909343792126,0.0054275729662549566,0.031020995727431,0.0617783820338218,0.09525396101253136,-0.026937522724438168,0.01108330881652364,-0.00251132751844807,-0.022477566503766866,0.016099531832423963,0.21080687312905866,0.018062563601233705,0.021529055424252874,-0.02081433814691991,0.028100220679334598,-0.05676577843451014,0.07686519715116447,0.0338291906628001,-0.002834474453107916,0.019958591174145113,-0.04627819813029532,0.018989906379829335,-0.010631879971697344,0.007517697826187941,0.05959961426378868,0.0013217699424785678,0.008346464423084399,0.028156286550256482,0.24030321360805829,-0.01737193351550559,-0.04706093138156575,0.012805189333448652,-0.0925461546776205,1.627927875062511,0.7464126342019881,0.05507988040517375,-0.11528805003035814,-0.001520411760566276,-0.05195163913504075,0.007122098075342365,-0.03541899804804416,-0.003075014525165898,-0.02326444464654287,0.010434835905925866,0.03561917591832753,0.017486814275230245,0.013143538284566603,-0.059242940943022404,0.02772331334199407,0.03714556025306592,-0.022308644280201406,0.028377472299780493,0.369416835134075,0.028957841358533187,0.03177439187993514,0.0006357392103382153,-0.044477694472334406,-0.06444931175428792,-0.009981130880987621,-0.029451157076437084,0.01580145273146627,-0.09568829858199024,-0.030788202176609047,0.05538550437177037,-0.013403879276211228,-0.01489719101027731,0.19969030242282315,0.00015624954357917886,-0.01877034612425632,0.0022917806836630916,-0.017402500152456923,-0.005856579344253987,0.0014343349209866574,-0.004444214226168697,0.0825731792328952,-0.0186895808205918,0.013641131718941324,0.04160772430259385,0.026636812185643066,0.03838092007117666,-0.032554886472553335,-0.012015301836072467,-0.0029989598297106568,0.036491756375653495,0.015857249298278475,-0.01637621508234588,-0.01096795574449061,-0.018050545179221444,-0.0021381534934334923,-0.004646781239898701,0.007324247049297128,0.08543232643933152,-0.032420280809674296,0.03422636613504437,0.017230521581950597,0.029384704268068162,-0.01175333042147031,0.059515197108339635,-0.04362613109674385,-0.018651315537226765,-0.014032061164471088,-0.044380584129612544,0.02277734141171095,-0.05035480960577843,-0.020779045750259684,0.010593396988269888,-0.042046792712426395,0.06668603540083495,-0.6719222778501717,-0.049001301446423895,-0.015251989769012653,-0.00191713600543153,-0.00912710927786975,0.006204874558534357,-0.019887210664819577,0.010311216090030939,-0.2841663636627345,0.02400817911802733,-0.025107719361130876,0.05622937102452852,0.016378876392991515,-0.016060323308010993,-0.057691010224516504,0.14271144304530026,0.04022899957635673,-0.015211021309369244,-0.0128859935134642,-0.0008633866627860698,0.019517859365350887,-0.005990803600070649,0.020869932413916104,-0.039347825491574895,0.009931289616361028,-0.009927242203957576,0.027363262579456205,-0.0033518566960992757,0.016923083712612197,-0.05516323289157299,-0.02144560869965062,0.03850445983334794,-0.006195960279455903,0.003857041783476234,-0.010540239567944809,0.022461531080807617,0.029522365395678207,0.0350913112743001,1.4083667790946492,0.0017644584299887356,0.037018600716919536,-0.04019271618790299,0.16064009724686912,-0.04016416087910102,0.06775593275233405,0.00928646452302928,0.0027994822776236106,-0.010308769933317308,-0.00016728558148315642,0.056432420471537625,0.053634520789273665,0.002660135573592015,-0.044083859260354075,-0.02436547132128908,-0.012145267637606594,0.018070005074491746,0.017194010522871395,-0.020493605525189196,-0.019358273983471008,-0.028763522088411264,-0.00987993662693043,-0.07237527150209644,0.01663562541716601,-0.01946460990802734,0.011090989379226812,-0.02618181106117845,0.032041633327935415,0.0016223076127062086,0.004294181049772305,-0.0006457175559262396,0.04556944246724015,0.008165860706867534,0.04130221604282269,-0.15359213786723558,0.03881574506522156,0.019651428316137753,-0.06534464638343707,-0.027830145019834163,-0.010401708437967727,0.020377149938212824,-0.014760819563889527,-0.055448308294216986,0.08595300663728267,-0.008493480737797654,0.02104418735825675,0.35458954007481225,-0.15059358061603234,0.03422226678048901,-0.02664696921851828,0.0204049628850953,0.011959765619394602,-0.2908114885667601,-0.005460335707539343,0.051695610008664516,0.10636653608435154,-0.0010631246618686419,0.002925374159531202,0.009317477837612387,-0.17460077177383937,0.004049198741086002,-0.05538199764487217,0.041428514124163485,0.004491987443998369,0.1556295877089724,-0.04149994651925226,-0.002742699869486387,-0.00917488287541346,-0.019189199506399746,0.018353809714852787,0.036508050725387875,0.002475085829985346,-0.0031027716777316527,-0.008533657077350654,0.029566979618721234,0.006143154793790018,-0.01833200308101368,-0.020693543947800208,-0.003981439729614067,0.0016754876651248196,0.0005882306595594855,0.03382021600009466,-0.029062957788937638,-0.01376953453382157,0.021871805889986717,0.019130963423776848,-0.023883306625521072,-0.016482106852890865,0.022249516277952353,-0.04956948129165539,0.01060889613108884,0.4959026438098135,-0.036719838051794795,0.02942228128267743,0.04168854275485501,0.009066387790880981,0.002971770034491783,-0.051644795887796136,0.18454267210836406,-0.18004598636730407,0.03827566492873302,-0.016812758847663645,0.026737983851489844,-0.0012620712559510139,-0.00022936599316381034,0.015685924551689823,-0.09934468994833878,-0.005208385606238153,-0.015712147516978803,-0.008676523442773032,0.010118935819264152,0.028600278650628752,-0.043025738192227436,0.020865196930230923,0.003213486338609073,-0.003964847533097782,-0.05180501613131128,-0.0004167682377556048,-0.03004247072749422,-0.028344776138965244,-0.023251199892911245,0.013996483078699384,0.0038904913262740592,0.7931820817975677,-0.02706265116830764,-0.003191036888892995,-0.010111880382282834,0.0022763489960198058,0.014746891690265329,0.04806721949898929,-0.0018839374133676756,0.032726083878515055,0.035377733467612416,-0.09072175305300334,0.0024066988535196288,-0.0032598052594039473,-0.03290295713759406,-0.009299237408868066,0.009155116217016257,-0.03874354158324422,-0.018170336464208958,0.009870834477624157,0.0045305441126402,-0.007093542822417476,0.010896807313649504,0.09143384447111202,0.00217171410258743,-0.002017219858316821,-0.004790955501675853,-0.42659102917878045,-0.004838620813643502,-0.014537631997882272,-0.03135226834638161,0.01712353701441316,1.1012670675631853,0.01918531697083381,0.01259933135315805,0.11099120622088776,0.05051126386024407,0.0017903520219988422,1.190456920692668,-0.409578303762828,-0.0016944046187745698,-0.007698620466726425,0.003519973964557721,-0.050689748695731396,0.005985119304568798,-0.014037036445188278,-0.012219942890169477,-0.03228802455305413,-0.0065284623042316525,-0.017302457470577792,0.038850063596328255,-0.029466866806615144,-0.017248709675186547,-0.010669138566299807,0.021660725075918208,-0.038002954814146506,-0.02085515161047624,0.023211446321511175,0.0012534502166090533,-0.006792779286115547,0.041689915885854134,-0.02987197147012921,-0.026796834237984513,-0.010267478530522567,-0.032732274805312045,-0.03372448758364044,-0.01583997961233763,-0.08429608900178209,0.01779632086527272,0.008354877665624372,0.015946463806585598,0.03567930748977233,-0.011599511701888332,0.04723334071786667,0.005040983869548654,-0.6263304391213751,-0.04792305121645768,0.007274204927853134,0.030632345879439526,-0.03889881628947478,-0.0315486313902511,0.017312354926616536,-0.022918620619293506,0.038951303090016154,0.02490758046587871,-0.028006696215015836,-0.03934239588852506,-0.3818639113114841,-0.7283277687965892,-0.8251150194446382,0.05217691129473678,0.703760456526652,-0.07122773906303337,0.0553013725020719,-0.02346411579856067,0.02030728859131159,-0.01327912354122418,0.08046711048700672,0.0024925228519805387,0.030502137016810593,0.025423496914299903,-0.03452438303429517,-0.09545354145666352,0.016860556937899673,-0.0020929781421727967,-0.07189542455671472,-0.0010087396112794522,0.019852481253792575,0.05249116007689736,-0.0026890264489338733,0.3140715969370831,0.2873710071835376,-0.016490677213596427,-0.013387952858465724,-0.009779772873116599,0.06971156071494988,-0.14998871694024274,-0.01836243103571178,-0.03599340821892838,0.0024419038363703294,-0.006762610507848876,0.0004327584747443325,-0.996735701970465,-0.0030985499015514506,-0.04211849615558094,0.0002362658206038759,0.006909277107297385,-0.09370128401133115,-0.05508087110501947,0.01822217112510316,0.011360451651626136,-0.014699403186568816,0.014462813486716186,-0.012020616220979718,0.013976107002235949,0.012957206188730197,-0.028067728014320892,-0.02463328279191046,0.6227542048945907,0.036058933620552125,-0.012068073401678703,0.009180064321753889,0.020382476739541744,-0.013371285505854758,0.662387059403045,-0.0180763612024748,0.4128516920918628,-0.01853727102479752,-0.004757663809868973,-0.04599165801118943,0.031593414139933884,0.048057979570330644,-0.07745546265050507,-0.06078232944855699,0.06827879186676,-0.014882506891808589,-0.022163478417496663,-0.013596619591226045,0.021983081636790303,-0.009412092627826496,-0.030571414216865378,0.23494179312510255,0.04021748910054157,0.04053459599526832,-0.5089416897571937,-0.010573219901289121,-0.007061379503284115,-0.0030247363647504244,-0.016730329976780922,-0.02770436914943275,0.0042971936800313415,0.08498794816614463,0.007818530902113707,-0.010208682896944765,0.731583320255595,-0.011674916657284484,0.0031921608106131316,-5.065974766904624e-7,-0.061179777192592155,0.00834585730501658,1.6995454576118618e-5,-0.0001684179381857831,-0.006264350843139255,-0.0011791462661676633,9.58217822208951e-5,-0.002267764812813766,1.628745618376115e-6,-0.008564340188740971,-0.004059925762604166,-0.013009090163905057,-2.1620983894216073e-7,0.0023318192909300706,-0.005408651507750051,0.013513682861230336,-2.881679533606185e-7,1.7359782420456327e-6,8.242185486340148e-7,-0.06331965454592137,4.051876811295152e-7,-0.0033338803137326067,1.556043512374039e-7,-3.0161376916859606e-8,0.08586605814525683,-0.01323275964386994,7.250560193627908e-7,8.291211651689778e-7,-4.269342263496512e-6,2.3527412298940398e-7,-0.05478549504505281,7.749731184780728e-6,-0.0006918808298905788,-0.0004189941019632215,0.09087877595266036,-0.000568371747682761,7.331092181451018e-9,-0.00013136445702777166,7.638103992668732e-5,-3.115467975689512e-5,0.0005656584653479513,1.983833144416844e-9,4.4213871225242535e-10,-5.149145020766355e-5,7.506219851238782e-7,1.730944972425097e-9,-1.03716769599832e-8,0.08346924241777742,4.941136250158351e-8,1.6923098339338694e-10,-4.2995537295406616e-10,8.49151589976671e-6,-0.00015660727818556097,0.0001784466433845111,0.01504890900105238,-0.011385660213818483,8.539631135651149e-5,0.10565753262926592,1.413321856907901e-7,-0.05692497118798201,-2.7913371340559934e-5,-0.000867152284996564,-4.3863151274692314e-5,-0.3509353832941997,2.905893659033154e-8,-0.003096781534850379,-6.0433759441203e-8,-5.8313139767562916e-5,-0.0005895360227938795,0.000193422785507269,4.0256623392437296e-8,-1.0803369748790814e-7,9.52433544938458e-5,2.0470860129240265e-7,-1.8812984634757404e-9,-2.2722917589201863e-8,-0.024896581599023193,-0.004786503261584585,1.836881880601382e-6,-0.010196258384894463,-3.096621913556419e-6,1.420129373097545e-6,-0.00027007102468701305,-0.00040025027242052147,-2.351403778286243e-8,-6.638441494288827e-6,-4.571510618944785e-6,-1.0695079790123962e-6,-4.134997532920237e-8,-0.0003652294751930185,1.5879649891969994e-6,-1.0276720600055356e-6,0.002736795545388304,0.12390371465608041,-0.00724272615980226,-0.017962180827964858,0.13428881478466792,-6.790866402539564e-5,-5.394488214460758e-7,-1.536472631624708e-7,0.0007163267538805584,-0.007290691830803553,1.6168617962275533e-6,-3.3688785383567676e-7,2.139099251152743e-5,9.671329710414511e-7,0.0046640931814181386,-2.800954852603954e-9,-6.903458132229146e-8,-1.0429848205165126e-6,6.925080801467587e-6,0.05593931989551493,0.36105889857935836,1.4216510182463171e-5,3.508422830728053e-8,4.873575056241197e-6,-3.999246887076424e-5,0.0032939467778305698,-0.0010779672613807634,6.981467532141128e-7,-6.34653644251415e-5,1.3077421909257758e-8,0.05982435416717635,0.0001604082662729489,-0.0008625793545888882,-0.002922690827972474,1.1865866178795148e-6,-3.361012780589423e-9,-2.566646383189014e-8,1.4604343844260015e-6,1.9539930631862212e-7,1.8377362048380835e-5,-3.021085849541638e-7,0.0035038253714674283,-0.0012440248498393203,1.1839020265524969e-7,1.2119204659377658e-5,5.597353955888451e-6,-0.05352361364657554,6.106544512329837e-6,-0.0012415280551714147,0.01364963255218754,4.776549482343739e-5,-1.1902204910671163e-9,-1.3630693613819744e-6,-6.853546699603363e-8,-0.007100071045897494,-3.8659505005589345e-7,2.644535560258898e-7,3.605269544237899e-5,-0.026824076826414966,-0.09193050228532229,2.045952176343846e-6,2.357388394491622e-6,-1.886006604667756e-6,-0.0030557605459478054,9.698481137077053e-7,0.008790238705927322,3.558137754211543e-5,5.126128049370848e-6,4.7176490935996185e-7,6.880900165207038e-7,1.1186906152982345e-5,-9.21911239970541e-6,0.00043044891842214383,-0.001448170893581846,0.026213303337499383,4.3365044382071005e-6,-0.006245196505460626,-1.1350388087749685e-7,0.20041146309813485,0.06384384096782014,0.17013084692007396,-0.012682537249929737,0.013861282263405883,0.006033298281181487,-6.769809741680177e-7,-0.019190287532182992,1.0699108635714438e-6,0.20689065818987729,8.370401403945404e-8,1.0284102800253714e-8,0.0003591261138922164,0.00014378596569031288,0.00052299949336998,-1.3930382012847242e-9,-0.0105705817022681,-4.897669377973424e-7,0.0022745749658668046,-0.0025566728311332554,4.277949980924234e-6,-0.014749944520019653,1.0311137115144586e-8,0.001252503151192741,0.0009587976948957078,0.0696693030949973,-2.9572279779035288e-9,-3.91575191325752e-9,1.6349673468696313e-6,-4.920576876621396e-6,5.249047713706823e-7,-2.2981789292053634e-5,-1.4660373140351624e-5,0.006441120542149292,-5.305224870522096e-10,-1.2293153445419591e-5,1.6489722541590535e-7,2.723061819143169e-6,4.1013332918726775e-6,-0.46011340161931,7.773078575246117e-8,5.934315186473249e-7,-0.002025058565550353,-1.2255497441771013e-5,-8.241581292622868e-5,-0.00036358971858874156,-1.2890746063920488e-6,-0.23830338822153863,5.9730812842495595e-6,1.1840405127194753e-7,0.080326283676186,0.00028133910304717347,0.00025033887332881477,-7.537316933647897e-7,-0.0001625372537787939,-1.2366891866122387e-7,-0.052863049637380755,1.1278271861980826e-6,-5.329397265857461e-7,-4.820615556802577e-7,-6.782664263127458e-5,-1.3799445943707411e-6,-0.0020500383360513297,6.873661245743179e-7,-0.0008813334998194478,-3.5699787230558666e-8,8.901395599947293e-6,6.268999107383877e-6,0.0019257444646427757,0.00031549340164538364,7.357818167241792e-8,7.519863665095272e-6,6.186265833374449e-6,-0.0034219267615185345,0.00040473753151104574,6.8757367681360204e-9,-4.5181211646982966e-8,0.00031053610291564837,-0.1466026621637866,-5.447008657316621e-8,3.0346066168251973e-7,-2.344206767279644e-5,-1.3587267400971825e-5,0.043041091157647315,-0.005854699287738185,0.004183937935522408,-1.0961588352287333e-8,2.7598671248352247e-7,0.002721903813380777,-0.002982909388038024,1.503092671467643e-6,2.598530090436313e-6,-0.0021729563231929205,1.8402659851708691e-9,-9.17543857497094e-5,2.7104217023565802e-8,-0.0005563054132267098,0.016439022114354884,-5.351977430123611e-6,2.532902037000184e-7,0.0005225857651218746,-2.9288440412528205e-7,0.020606327602763486,-0.00014232643483680363,-0.0007379786342198713,-0.02950249561217788,-2.7868065010761e-5,-0.017825713499405538,-0.8808833807124756,0.04009307605520007,-0.0009796290852897016,-1.178506188470596e-9,-9.496873378900261e-5,-9.902907658343452e-7,-1.1979222493962993e-5,0.0005387261376768038,-0.003871761671179641,6.319528857989809e-7,5.007738634876802e-7,1.6285209543109858e-5,0.0001576848482756077,0.0007977086688093493,0.005138917527801823,3.0560941548518628e-6,-0.12266080882909591,1.0007346960220348e-8,-0.00014934833709645545,-0.049759363117800604,5.670813630065386e-7,1.8202203120765148e-5,0.000208242275931525,1.640652212697713e-7,6.4029706280978316e-9,-0.00023793296919194518,-6.790886797336526e-9,-0.3052255431557569,-1.9182953629126587e-5,3.198498601975075e-6,0.1596197687467793,7.307947198142983e-5,2.4339351691222977e-8,-0.01365477424542405,-1.8557667915253262e-5,6.96777351407718e-5,-2.5995569855052914e-7,-8.949591743245833e-6,0.00016083581112802392,-5.5097882090127115e-8,5.096343568943701e-9,1.9422282941661262e-8,-4.9848412557729205e-6,0.0020041691699077546,-2.4028041027343572e-8,-9.278478844798599e-6,6.639454791235178e-7,-0.03441118248156272,-1.1704470542994727e-5,3.4381857583198894e-8,-7.305491404707709e-6,1.038991050521243e-7,4.377718403232589e-8,0.0031960219201323525,0.0015595961854160123,-0.0019333903928782092,2.825816839191475e-6,-0.0009395338933231301,-6.86746427780438e-8,-0.008191878140451081,6.117176316600137e-6,-0.0002884425109073163,-6.585234429146158e-7,5.340953858432723e-9,-0.0005018512908421258,1.921253239345333e-5,6.747769122794622e-6,1.5862975056776807e-9,0.0008536842844932835,-5.186831685266569e-7,-0.0009325800766646353,-8.798253201192097e-5,8.888580547983249e-8,0.05894581846678193,-1.6311745165142888e-6,-2.3085634209829564e-8,-6.585528444791322e-7,2.2830813443952547e-7,7.445948367656996e-6,0.0005212361890727379,0.00013892741940679798,5.3150698894194326e-8,0.06135939786236122,7.73379150859066e-8,0.029015680549491663,9.694754778966086e-7,-9.751409147940038e-7,-0.1329042961988307,-0.0002890263713766217,-0.001365372810369081,3.38695216543089e-8,1.3913868405768248e-6,0.0004017742226523069,-0.14481611017981777,-0.007812306403138791,8.210013292819784e-8,-0.24982395896222442,-0.004520003855645882,6.60073326574917e-6,-1.2086116816800718e-6,-0.000779151498377928,-1.1903987865657939e-5,3.803547742597946e-7,-0.000578225952494904,-0.0014033846558731966,5.272165924039007e-7,-0.000717731626117768,1.2918578262688385e-7,0.010304531305877163,3.762850935240536e-5,-0.07055377885262715,-7.136078002123458e-8,1.516006149837601e-6,1.0783435034911193e-6,0.03854883364692796,-0.03145494693353612,-2.956058786196536e-5,9.527737725889551e-6,-7.195499400314276e-6,-0.00010568044494618789,7.399944207397979e-8,-6.471078382169759e-8,-1.0249445250853917e-9,0.0008474429840639175,3.950249710671372e-8,3.4653910908899466e-7,-3.698380192374007e-8,2.318384105748361e-6,0.0011447327667752916,-6.130996094455554e-5,4.2204099499620895e-6,-3.807489207165865e-9,-4.770342413307205e-7,2.966888670297152e-7,-0.00011064979603414571,-4.1744721304692867e-8,-0.03546133307281707,-0.0948855359620211,0.0007888413531986771,-0.0009818556942207124,-0.000701457631933522,-0.0006080695117134383,1.9691006260702526e-5,2.3578093544252e-7,1.189285133595952e-6,2.9928515627997143e-6,1.0356540037781414e-6,2.723165336337985e-6,0.007358877463161662,-0.001336650873980716,9.753691729486036e-5,-1.8341343203664984e-6,3.789071973715752e-9,-7.594253725873301e-9,1.1691964316856707e-8,-0.0033066933150678324,-0.0008821862627428345,0.0009002725309983362,0.00011103768503151201,-1.374501887030366e-7,2.0150948470631924e-5,-0.002315480933020808,-0.0035354544111214636,1.0002623732630056e-6,4.058336924295247e-7,0.00010718692365685456,1.4210955307514261e-6,0.0007707521962174724,-8.748921337869975e-6,0.00014808236067409553,1.0302666021644313e-5,1.6260199630302452e-5,4.169571176004805e-5,7.014104716485114e-8,1.3421696257592819e-6,-2.1276324533303637e-5,-0.02973873979999553,-2.222277687735641e-5,-3.175816795231157e-5,5.056738928699289e-7,4.913688132823779e-6,-0.0008533332053026754,-8.10946808904589e-6,0.000211168469180123,-0.0003731064231971004,-0.009722944386339805,-2.763466972616202e-9,7.374215752614655e-8,4.5007404109176363e-7,-0.07441297162768024,1.0870510406754685e-8,1.5815465293292363e-8,6.268237384432496e-5,1.9840769061030272e-7,-0.0005194903266101392,-0.001882345139733843,-1.4729026439619375e-6,3.792062938984264e-5,0.00022120434213945828,0.00029645142993928175,-1.360327296862085e-6,-6.376122431817066e-5,6.017919951424588e-11,3.750766982158621e-9,-0.07359128340613097,1.1523957407777452e-6,-0.010183816049902816,0.19854312939423835,2.593159851199678e-5,3.0401166272397973e-5,3.9987206715275114e-7,1.6131316560308306e-7,-8.256565524789039e-5,4.027205456225147e-5,-6.340374016033934e-6,-0.00026597458447241706,0.11298564809385425,4.1697439375099066e-5,-0.0033008772570610745,0.008635013920866186,-0.0009712721805499314,-0.00022374948799352978,0.00013039932212421945,5.897246624542163e-5,-0.00011564106909744964,3.633277393388923e-5,9.429657235396349e-7,0.056499953284287585,-6.920019427880675e-5,-0.0007561959333060031,7.692677219395261e-7,2.19164634661026e-9,-3.825211479568935e-6,0.006023564703809825,-0.12409975840273546,0.00012939526786628908,-0.005114005949167222,2.468903627546315e-10,-0.0013707985689563884,0.0008417497765549342,0.015824282113953814,-3.6292321634601166e-6,-0.0002443550510271564,3.3537166443942112e-6,0.011541106528966338,3.205207115763997e-5,-0.0007710971874299588,-2.2534121024264664e-5,0.07659975665592356,-0.00029606267942483555,-3.538567066563303e-5,-8.024488995950207e-6,-2.2266216202770917e-7,-0.0002752641639176545,-2.4028698913935997e-6,-0.0003617135086244616,0.007733335671900932,0.07967998037929647,0.0006127356770946335,3.0317692012671316e-5,1.400169892584735e-5,-2.864306546501716e-6,4.11581891213153e-6,5.900731945424065e-7,3.223525500217761e-5,-3.6445007864926993e-6,0.0001681143946825614,-0.0036784211715605863,6.09603900798561e-5,-1.174464476605408e-5,-0.00010195067115859047,5.936335523859526e-5,0.15944477952143643,-3.2929239761614326e-6,4.087111619976991e-8,2.530393253263874e-8,7.543191224423929e-8,-2.0020686407329347e-7,8.626401302280762e-6,3.635627193787627e-5,9.59724600180234e-7,0.00048050897399321,6.931458220761633e-9,0.08827100969938328,0.26939221948123304,-2.009808852510009e-6,-2.6085466837792726e-9,0.00014932226495645295,3.071810998900304e-7,-3.409000682630392e-6,5.4452896726120414e-6,5.1716850663074965e-9,-0.03389531669358803,1.7988581241766555e-8,-3.2979736181576458e-9,-0.050421718025063456,-0.0010550032121159347,-3.6215510581735777e-10,2.6509278994168994e-6,7.367158616489178e-6,-0.0005718667058118854,-5.409908567344246e-6,5.344457072453679e-6,1.2171135602189256e-9,1.7365796425861113e-7,5.133255748468457e-6,-0.011053882093619904,0.00038156846517267695,1.8106111940419112e-5,-8.9918436338432e-7,-5.261824559399386e-8,-3.115341997220189e-8,-3.9544718449135985e-5,-1.3731864844865327e-8,0.0003422003419473185,-0.0006326512207692758,-3.397142222416605e-6,-9.349590598617397e-6,5.020507766406723e-6,0.00011677489499106741,-9.310331244627434e-6,4.286054422131258e-5,-8.05850636914629e-8,1.1254147654460311e-5,-0.4652447851740362,2.538628438367163e-8,2.476594897804496e-5,-0.04246972098280821,0.0004475720574390607,-0.002115226455089214,0.054281407668895554,-0.00023854848719651045,-8.137486499304458e-6,-0.039889147701615,0.0661786483724427,-0.09117933488232666,0.0028155168211014825,0.00033371500326495607,-1.7657585420494115e-6,1.6101264196516363e-6,-3.821203501708226e-5,-3.764706904829662e-7,3.224240635035791e-7,-1.4284594345922996e-8,1.2854535040851545e-6,8.596241186431541e-6,-8.025824112245505e-8,4.592837095884761e-5,-2.3003518090369823e-8,2.8136504562868703e-10,0.011499046882022412,1.1559035901331782e-5,-9.880486968039115e-7,-0.0047454868015393,0.01158250652224524,-9.269185285987191e-8,-8.248606470750985e-6,3.6215960019098103e-8,0.00016423950559385503,3.3473198929323544e-7,2.5789627627892386e-7,-0.005018542533662185,-0.0009796328465085935,0.029328569259632786,0.16406650710996473,-0.00029421679301777637,-5.906746133987895e-6,0.0003780898244194475,0.49412478444355656,-4.971440573098285e-8,-0.00011659908597039248,9.626709840393488e-8,0.002694795655941107,-3.857907323912002e-5,-0.013812369097195187,3.0503948561522165e-8,0.00020940334842900477,2.2177176508764163e-5,9.401679093232196e-9,0.001074349864211399,1.5974999810486334e-6,-8.331186719667816e-8,-2.2482838740733868e-7,-0.0039812634995541885,-5.032452768394258e-8,5.218436738285703e-6,-8.51944981690167e-5,-0.0019287555709226467,-9.495819951535478e-8,1.0978725976246162e-7,4.4876411689487306e-7,-1.2537008847957054e-5,0.054375060203256,-2.003237287422771e-8,-3.959466920377963e-5,-0.00030852908558642866,1.7935455687290158e-7,6.311046583939994e-8,-4.5281648559936105e-7,0.00012488319578096707,0.0007131002075766446,-5.333919617100946e-6,1.9728124727586005e-8,9.061219196837556e-5,6.721162283396254e-7,0.046415837186941644,-0.0045122770379748545,5.0148188750903655e-8,0.19456578655081103,1.528574369125124e-5,-2.5343765649665784e-5,-0.0011089438920350858,5.2135538620712296e-5,2.130269853140021e-5,4.310901905169029e-7,-1.9423408699204003e-6,6.66244457754317e-5,0.00046229900443250926,-0.0034321224274265205,-5.18202662647127e-6,-0.039636449871977675,0.0006141408250641689,-5.962653378335792e-8,4.2040003626286904e-5,2.050430564337624e-6,5.822595012139331e-5,-0.006209765799212619,-4.608817100404394e-6,-7.292408545078732e-9,0.00010040035916314416,0.03643220748017484,-1.8590524275552411e-7,-3.5541642424280484e-9,-0.016167494765113588,-0.05963321978924796,0.5099608632735908,-0.00699039175924554,9.766816122351585e-9,-0.0399638763119583,8.853510626016803e-8,0.10521906455687713,-0.0011950242362672725,-0.00016193121183505355,-3.841074685162482e-5,4.3948203479193815e-8,-0.01315589028672548,1.7294469337181262e-7,-2.299107463521466e-5,-1.056783109021353e-6,-8.073719141576952e-7,0.0010425403368117259,0.007730297878879355,-0.0017360635220029508,-0.0009853385693645578,-0.001353715240497877,-0.010192329036158299,0.06028795518068364,-4.659314550847782e-8,-0.0022391966483610304,0.0189430282007379,5.5428499763365835e-6,-1.3978472784142992e-7,-0.0007616983410798639,0.0001314798772824588,6.69893047644532e-7,-8.567950645840816e-9,0.0019605266302278324,1.591578236911917e-8,-0.07093308407638688,-0.09189226251328364,1.095331174372216e-6,0.0004554078533374195,-9.589115781416524e-7,0.0024936417958087986,2.102954113625266e-6,-0.012637800939955923,3.6716617055621015e-6,1.2689085765200253e-8,2.183721070414535e-6,-9.140555941034023e-7,-0.0009210864986926026,3.586453697224101e-5,-3.4272447003047546e-5,-0.0012282875619575861,2.5376115606046135e-7,-0.35244392915046774,-3.554747365352995e-7,6.056366749218611e-7,-1.8250039910405746e-6,4.752425455251119e-8,2.3957726098533527e-6,9.596510266995928e-9,-5.7455052537847e-7,2.076346828472353e-6,0.13535474994569086,2.7480019625159002e-5,0.0003211763664694445,3.1188373079138465e-6,6.580332103864328e-9,1.8020650095040835e-5,-0.000949132162531896,-1.0121731693069069e-7,-1.533163918487901e-6,-0.015384156093205092,-0.00036188232299139145,1.3225639706959669e-5,1.2800169814641826e-6,0.00010364147783548106,-0.0024913974638849368,-0.0007945505687985133,-5.666872301191006e-6,-0.002799873564072186,0.0002527697492240577,-3.0647445576903465e-6,-0.014524982694638311,-0.0004285434708037883,1.9427064321675402e-6,-0.00035260941291426207,1.0524366857601192e-9,-0.007555383779617841,1.731883537825496e-5,0.05496227777985041,0.013422865828033537,0.0009811167833504442,-6.2223099721592234e-6,0.4180937485798495,-0.0031233081772370497,0.001987928540984285,-1.1607267471624994e-5,-8.255226227604773e-8,3.428014145115399e-9,-0.00024183167693081487,9.703873503497107e-5,-0.0028953029873264313,-3.762063565670992e-7,-0.0017527530217193998,-1.4119248126220896e-6,0.0054756132603870356,0.00021320407796565632,0.06130364380805986,-1.846421413508048e-8,2.767715037710339e-7,-0.05682492289088259,-0.00037411762210126653,2.7566090616826244e-6,-3.9859472500403115e-7,3.3367342465451255e-9,0.0009641267039910417,0.0013368590061872965,2.503044904157703e-9,-0.00010837349337577962,-1.3799757266674817e-5,-0.0002832355168393974,7.681664322689574e-8,-2.8525302552040444e-5,-4.097453998985756e-6,-3.632558392929752e-5,0.08540208438353147,5.017291867304152e-6,-3.76929460754738e-7,1.2944593194563758e-7,0.35067840246483684,1.5921625101666947e-8,-0.1230268494982738,1.2232983364501848e-5,0.0030703081438332447,0.03800190557012684,0.0077477782178903,2.1685381624836353e-6,3.914709817198769e-6,-0.0019480897335597547,-0.0011390724706643596,2.9305545232172214e-7,0.27271475455199834,-0.0004376249628421647,0.04715385156669072,-2.0328353069615224e-7,6.135719885058677e-6,8.66470815652498e-8,-3.5599933743135637e-6,0.0002023397792072501,-0.006380924046368364,-0.00026464313563678843,8.689527374559913e-11,-0.00627532854787205,-0.00014469472731448718,-0.010622424104440142,1.1877812108665453e-6,1.3207932868242178e-7,4.828760932773513e-9,-9.123407274935769e-7,0.1131270305486396,-0.027720406313164858,-9.716618071919925e-6,0.0004798688082878755,0.00027443246926850406,0.13051072004600428,4.5756756764103734e-7,-0.001034893728501629,2.4390551106590053e-8,0.004984252552276303,-0.0002971356955754345,1.1854265564714694e-6,-5.4565638452075405e-6,0.011635425267741084
-0.015725894050774514,-0.01612070554093492,-0.026561426941043464,-0.01306941412985907,0.07273909598734463,0.007042959549835359,0.17339330771937966,-0.021691266309062485,0.1078784484325297,0.018787363536830526,-0.040070002743959776,0.013263119231169185,0.0026304748334951,-0.22918064485020295,-0.028523208162368974,0.02006963916045379,-0.024259386633957547,-0.015336953760197503,-0.039601664569090644,-0.07451173620574991,0.019712064258783357,-0.04340725498059328,-0.011273881419356258,-0.007498529728309222,-0.004747668315758347,-0.03564860450751439,-0.02287958306442306,0.03128552309999577,-0.07508836642227834,0.02866987646484631,0.003805591893296878,-0.00451597050187047,0.010000930518799578,0.0883889190354239,-0.011665003504276683,-0.16968171405460453,-0.15216738697927212,-0.023641376828891225,-0.029322758522539516,-0.07695323707025636,0.04813795031805057,-0.2711351333791754,-0.208373436702459,-0.0509364374102006,-0.05901642938852092,-0.6197174780754722,-0.04061771026317729,-0.15677528039850586,-0.016810259342491918,-0.057526172411598964,0.02742492415518427,0.0763034197716479,-0.0347665639637853,0.07327042153156071,-0.004654880395719374,-0.24705058755307618,-0.049942953715799376,0.0032426714955704483,0.27495952418803427,0.15517108190397266,0.024747629213379696,-0.03430289376683504,-0.034286637062905356,0.04531188093096716,-0.10668520893341338,0.07323733361818086,0.021495113453056547,0.01002540010949815,-0.04334578075395257,0.02400546441208462,0.002787094363156939,0.011220559623325244,-0.06330880691166385,0.0067500677878342685,-0.19474105511108064,-0.11428855107669733,-0.12227621360943886,0.0438446838463733,-0.09763898546088967,-0.014388512695404643,0.025065092890145024,0.05154585658817723,-0.01189110430823348,0.23983918331032328,0.05408089004777139,0.07439665201900425,0.23019217494220356,0.000860315325553529,-0.026494389828258136,-0.035565771920119005,0.049604295467361226,0.042664260194214876,0.049716491937715546,-0.04281965947666322,0.18591649881273042,-0.04269134868718538,0.0735992277313926,-0.020772549318280653,0.034512099340645364,-0.020899166337585484,-0.006345887634410019,-0.07221173849211482,-0.0476115041774392,0.08969446533774317,0.09159723110496998,-0.0007077194513840368,-0.0331589939269179,-0.162727591516159,-0.038733811406928,0.01585399444138602,-0.018221655479692345,0.002813242798765714,0.02246221171844809,-0.2592997727479087,0.042842577098781476,0.02773506163930506,0.06768338964775467,0.021560081651841756,0.019491555396598415,-0.10877863303903723,-0.9328450420580339,0.04201719279262761,0.025865144444651378,0.015304411838769738,-0.01495576949128008,-0.015365552697403473,-0.031009310065201134,0.05373016394969454,-0.09365687073659501,0.10110649339185329,-0.01486311626922543,-0.09600094235884171,0.022414083176045096,-0.012419006052368786,-0.04509991766940402,0.0293038716808951,-0.006981288415772724,-0.23014627602606197,-0.13933962804185285,0.039481109853113594,-0.011218182198263094,-0.0200465108082426,-0.29102851188144996,0.0014169574997140444,0.16408513645728817,-0.016412052246550957,0.018563169973276672,-0.005047223019573721,-0.8789931529900059,-0.0236216121011239,0.006372812917902593,-0.026508037394251005,0.03235592752844241,0.010087096328788903,0.014202219547314598,-0.017390063831044245,-0.008245757376244,-0.09541735862512724,-0.21721109225109103,-0.05890497965128816,0.1241916394646978,0.018410943253002188,-0.006303110276405732,-0.5190936526851146,-0.027054881111325813,0.003800058541855833,0.013722293317186995,0.00766818728607177,0.03575555453335255,-0.008492046807987208,-0.06906530561536783,0.052550497397533036,-0.014251757232159434,0.10234515198862937,0.0005010137319914065,0.10133511986032318,-0.017870781336569053,0.03853165707914741,0.08721636794325605,-0.010136949715615629,0.0001613702870599809,-0.014927093650612733,-0.012619511322327526,-0.049578751525586995,-0.06099970854074854,-0.0033101468709446635,-0.028989459584408905,0.011141241387122136,-1.0713036717279465,-0.018115501810370915,-0.15831053748115664,0.056554107808551635,0.0010965352294078912,0.048104660444096226,-0.004076720549505808,-0.008834041661998526,0.02309077824565975,-0.050355231323919725,-0.020012431851682777,0.11630770813098934,0.030736362969037145,0.049433259856414224,-0.026423963908200676,-0.028304154947363713,-0.034490821528379456,0.049547062977580936,0.003181466037858627,0.01613354779965448,-0.00593387865137629,0.11465003484045155,0.018974770047861966,0.016797062738987734,0.058585693514032755,-0.6080492314285948,-0.24050654290840612,0.02922789312015084,-0.03500730126916096,0.040276677545989514,-0.008729812119781855,0.34618129015143495,0.033586204436687694,-0.02259562944107074,-0.08212726043166185,0.10281389842566568,-0.03627318740473129,-0.011186315247414313,-0.028460340237870696,-0.34655751319542105,0.07103315736105742,-0.04739737474665162,-0.16782300811246387,-0.0074321154397694045,0.021314625768027895,-0.002044286308773735,6.644263567068265e-5,0.032785541441626265,-0.07264790629051276,-0.03423622541868099,0.008873861659594695,0.06703611693683342,-0.04116793872526614,-0.022649256206932478,0.005354177988010633,0.08752857818035409,-0.08630880318423806,-0.034712061011305195,0.008683183329594613,-0.04733756486029961,-0.007336121849220945,0.012008914511170588,6.470887274190318e-5,0.07057605914087617,0.0018089410884840618,-0.6616403110419924,0.04550994031706068,-0.20799660033422995,-0.17063517286987917,0.016829265724481957,0.010384031659214088,-0.002311226149686263,0.022157246292408672,0.12224591909398441,-0.0476470990524831,-0.017544827176607214,0.26277446301537566,0.059220553486738936,0.01861363933858229,-0.020116321494242584,0.011867591276768508,0.023147308433181024,0.1241940666964183,-0.04586401834694698,0.012539139784678355,0.01492592431304729,-0.014204244384245612,0.02018541037068644,0.010224080682746717,0.0037047008518129587,0.021987127264310402,-1.0274660594805027,-0.6642162022471894,-0.021017039118305547,0.006419348143253956,0.05161627955476433,-0.01849781184864696,0.02015883717149336,-0.7477602403014316,0.061807700890312844,0.019291355989480508,0.007145958284581866,-0.038001726989023155,0.08780003549691173,0.045522726460603735,0.007376242259624632,0.10299152881680129,-0.02873529852104184,0.023715873143373756,-0.019673798060011904,0.006887518229746092,-0.0037851346023671795,-0.10151877093449002,-0.01403755578030541,0.17252107833337504,0.08276657829446776,-0.027096600222648703,-0.01320513477185159,0.0011237809013096012,0.043067144721135264,0.012055413542839233,-0.017286720737502037,0.11038408299646107,-0.0018421581739858084,-0.07877837817068212,-0.014585395176254679,-0.07039646703105973,-0.05376271471686778,-0.015303262214274582,0.059593937366116734,0.033946216257390915,-0.07983591822267044,-0.16328003467424423,-0.01884667347985669,-0.02943476883956464,0.05398326948306931,0.00033636884927545907,0.05242196038852853,-0.07705868456105236,-0.027268693995210924,0.006159544027354968,0.0070303561928994895,0.03940063776099123,-0.166389591418465,-0.2955125525204494,0.04501980371060199,-0.03394604366985732,0.0066197225905852974,0.06256626655391528,-0.017054735949386668,-0.1148392843970214,0.03730126234790987,-0.02514962617715355,-0.08040776490497592,-0.4598248899492319,0.004356341416496434,0.010251280052216316,0.041606882181440596,-0.003540349211107241,0.3058601975790225,-0.06654876667744247,0.06764691746138851,0.041027412747098424,0.01771461630403337,-0.008461241763143335,-0.04690210143053264,-0.03658149385228171,0.023233498173794942,0.012738255130898324,-0.3033687138740788,-0.4570817807834828,-0.008915743906982243,0.02406397717732034,0.022362062549632356,-0.196478080115412,-0.11207527618171298,0.012302376018624273,0.04609989433083683,-0.22202656050103542,0.022448555749178922,-0.020955387810317916,0.1524445809241115,-0.5267433896224247,-0.09156889009682345,-0.05628903419892595,-0.007356209771160138,0.06036140152718872,0.020304831994508277,-0.002214997601640789,0.0774754819425425,-0.08747241924629634,-0.052811606964496605,0.042811786987840605,-0.06748223458271241,0.02624556619230134,-0.015731917794255423,-0.00792474568970647,-0.008809631196527334,0.013169789506946472,0.08809119991201442,-0.08700197317921265,0.04108419543990749,-0.03611135017445122,0.017469280577643076,-0.3363384317035525,0.03696311324893031,-0.017741744354680122,0.006392132701876108,-0.016700893138022366,-0.002284149428305682,-0.04011211842089324,0.09352445821059518,-0.12996893851959612,-0.018384119803158683,0.01681198381129434,-0.09251053802290699,-0.018089436167429085,0.019898587118404976,-0.11372286368077766,-0.02032221668218881,0.0008421628522228275,0.010906000591148768,0.07512926238268847,-0.002634016131196404,0.04580363572358692,0.01645506662362095,-0.08943756991175178,-0.08149881382632884,0.001608362261322327,0.06050497370597441,0.049095276997832116,0.028616439381039527,0.19776551768518402,0.023999322909730836,0.007918650911960867,-0.06507331892134971,-0.01005636593527015,0.013281418233418663,-0.0531039528459587,0.06057200103714422,-0.12039165817009234,0.12555573293866473,-0.04102687191516452,-0.011148695431984379,0.07623225553061275,0.28755488573369803,-0.035208219883315905,0.06972683170442906,0.06625620817203526,-0.02852135241528231,-0.07687367805010581,-0.025375759455982916,-0.003041028604229723,-0.0008947688961598033,-0.035743474363698624,-0.04716653593277442,0.12833373448302154,-0.011695152831634914,0.018537201338403975,-0.028140862479631323,-0.016413616254340013,-0.00221107329662118,0.1410538127311156,0.07282908670640609,0.04368425232792106,0.06249056072556414,0.10321112864767201,-0.003935542929866642,-0.03529284566411661,0.1940521687938599,-0.05528267025556488,0.04703363716907916,-0.00797408396283572,0.048833524764631875,0.008799735212960513,0.06803774856598466,-0.20447850718483096,-0.03917577436573083,-0.02972425833286252,0.05669224555913388,0.04824887784161547,0.006429527209547814,0.19482931598031428,-0.04900446994452068,-0.013380771670654212,-0.025778069024454453,-0.20396281425564666,0.05176019656551034,0.09230023717765334,0.03175500131692388,-0.025517146546917502,-0.002948149281564838,-0.3439922916386422,0.05485984098777408,-0.0207837837660918,0.014730573052474938,0.04746051376878313,0.05442904467781773,-0.13957468814624008,-0.007143425469621434,0.09338795706935343,-0.07506416500109481,-0.024876480136299506,0.02302766942011658,0.23707493163669824,0.02412669787372579,0.0019043650834191794,-0.012025686754896014,-0.060819781131613126,0.044534091706736945,-0.047009882536258374,0.025841707673407655,0.02516987809121929,0.025846511678537354,0.05898738590985886,-0.21617093143413513,0.006490965127682102,-0.0006699149016640149,0.09334925428106544,-0.6401557106873952,0.009803736038065836,-0.02841732805563879,-0.10897590816955471,0.017821354427269398,-0.02909686628572672,0.03056570699391159,-0.01609386154814274,0.012141865379817318,-0.056089410486720226,-0.0035603069973149104,0.02852361033728812,-0.0011199977905107517,-0.5104565598412591,0.012665242349612527,0.0395473591179325,-0.044704094441840425,0.07090227080516343,0.03500065408320552,0.027893728124581685,0.012302785458359722,-0.39808276361327444,-0.03849216760136187,-0.034620076385181164,-0.03404504022364563,0.04279494904403691,-0.3563566126904334,0.008968085207754939,-0.018871319600975767,0.00431961685353599,-0.06927512919946821,-0.0019794885392911965,-0.023417808384692762,-0.02245094328191044,0.023071210770467587,-0.9414697006141068,0.011174621460668277,-0.22074062702449737,-0.05880235327822447,-0.04396361690851336,-0.03550440297658497,0.03111199457850944,-0.027752063920814862,-0.010706366939984946,4.7473058202740503e-5,-0.06421997231973364,0.018569778603705345,0.009068466224562144,0.04968086735198085,-0.5427769251546124,0.036275131470574706,-0.014049436707864515,0.14150699008860101,-0.03047723892814247,-0.010200365683886048,-0.057171574802850955,0.02314272147327756,0.08519727845759917,-0.007559812399449584,0.017928637833392713,-0.1352122599928407,-0.0019744502083085536,0.05016750564709582,0.18316852012685558,-0.05139834927649645,0.03545020865567494,-0.030927165225193676,-0.26690147237604833,-0.02722903198991844,-0.008358283717143422,0.007587565302856092,-0.2848392015603167,0.008414223239014973,-0.014717517994540685,0.19023122610724386,-0.030826214904664084,0.04183178978291835,-0.015891321975459505,0.0036495662554898445,-0.5242146022355882,-1.2829018978081876,0.0840132045395876,-0.018024007418262045,0.03685528320420417,-0.0665332214339287,0.03897509515394404,0.006440693345211912,-0.40147773401804443,0.030248722090618685,-0.009631196841837664,0.020977918095013592,0.13492046168880734,0.049481828341185974,-0.02037578150520858,0.029469208333466668,0.003113098810899828,0.0021451055763463955,0.02524102554627916,-0.001547505641610769,-0.08157079600823636,0.026515179237321718,0.012967636520443193,-0.017124339097335906,0.04698133376268743,-0.0041858640342979925,0.02291109596444585,-0.06167053626950292,0.005607448435512197,-0.016822913577925647,0.013849582353486767,0.0033147644326163572,0.06989166617495357,-0.00046670886717947724,0.050621375788978185,0.0243218326090755,-0.003835724939563079,-0.03759752194105204,-0.005730235312512377,0.0034024913993562222,0.0077630656323890435,0.029799118608934805,0.006797956921218429,-0.008350365585101827,-0.3335793617698073,-0.018138981860829517,-0.010001229953331858,-0.014812922661803896,-0.0056940686008601915,0.04586998703371137,0.03119058242873507,-0.011482471738418099,0.06669594791401323,0.014612866988500173,0.016473173951908393,0.012221482586483035,-0.20322936770571687,-0.03736553194721637,0.06869676916937806,-0.10082604039416765,-0.020026182148285443,-0.03290408850853055,-0.04349717546483589,-0.038620547942628036,0.015110312776414503,-0.005475320849882337,0.055922927251685906,0.0048502239615118015,-0.20800642933591007,-0.012135962210777507,0.0865224254084751,0.06856418414253085,-0.13599630055887246,-0.0027494360037962906,0.07615683836957032,-0.14321883535740199,0.008985198860273158,-0.005299648392792733,0.1266547780141991,-0.013147247529559536,0.10826812569303002,-0.021439398919028463,-0.01668123759009177,-0.00027143731404066784,-0.056297975424513425,0.004768620903178089,0.011163520989043718,0.04857744809032738,-0.018423200085408098,0.09771341734813177,0.006012751515299897,-0.00021830556374879961,0.027033789870984037,0.023829157529689837,-0.03216812733626284,-0.0759254025268774,-0.04422588858687959,-0.005311507035486329,0.03187170503770176,0.03205528593753115,0.07480558514907898,0.04621748349745758,0.01133539415877749,0.04469943999811221,0.02276878470729571,-0.01299565561930649,0.007895678140926066,-0.004942748731082247,0.044626696027989965,0.007243923630994686,0.0012941818959006923,0.058788235917745624,-0.06071036905996152,-0.03639691066018713,-0.013772763824817957,0.01067870510433977,0.061669685530432616,-0.07936944131461132,-0.01155805248345132,0.007954985730748376,0.055715491354931146,-0.2540838105342118,-0.024581526438851142,0.08951851346137119,0.03490027112457028,0.03179592707624579,0.22218384972438798,-0.1740624534959352,-0.031186847249045968,-0.0014066761505091563,-0.0003307774443328526,0.05792521481271251,-0.04948287199840706,0.07668362708841414,0.028466550014854874,0.012447804713701771,-0.3258302213962452,0.09714526189418393,-0.6526198338506219,-0.012108521297250263,-0.041135226429560134,-0.032695823390895384,-0.017919762873361833,-0.04116632755176397,0.07911022188636707,-0.037057072875086305,0.01756010048393364,-0.05098783598077716,-0.01858990284756601,0.030033619315872784,-0.0012308555646995956,0.031366597800115414,-0.0028818245609727455,0.026726508542196825,0.016816561613723024,-0.029519756964873523,-0.06566029506211635,0.025963739314192935,-0.011639509891210764,0.05316476461212005,0.2964659490789927,-0.040257142471091356,0.022062407657244876,0.03242507259562899,-0.07023145794664742,-0.3296099619619781,0.012145589354986441,-0.03380986856245727,-1.4619386825579568,-0.005479061188452761,0.06366321245877771,-0.0564203053478991,-0.012920915469976535,-0.0034821018443835783,0.05765524770504271,-0.011113645542934592,-0.021633539942740754,-0.1471147260563157,0.027585514615111606,0.00551521058241633,0.019351915522292984,-0.16380682051021722,0.017394984892689536,-0.038820267646769935,-0.021818471348126423,0.002087027871311875,0.0036972848088225874,0.018363556153872196,-0.03964857163919078,0.012773555460171337,0.04324949024794478,-0.044631617405684665,-0.0046518423023371724,-0.00712012131469919,-0.003117234844239647,0.003518963805618114,0.09724734594283291,0.053632300110621145,0.06921810005997031,0.026945155132125365,-0.023286547866973706,0.10134351908709505,-0.18466809464007383,0.017795587095406518,0.009046257127920398,0.009157320934264135,-0.23890930105108055,-0.0033467565572209423,-0.07049550448562059,0.07445417511553387,0.07691595179949218,-0.04651777772778587,0.0014578233108295535,-0.011997675480415637,0.08082701669536618,0.005767347337496176,-0.011818587372545153,-0.04946842111166916,-0.019764419224884477,0.041851034166938916,-0.001783958587111556,-0.008150686198860058,-0.11298452894197908,0.23482259976299247,0.1117813300970738,0.0964097410596878,0.05133142583144945,-0.013981922193920582,0.013858642989362124,0.018577046674408848,-0.0074916429966833675,0.025577064879598765,-0.010909717237609584,-0.5931083994000801,-0.012509411240898771,-0.031501517800279544,-0.0007676569584873505,0.055596027212232,-0.023668742711322466,0.010561255941865966,-0.016448182123440347,-0.2773546259813884,-0.0018305664052604698,0.02024581915247836,-0.02591927585854137,-0.220313132089359,-0.017596202985942,0.01896283975111146,0.05101817603645031,0.019689669026774936,-0.00197298064745155,-0.10106717587996172,0.028966030838091683,-0.0028378793086858423,-0.009382600305798405,-0.0028584497954398103,0.0016097356528916862,0.04434326022237656,0.07463970694334421,0.02171592136801337,-0.04065034383711463,0.07970959283557022,-0.04497104391657558,-0.06010165289808356,0.09733463617885718,-0.39779881936556194,-0.007773929602080898,0.012261518143532157,0.04064596711486956,0.8172417036767001,-0.47752726760154474,0.01656600849401002,0.0134634658224968,-0.046053786580159795,0.016542649183065805,-0.04487875346558212,0.025279491461105863,-0.020743390564348374,-0.0042141924288898736,-0.04776611311990564,-0.021363109326557606,-0.6843943689746084,0.03943061616791965,-0.01465509719128022,-0.035627464646495355,-0.304342093206742,-0.023265137053385843,-0.04660650673395139,-0.19433079673399334,0.019469933959953778,-0.9745464984662249,-0.026447361920872936,0.0012150399834354175,-0.023337988639468676,-0.03160160686616109,-0.02995307845685602,-0.01709924986880651,0.00471974531046726,-0.14219106930249836,0.018990484355981607,0.09646880733953367,-0.04782835377409356,-0.09709219740034314,-0.027240000338679238,0.0007530390903411899,-0.014896518348905374,-0.03965084549054154,-0.016865213622622832,0.0037545124087046133,-0.14146908143447945,-0.007020530695854177,0.04505790086113848,0.07904340028676415,0.03732409479562193,0.0256670026719803,-0.07006607334551518,-0.09452492980744864,-0.019860483003867557,0.015378479742139461,-0.017946381928595656,-0.02061663363815569,-0.002521557613818004,0.04654019858571701,0.004900573163581612,-0.04612190909938363,-0.029970189738378394,-0.048392611810413655,-0.03941495905928605,-0.06088965886465303,-0.05092368531950342,-0.025986994527556817,0.024724940300075104,0.011407182340008148,0.045667149701330345,0.012826473899622215,-0.0023121144308788644,0.03741111977797118,0.059621839512146835,-0.013156121889551287,0.005438905746586897,0.056065995801873214,0.09058486190133408,-0.08476464738782852,0.027123053822151633,0.03678154359589314,0.004964878189639421,0.02177060678388898,-0.03983901012543356,0.025766213535462157,0.027142736224504915,0.0036755524726004296,0.05318717609543455,0.014577952930267202,-0.055353357206513465,-0.009628007845094544,0.0738985320822394,-0.01134622850076994,-0.03074737569249919,0.013768591568805277,0.06892663768303464,-0.025464584123255918,0.10252275906532304,0.028146703248694394,0.1448069759271675,0.0007969262885580974,-0.04295659067793167,0.059937881040241336,0.03865726722551699,0.031769555725077225,-0.005232948095454049,0.039312788077950245,0.004664370724640321,-0.05166761207692616,-0.13122032322110044,0.041800528607836895,-0.06233485886150447,0.030091103950326215,-0.04056433323876263,0.012197235995017763,0.04021243795523333,0.020087440636189058,-0.06177794165159867,-0.021387235780821356,-0.0283064500981709,0.08037908173719188,0.035280952955872635,-0.18251222497201525,0.01310954506334383,0.1562200690041209,-0.06684619580119033,-0.11042689683745266,-0.11404285992603036,0.036655526192589605,-0.055424080987904745,-0.01929063315401436,0.04010011577520345,0.004855594839114019,-0.08594163124098486,-0.054742665775847854,0.08314554756725556,-0.03769102854312223,0.037387816380032746,-0.07232421689604962,-0.07370814484602306,0.03883951056968726,0.08390536759179668,0.08044087955750001,-0.04235404603969073,0.0192929779352653,-0.040295409327882226,-0.024058915263594827,-0.03490074440196622,-0.06458522368802733,-0.07199706112169224,-0.05206138356425072,0.031249036742906355,-0.012351119006780209,-0.01013494877724952,0.089715964431889,-0.042828291033629284,0.10843489357102953,0.037550629444012884,0.027520922094481648,0.0391552493601921,0.008166305546183139,-0.4020726518756419,-0.024434606601062114,0.14503287908496532,0.011097705930296797,-0.027399467810028,0.006806945561947941,-0.021609470084513305,0.07326684563349772,-0.03845684911721037,-0.051002750640691374,0.09148659395032155,0.03850504233196261,-0.07182073108265286,-0.06054495699117979,0.06196292669483228,-0.006133674245575094,0.006527331990810126,0.045168694254243746,-0.07580068801325979,0.06280875989614287,-0.01867781802866375,-0.02789338040520306,-0.025979816668041167,-0.09502753284050414,-0.010444750520719026,0.01125926506392716,0.03249400582899398,-0.015550774155144609,-0.007224657686492719,0.06674330573150655,0.06599681270927249,0.12178320074085036,-0.030088474255535402,-0.02940204294418436,0.04030310968119011,-0.01952560348672705,0.04977294636773877,0.0165218163137979,-0.021492481708264677,-0.049049191460653674,-0.005680520596797578,0.073313331382451,-0.03501972376488993,0.03585771903664181,-0.05290027979935985,-0.0038939429159654537,-0.060595874030695995,0.012819761556784215,0.021588183538824524,0.015777683887336025,-0.027334340394190804,0.027001122280267964,-0.08016769405548985,0.03599601172072653,-0.010239369080409233,0.03445701217970054,-0.0517332555041321,0.007248403668199899,-0.0026378167522125295,-0.031589363735292864,-0.019027401196581195,-0.023430459328665165,-0.011274029014657572,0.04222660235791409,0.03183028427883983,-0.032764916560154234,-0.030910605900317023,-0.0671961509231096,0.03305717270086461,-0.014009778695115216,-0.058746147183683206,0.031944759910402354,-0.019580389740099235,0.042385111810290255,0.04607183269035886,0.015097720515768742,-0.061586331260059524,-0.05848435424604759,-0.027406681499087426,0.03941891761496663,-0.01995591046068057,0.04174271000010776,0.07697024320350465,-0.04782891421473323,0.007914989572327613,0.01225184437680582,0.07555779911368177,-0.025538511034028488,0.0538032051299524,0.07210689584780994,0.0024272279536035057,0.06552026671852218,0.08268850234435376,0.1191745422695476,-0.0013259248325994122,0.020801731647225097,0.012996802058296453,0.008940576801251154,-0.05885271200895659,-0.030516457993144286,-0.019499003181408625,0.007102874394149694,0.05202396913591656,-0.05479568315331562,0.03706363002038415,0.024042131395617616,-0.02390612804083503,-0.04630496951722307,0.026560829460322566,-0.08100051585643087,0.023687440383582725,0.019498839330481132,0.010228097524304758,-0.07590632801930042,0.09086815343835042,-0.0018836729850590928,0.039932916223165194,-0.053037896772821114,-0.04191529201489175,0.07831419107424153,-0.0007765709724480985,0.06387242021628481,0.06944265130914573,0.03524208963312958,0.03314052429959702,-0.016786458676278926,-0.01014536314119141,-0.018886493469608467,0.009690632756246487,-0.003719031667060335,0.04353852851454576,0.03396522210459807,-0.0312628753044919,-0.05610653239637031,-0.03904800136319864,-0.03826883322562935,0.02386745301373594,0.09736632011481561,0.0791823449670801,0.04437173287146834,0.054752798624576826,0.006361464467772748,-0.09977425333073597,-0.014327661006973358,0.010262497811709181,-0.014635912257062955,-0.043456577252527495,-0.048956514005112695,-0.006732348585501313,-0.052684348181173846,-0.03565762906509917,-0.1911522023856378,-0.004606037809846697,0.0013786955387331545,0.147756337746614,0.16447071379843692,-0.00026161329333262984,-0.04468030298630765,-0.053036659557619714,-0.034809035639682406,0.029238388800877146,0.04958020982576272,0.04427912547180313,-0.09984295043977909,-0.0016582999714955804,0.006856205520307412,0.03363186551769104,0.03731303445601952,0.1992995206201158,0.0374789793158925,-0.04947665846657401,0.05569871490388323,0.03539001234457828,-0.06037670023852115,0.031144733468863706,0.03487225245226,-0.058522687781078275,0.10146543302653299,-0.005757776777500112,0.1262333537069935,0.3460538259569148,-0.038571536546442076,0.003109515434516652,0.006356655296428926,0.022861451911921904,0.07056726889754827,0.1295975957345945,-0.04469047480233712,0.2275899668202328,0.010440726795422961,0.08103396168644394,0.004434350405972509,-0.059316875597232865,-0.02255974798481475,0.04872811067980365,0.032653648701852944,-0.01265072954720381,-0.033145706072900794,-0.06939709042126196,-0.015041113394545391,-0.002920291954978893,-0.06405068156607285,-0.09722112499366631,-0.004230866692523705,0.01908887844365381,0.00328222974762582,0.10230462215804437,-0.018046897919703042,-0.06609556611579137,0.06697044619977532,0.08807218225410907,-0.0025878148658193822,0.030072696928982623,0.023429098252790936,0.07557953166178777,-0.019703855442458007,-0.01240534250609926,0.010553688820436946,0.06448769821918177,0.036457162329497805,-0.039692441037004755,0.03570838871291926,-0.2524996617648867,-0.035908221189856704,0.08074428051804716,-0.0315753427130403,0.039937249414833786,-0.04063689489157696,-0.017895178592880256,0.012058857748595386,0.03893839404190658,-0.017824639549942844,0.01655649351505417,-0.04156891328511847,-0.1027224072968238,-0.013503240174031816,0.007217522483188077,0.10208972792406712,0.07226350551536598,0.028210670638372903,0.02717733962526836,0.2726785341874347,-0.0007873497379478067,-0.014234889032195497,0.015251302313117776,0.0599819559174648,0.05338824689761168,0.009297564687983595,0.017480343265560805,-0.008327836771059083,0.011785536207753466,-0.06459322334922035,-0.0420663677759876,0.015038024430396035,0.014523592198656843,0.048049930923298234,0.061365373478110996,0.009336615681604599,0.11269294558587717,-0.08433924193741404,-0.027541760726535358,-0.028017827580697485,0.037145239915844286,0.047472246837060084,-0.08250808518846497,0.038437413432802714,0.031400409308844246,0.019413748103943362,0.06169760341435904,0.008888158620720787,-0.0050989407745873905,-0.018841113393136766,0.09490683774492936,-0.010590864485493512,-0.047812689444981515,0.21302363118593348,-0.005301635754221934,0.0075607677840707765,0.07286542447945976,0.016376096787098504,-0.054605168546913774,0.20791173668476404,0.01989875427170773,-0.007889987396083598,-0.00016055161813710583,0.0031597220950061455,0.01031201451587549,-0.04027441515540886,0.012597716628533817,-0.032738276924646925,0.007672319708944997,-0.036432421180506935,0.03442113575192707,0.03466343229683844,-0.07804361364378565,0.024396581932649042,-0.002862311380340543,0.012754019111298476,0.022892684895850834,0.008120632327745625,-0.041419413200628696,0.0290999976217563,-0.04112883230482112,-0.02904099714749009,-0.07156057783322467,-0.04263822971427089,0.10347525346514885,0.003057664264019877,0.05348291587870335,-0.006793498534079845,0.009484212182087504,0.06550300271652532,-0.07262257661932381,-0.07746637101308806,-0.041649190248790546,0.0027610839933913667,0.026436803469323422,-0.017880998891769195,0.07867578079969917,-0.005246253142104251,0.1188599008237361,-0.033986100577294565,-0.040436623860387044,-0.022706781961460365,0.0037260558992784354,0.05123194768520989,0.06156865719992766,0.0233998148489718,0.030079664130425954,0.03844169777926254,-0.012408906010023202,-0.010837571066076634,-0.006482786903234228,0.1552507941814838,-0.02734361279362929,0.07079910954439583,-0.002053037491350551,0.010645217038018018,-0.07643682378238736,-0.00699643864936661,0.014362399702804396,-0.09541897404153588,0.051681292738066986,-0.057541367244311914,-0.019483979429423925,0.09418537272540561,0.004581689744554751,-0.04613211185642285,0.10334884577036973,0.04469043125209282,0.003854387567116646,0.005440945051532253,0.05751360022941299,0.010126227053660841,-0.025459955060796347,0.022550609970494406,-0.011652019879647924,0.001236773559867288,-0.0033952755857171724,-0.10586631280330039,0.05903599294470041,-0.10019825286644846,-0.00658394608853996,0.01721994558647566,0.0017395642479556273,-0.07334432378598876,0.02353676564325724,0.015423957388520648,-0.05864321188710164,-0.011897865617356729,0.12233759864193416,0.07544195402988407,0.04300664405081989,0.014972686256442103,-0.0012619051035471784,0.0842202172971156,-0.056756480772946816,0.008146984396375956,0.01665910943665949,-0.042321067940065404,-0.06312783456814941,0.028076856637198944,-0.05558753068316946,0.07425704871002381,-0.0015967060044204118,-0.003301344779174542,0.03125325146083924,0.07953403727879049,-0.010001315839872404,-0.029609957625325478,-0.026709572173786,-0.018928533008875092,0.040308573131369485,-0.005124230377532513,0.10835529245605358,0.1214146969759895,0.014967416755098384,-0.02434296636806721,-0.043417126609710976,0.07823709098283871,-0.07673307281220332,-0.004354164680989925,0.07707702655534376,0.021189725299336715,-0.048172119373703026,0.04026066310416354,-0.014316006619083055,-0.09908424912697456,0.00724229626075612,0.0011821281223092228,0.011341076115968463,-0.0020697143954748753,-0.098678312064294,0.022573931088118115,-0.015905259422652307,-0.01792479728555918,-0.0425678583123954,0.18259592554386472,-0.0663756008279961,-0.03232636873235606,0.032335671108739916,0.01430943910327187,0.062425638226613955,-0.06098360109535861,-0.018245795668008213,0.05724365973765089,0.1428493913008424,-0.03162408484263324,-0.17486548185388529,0.020783238220246858,0.027193897824872693,0.016777010378518753,-0.04180789369456761,0.18347705969244998,0.028438181809178786,-0.09097631112854287,0.02532793027057778,0.020842717459345295,-0.0019585937516239937,0.08267443758768422,0.013705633106383175,-0.012877852755991626,0.0021114349092385964,-0.07490110041089793,0.05456886766478419,-0.045534888940892415,0.005377412753659883,0.016368339682230726,-0.04490818347039749,0.021165786372876028,-0.037960223240247615,0.021127129584783688,0.04889034505276868,-0.03989127731620101,0.04523275189581,0.048743223644123645,-0.0019569204669096507,-0.028327756511998814,0.007226361785797053,-0.1570907610002905,0.003990336339484202,0.02558247680644854,0.001925823054079956,-0.008637549690092783,-0.05219417312218866,6.850468435004586e-5,-0.03134309299889537,0.03036048559988558,-0.052618534381736026,0.07137107726885006,-0.04135835000647603,-0.03681376855547569,-0.03000459547911305,0.039001432283839677,0.0739056115708081,-0.0666318687549392,-0.06756037864067821,0.011228565779674682,-0.04421666396774526,-0.0033665944183667307,-0.06612362855685205,0.083302444396395,-0.009045814100318239,-0.028680238438937522,-0.077946581411652,0.025532871429504667,-0.025579168600188495,-0.011576470924410387,-0.07249735774075816,-0.026168388925270847,-0.1413525528550963,0.004194660019493313,0.0310275165575149,0.022738417407708766,0.07516942307302088,0.07156315908650868,0.013955931761302054,-0.036333816104274774,0.0012959285277247545,-0.24789653831612668,-0.0058436873355276475,0.010612866178135505,-0.11359868189174449,-0.00934361395218275,-0.000848899498123501,-0.021006158191539726,0.03447693714952038,0.019259608482116164,0.00846860604565336,0.0627209558733739,0.07645142698947893,0.06502552598522016,0.0780402399286686,-0.06568628921013442,0.03435888703552337,0.008898759910152876,-0.01323934194715548,0.04371467800956452,-0.027095249464764493,0.03019588832194131,0.16061199078103527,0.0782367502033594,0.0860934315569466,0.03757026169932942,0.01742010437646968,0.065530531684999,-0.11790144229189536,0.028246526393530758,0.03201466904465633,-0.016506342553839204,0.0011293878706055693,0.006198243345352239,0.06294708823043038,0.019242823222157313,0.012192846155812731,-0.03623703201151329,0.030720222574473155,-0.017577909366082167,-0.00655810741818641,-0.020550733833943013,0.0031625559668100323,0.02460290576937041,0.21473123785472126,-0.06513155133507098,-0.021795906274746812,-0.007365904433299875,-0.017568280953128124,-0.015064269706272171,0.0761954928075852,0.008353794125468994,-0.06268003562581725,0.017532740042781825,0.006659188291450846,-0.02571161177911563,0.01780514961137669,0.05812405260076048,0.06987821287475526,-0.017733847104864253,-0.046810483258013846,-0.031126391384532326,0.032789081136797904,-0.15594837826211005,-0.15521779365008115,-0.014584931339300056,0.053260757946191006,-0.04930173001594085,0.030794208912084287,-0.003541916808899259,-0.06929718805167795,0.055640394686633954,-0.003127584725007182,0.0117978517996562,0.033488874332306295,-0.05335195158968986,-0.03522160018019349,-0.08039588595784153,-0.07627924792905105,0.005050785281127901,0.038513283481051985,-0.11373770922727999,0.052281875072367257,0.022359175632118422,-0.01110149783653469,0.08502214633790572,0.06039685061250566,-0.045604581920088094,0.031326858208217345,-0.052708153521052736,0.024721554606458085,0.058564937386108795,-0.03244494135515197,0.013889342150832817,-0.058893869687381084,0.21227573721989756,0.034459741612408834,0.3066464883086155,-0.05014621159500621,0.004458962329181304,-0.04023556466745504,0.03974557907349663,0.03497918916036724,0.027567061012746308,0.021332987542336923,0.001906736242972329,-0.04913662581566314,0.051450668715915526,0.0015533699552179314,-0.000757685112262152,-0.009653521698226086,0.06834645501567138,-0.09351870844329824,-0.009152139177786012,0.014361620477757242,-0.02414115209467127,0.006358041067869635,-0.06919191770180078,0.19185414031926484,0.09501303784782067,-0.06365467354407883,0.014488076380303028,0.030373792096725083,0.0030933181860746117,0.07001727203441988,-0.04752336714773264,0.13388059800081464,0.01882882064273872,-0.04448802973411148,-0.028867043796708458,0.009324899322564306,0.011286474433291005,-0.0002907573234551819,-0.03216584968504321,-0.07466057542842464,-0.02203696243395825,0.029270470972051044,-0.050315556953137275,0.006490028848361362,0.0009642047443776391,-0.00015872049152676482,-0.07347490609919305,-0.0020691934626881903,0.027319904447722365,-0.0015709157196397427,-0.014215995432550699,-0.02599947022025617,0.0024875149720173795,0.0637559315391627,0.030239796466048574,-0.0006613503237531404,-0.07948118590161357,0.0378383092547665,-0.030296270688268123,0.05319821949450443,0.11651943373726681,-0.09608217053380486,-0.0008891186885193747,0.04965893721913517,-0.002065694528482709,-0.035539687550340204,0.030270300610027334,-0.01772346586119511,-0.03317009728834819,-0.0018036682668025605,-0.07482228551725711,-0.036063822149117186,-0.0361587921725004,0.23961147019872442,0.17072882311185822,-0.08932089089466899,-0.0396881778824536,-0.13572921643935842,-0.040305549118784256,0.06283653273749223,0.07959152543162418,-0.04816998460137256,0.12798923078457847,-0.0545350793322541,-0.043669121974062364,0.034386205547434656,-0.026766120310639963,-0.24904918878746685,0.01899436052406145,0.048356454017266515,0.0366304502258572,-0.09858721831915318,-0.026208390998817777,-0.03727952705864368,-0.06143006474576396,0.042470316577009726,0.046055763166805264,-0.022672929113468854,-0.022243509192207966,0.02598078949188576,-0.17950648171836292,0.008278005938336719,0.011238931688239973,0.16405118421698717,-0.009985101367419702,-0.011291319697193103,-0.030000256526363955,0.15731512339698384,-0.062406235373600794,-0.027629795028587978,0.01618867846809735,0.051869365481252316,0.04110285076058062,0.06789414339073119,-0.00408065398380586,0.006530401271731989,0.038225191828132665,0.02793565711544943,0.0019229861409257865,-0.0012408152672378492,0.051246436403744156,0.04966413618421939,0.005266729338472942,0.07058204631130138,0.06691969463327041,0.02309002017318562,0.04385084731825373,0.02508298963857669,0.0068681574580296,-0.053752258300846734,-0.005404130959391296,0.07003445124792052,0.04325194346347416,0.03637394622910506,-0.06385107654227795,0.04921839125381666,-0.1293762663808593,0.05497653766894928,-0.15142225185627467,0.04961781396650622,0.018869766126954346,0.008352084863872733,0.010687328542189789,-0.01706062097218819,0.011241903004247433,-0.07664096783446439,-0.006423169866138778,-0.03279092726097588,-0.01319666162453359,0.18055075057873182,-0.06106422925404331,-0.005109792083658249,-0.09183651177045249,-0.04960153620777419,-0.05258865776761468,0.030143361662339885,0.0678219862043079,-0.005299522529639944,-0.012005590066110017,0.16526282519225788,-0.030048112490476342,-0.004245798077135987,7.410505768190578e-7,-0.034361932579486165,0.0034393601331430546,-0.00018777920227819322,-0.0006819029820235301,-0.01281916692323648,-0.0059997543603458325,-8.303223072836374e-5,-0.00612451456618146,-7.625285031132023e-5,0.0030862072887885006,0.0026527709164838598,0.040594599750875204,-3.626667209599699e-7,-0.0008695445378634759,0.0035316747143951943,0.030109660985544906,-7.87391945505922e-7,1.6867899668149278e-5,-3.111199886274285e-6,0.035125865368172526,1.8819213840615134e-6,0.012857753690241225,-3.277167551440918e-6,-1.6587551854990723e-7,-0.09779664796042198,-0.03198201910709031,-1.0028982259102648e-6,3.953095583375532e-6,2.8320539433579484e-6,1.3905986794016112e-6,-0.11292336033511674,9.040938900639617e-5,-0.0003462475084461403,0.0006931367774996033,-0.06064477708969207,0.0004149825083459291,-6.220671775868797e-9,0.0001845338790360529,-0.0001780988021540253,0.00015450848051612454,-0.059826522614457645,-8.772093784865931e-9,-2.8890538086856488e-9,-0.0003003541127242215,-4.221660603320743e-6,-2.4744764815301523e-8,-4.061916481293282e-8,-1.7657491560821654,-2.341830115937249e-6,-1.3121628146561294e-9,-6.318468441166014e-9,-6.039545133873503e-5,-0.0008550166984946372,0.00037591816820281565,-1.2676520233799238,0.036189258584272466,-5.428168270071865e-5,0.15231310029776068,-3.4862407904956427e-7,-0.11797141507122433,7.625743007366736e-5,0.0009922231517975888,0.0003810657738227974,-0.5611501152307028,8.773326022004646e-6,0.00310731568151823,-1.2117326601834844e-6,9.881501118513825e-5,0.0012161559006358402,-0.0004375740754198887,-1.7076410163598815e-7,1.3700867398658279e-6,-0.001228361395817501,-1.7443577521314424e-6,-5.075729191280059e-9,-7.874540057239976e-7,0.10486934186337749,0.0038271579357740393,-5.551554625504718e-6,-0.082904949933436,8.536799532832262e-6,7.438324242992067e-6,-0.0004522300492908471,0.0008438354164752582,-5.679146156730569e-8,2.650162826967062e-5,1.7191382281511736e-5,1.9824597828899115e-6,-1.084139481383195e-7,0.0003911595198005102,-4.8890480885965815e-8,6.66791888698226e-6,0.0058726669230964035,0.015490288968067034,0.000640220085188048,0.005236383475221373,-1.1781776400021045,0.0003153398931345919,-3.521431358177729e-6,8.333473770355537e-7,-0.0002539673282626609,0.004706034390494551,-3.4009514922050954e-6,-8.755794344839085e-7,-0.00010204793431967119,4.034478033432265e-6,0.018858691575587727,-3.6226171071587765e-8,3.475061670296653e-7,-6.735281636860435e-7,-1.7075675758648767e-5,0.00030879070982337,-0.541662199946586,-1.615620104544746e-5,2.0863728940334614e-7,-1.269634661049679e-5,6.082327373846397e-5,0.001660941076806921,-0.002031890887337795,-1.0354196639805746e-6,0.000402654762062582,-1.0348800578985351e-7,-0.1150791631807806,-0.00013825344176154886,0.003065405878430738,0.0039018316927013075,1.4593914055560653e-6,-2.0893053707471756e-9,-4.006021932234649e-8,2.6230853353848005e-6,-1.6616383395479106e-6,-1.662420934778197e-5,-4.442122907288848e-6,0.02423667635048332,0.00033239255299122306,-5.778918434756752e-7,-4.331323430806222e-5,-2.883654850355244e-5,-0.11218356468089041,-1.734405788766935e-5,-6.34274069852836e-5,0.03740028859101585,-4.738142623139652e-6,-2.4811041812104577e-9,1.4887611479608154e-5,1.7639284618023443e-7,0.001588684197031398,1.4542139761958284e-6,-9.763709039739554e-7,0.00015151909987309864,-0.03368433326977538,-0.24137091403463273,-1.650655275398094e-5,-1.8723680197396675e-6,-1.4982749183545252e-5,0.003940748636068747,4.36741331555357e-6,-0.009613817468562047,0.00019403349983448948,-2.3508838417063416e-5,1.7509327277231979e-6,1.8633097678133481e-6,-2.0972268949481787e-5,-4.055873179087399e-5,0.0004316177362397866,0.005210094046560698,-0.05521097546807141,-1.7224779626623388e-5,0.0322858636395722,3.0754115405706717e-7,-0.046335594248375855,-0.44322764562093653,0.010603356306091882,0.009135158827120904,-0.02811202869270346,0.025907713674314437,4.1132517566433435e-6,-0.05462877567697433,-3.999204762704378e-6,0.2619451901737193,4.0425890512896245e-7,-4.314926299597843e-8,0.0010648283719092433,0.00024925095902972316,0.0013883490821342548,-7.296713094200394e-9,-0.03846261424041586,1.810646244326808e-7,0.000722866406022149,-0.001330533953023405,2.3551841625391035e-5,-0.025690936879527726,-6.0192090521951624e-9,0.0009506453109224822,-0.001863189289906586,-0.1427732295851456,-3.871839547543374e-9,-1.929062609260998e-8,-2.2922115650025887e-8,-0.00011660572722860252,9.110880602458682e-7,1.1810864965156043e-5,5.419356456659585e-5,-0.3004466882630368,-1.9418135635166723e-8,3.349174467182081e-5,-8.584621566723856e-7,-2.357721181134309e-5,-1.530891103995735e-5,-0.40202878834679723,-1.665298683561911e-6,-5.410826076912567e-7,-0.009707348091865242,0.00022614189735747914,-0.003123628298908443,0.0010564134760642219,3.1602304569888773e-6,-0.8202247794542927,-4.2642592950059566e-6,-1.2048107970452637e-6,-0.1541417423832172,0.0005548152830101571,0.00020400324518732305,-5.19088476402807e-6,0.0002710328975084053,5.37942399031488e-6,-0.7233362244733144,7.340304083447435e-7,-8.723204829585995e-7,-1.1447119098728642e-6,0.00026699895836657106,-4.0138456653959764e-6,-0.0033294917104740307,3.2363425119807943e-6,0.0013158190508875123,-2.3279094094053043e-7,-6.4981775906858275e-6,3.532904889702593e-5,0.009089551694614784,-0.00012522353583221957,-4.4663387895971327e-7,0.00041742635146135854,2.603871796358348e-5,0.004761964675886077,0.0001640759048768814,-6.244521007746362e-8,-8.697158982405584e-8,0.00837100869466667,-0.14556874401750974,-1.187351151114846e-7,-7.179520184474875e-7,4.8867573900324146e-5,4.3390508195351174e-5,-0.5011677643924486,-0.06712954674912908,-0.012759496286889771,9.469781373384195e-8,-1.4284141625076074e-6,0.005118628034210815,0.004033539382817253,-3.6298309480375934e-7,-2.8516663368449713e-5,0.02123389654479979,-1.1057549807865982e-8,0.00753327759775857,-9.902404637940343e-8,0.001053095544932603,0.03061598328713444,1.4025902162595472e-5,-5.938521898674054e-7,-0.0005338093126283638,-7.935613272058717e-7,-0.1012800466378394,0.00018994474225308977,-0.03809688438559533,-0.04167373934069474,-9.442849979279799e-5,-0.18746285243832972,-1.6113996869316907,0.10771024410132668,0.0011625338041767463,-2.0815932977313878e-8,8.33454814568313e-5,-9.649795384092386e-6,2.3915801603102693e-5,9.371136241043132e-5,0.009509680306678092,1.0147359004508694e-5,-2.919857211305943e-6,-5.170088472405965e-5,0.00015300616949076584,-0.0019277255604492893,-0.014845869559394487,9.01611891834797e-6,-0.029125006149115507,-1.9929137404575692e-8,0.00042982537152802536,-0.24464067713415716,1.174315235275003e-6,4.894771421959376e-6,0.000508880831286973,1.0530851883988612e-6,-9.139275018634624e-9,0.00042160062147900135,-3.403750281294471e-6,0.10558886107173748,0.0004897062421491682,-1.9939084174080968e-5,-0.029998598467500415,0.0005445042106941855,-4.7011600771106055e-8,0.004267113202786277,2.817028201995697e-5,9.75071198894284e-6,7.541749900558115e-7,0.0001174391965188537,-0.00035140935271726903,-3.549237824751472e-7,-1.4271427695427413e-8,-2.2675271715497103e-7,1.635703500069141e-5,0.0015798472866208613,-9.889978861907234e-8,0.00010232452148173365,-1.1653191076266278e-6,-0.165636033838382,7.207526161323585e-5,8.803946563551435e-6,9.460802440841576e-5,1.6239188883535038e-7,-6.463095712089251e-8,-0.010511954986554883,0.006403104662695114,0.00900059063678782,0.00019261320317287556,0.0014766014639491232,-8.133832889861692e-8,-0.002964362702186918,-2.402851147786933e-5,0.001175710668320562,-1.0036276523184284e-6,-1.4237105241694109e-8,0.0010192956293622046,-0.0001891406504768156,-9.482444684127955e-6,-1.6821020624134542e-8,-0.00034082004708579916,6.881650536638695e-7,0.0008119556066503719,0.0001643264402950706,6.750452948220409e-7,-0.2639245237442083,1.822280493168904e-6,-6.994815537203491e-7,1.5583363620619295e-6,-9.159481453302476e-7,-2.8731027046369206e-5,0.001837989542309515,-0.00025656840116994317,-7.006217300070672e-8,-0.08722976243734593,3.5681310545099265e-7,-0.07043014725059038,-3.960622910777548e-6,-5.2064017808106655e-5,-0.6542004056391306,0.00013565263898840385,-0.00022731075546289503,-5.023695874573075e-8,-3.667906893101147e-6,-0.0023325545998318375,-0.4245728495734511,0.014175367490679491,-5.559434459873058e-7,-0.45216636193799786,0.00041176842660206603,-2.3394876820792554e-5,-1.2767895227749904e-6,0.0018094851418624103,1.3862881225179535e-5,-1.3493117721752323e-6,5.023421408623108e-6,0.0018219029652755125,5.303589712957191e-7,0.0011377308740634362,-6.056396869014158e-7,0.04411858863386442,-3.815017561414891e-5,-0.5183342365926364,6.664570137496217e-7,3.7724520762782987e-6,-1.1511377600914585e-5,0.13006837307693786,0.03334492641806719,0.00012314193299900467,-4.1428242933960746e-5,4.2268389037758425e-6,0.00025930825001552193,4.221482621628858e-7,-2.779512348893842e-7,-4.7683538196077735e-8,0.0002099249492744093,-2.258945601574247e-6,-3.5943855079823006e-7,-1.7157582841639818e-7,-1.1821270565759434e-6,-0.0007086260670803313,0.0001827424194855709,-2.52563837999098e-5,-1.532596182298243e-8,-9.692591481869073e-6,-2.9607724969515914e-6,0.0002881823382097082,1.8580476074739338e-7,-0.027932100034377072,0.08070629796930007,0.0006662672057018426,0.0015921674700560828,0.0026100605572594304,-0.00012407311129436494,-3.3703272888985225e-5,-1.6342497960175617e-6,-3.232457848945103e-6,1.1321971421285326e-5,4.621517533553998e-6,-4.628623635483109e-6,0.008515403941601107,0.006600454815611556,0.0006160301671016555,2.750277285024083e-6,-1.84076171753228e-8,-1.7050386888137203e-7,-2.335511324006584e-8,0.005417764750418996,-0.00011933020783772008,0.012418388713285822,-0.00014410953348686917,-1.0998212756074821e-6,-2.785189117660014e-5,0.002583568375030154,0.004396158810436646,5.859679354625058e-6,2.1550842536299797e-5,-1.1754494636306845e-5,-2.0060942633737255e-6,0.004615497047583794,-4.2598949434591304e-6,0.0003469507466320465,5.364362023030367e-6,3.061755481326145e-5,-6.173881569537798e-6,-6.906113242388656e-7,-5.524151973079761e-7,1.8605431925777793e-5,-0.08508010542209377,3.619293393164469e-5,9.346455237135842e-5,-3.2839511612536842e-6,-2.255798283457011e-5,0.001387872617328867,-4.7737986630380647e-5,-0.00018311321147734816,0.0010194793492530607,-0.00035988605122838635,-2.2742918622678326e-8,-5.257282421344822e-7,-4.713637498099388e-7,-0.020630467959563248,-5.5901494618862055e-8,-2.9523033136247268e-8,-4.54935516529531e-5,-3.193200085502279e-6,-0.0016948979804283226,0.0017891527743358893,3.2255958015703357e-6,-2.3784538775828423e-5,0.0016762502293659054,0.0003439381887062609,-2.777372563156355e-6,0.00015937560227818892,-3.689555045380613e-9,-7.870184785992163e-9,0.0416172799305059,-1.0079956134223522e-6,-0.012495429186401452,0.0851831180480076,-2.9856931735849912e-5,-3.672763825512959e-5,8.192708923215886e-7,5.0387772351778715e-6,-0.0032847466191014973,0.00020195338510831107,0.00016624542171683743,0.0003762646048031115,-1.194140515581239,0.00011545708101223795,-0.011450012501882156,-0.08643678492262552,0.0008553302015172903,0.00021621484051337347,-0.00010008219778612215,0.00019703720651165213,-0.0005576545896701646,-4.147555326472485e-5,8.066082207713876e-7,0.1593943696889255,0.00014176660809184227,0.0008914162973212569,-3.46168633344468e-6,-7.107284753565465e-9,2.0347820137267547e-5,0.002329106090201094,-0.07875336575671099,-4.933153121200462e-5,-0.004629051838946907,-3.254155758010066e-9,0.0038291833502626105,0.00596809485432459,-0.005097019631648436,-1.3201057067480093e-5,-0.00047367286776989204,1.3778840781242252e-5,-0.1567872893610911,-2.3723321302071554e-5,0.0007724077060800028,0.00010507887813115957,0.12758548463898478,0.0012200968510001076,2.3372850098013487e-5,3.198500480294797e-5,3.4230683411407004e-7,0.002522428866768678,4.212769260547589e-6,0.001368127360933613,-0.007802945369803638,-0.26210330828325823,0.0003558408430706095,-4.8125134210152964e-5,-2.4211111565364263e-5,1.6203327373176535e-6,-2.0199766824824383e-5,-5.903712136934303e-7,-2.6706199012238585e-5,-9.330234917115376e-6,0.003243953741957739,0.0021429469966278702,0.000302669126682531,9.042054594488036e-5,-9.275076948256356e-5,-0.00012582999082866309,-1.4469618596776854,-0.00012109892120903964,-2.4816341937655695e-7,-1.344749689961497e-7,4.575496368036669e-7,5.090428680520898e-7,-1.03878725887796e-6,0.00026305523293501665,-6.145920133482363e-6,0.003628113509080322,-1.3577940956039508e-8,-0.09026058774179546,0.11638474423307343,-4.071213095979687e-6,-1.6016540833516633e-8,-7.974320202919216e-5,7.5499021525704535e-6,3.140426464209867e-5,-1.8851090418881e-5,-2.1609056974347673e-8,0.007367403417447349,-4.023059316064781e-8,-3.2313996375845505e-8,-0.05356736987778277,0.0033012028494567858,-5.056052703464667e-9,1.3890255897819337e-5,2.6870178090554475e-5,0.0019154323485963687,0.00015775045617161254,0.00014380654655354874,-4.0154655386349936e-9,3.786311184306168e-7,5.6388886927827286e-5,-0.10702198846229294,0.006556437998256115,2.3038506764549993e-5,-1.302391449853335e-6,-3.580733899249955e-7,-8.010974421324146e-8,0.00010847010383052691,-2.3483434677742943e-8,0.006357870787724096,0.004547499606360361,6.566619383474581e-6,1.968307772948208e-5,-6.035354495992351e-5,0.0014935051905666796,6.9021005346669995e-6,-6.632666262529341e-5,-2.3504553185033084e-7,-1.6236741469499716e-5,-0.9648640005034395,1.20860541978976e-7,2.190746899444207e-6,0.10055504219508293,0.0005918020044930472,-0.0012316918384840392,0.08978951644166955,0.00022096306975072366,1.9561261458633794e-5,-0.23410586231329944,0.0211767600649182,-0.03762332287442405,0.016363943670512526,5.487893718125747e-6,6.246855722835676e-5,-8.52817756236135e-6,6.533726648250138e-5,5.631632695457522e-7,-4.435714584249961e-7,-3.574561555433342e-8,1.5479392972528316e-5,-4.839941833534311e-6,-6.919263687843458e-7,4.4563742173764354e-5,-2.6378093417323e-6,-3.19421328775181e-9,0.02349160599442257,-1.2899572113589386e-5,-4.53317528725794e-6,0.012109998827099844,-0.3087701832409948,2.0322916664206048e-5,1.6126672349958682e-5,-2.605209008989945e-7,0.00048424035406924304,9.901647737287078e-7,-2.1978563756741565e-6,-0.012238618738592777,1.514299034255373e-5,-0.016771903347034822,-0.2137001888368104,-0.0007918954477190709,1.76113163136149e-5,-0.0006373174676497229,-0.8824963342376577,2.1286038058565548e-7,0.0010757755133852243,-2.964080537126712e-7,0.009253417833861022,-0.00027260916938587343,0.01979945208222489,-1.3096977726986814e-7,-0.0004074816432009243,-1.1760431110729996e-5,-3.07418890899136e-8,-0.026543257679350063,3.177693830291872e-8,-4.439506271353144e-7,2.878152751073504e-6,-0.02565261612107861,-1.7832220067237614e-6,1.9712210514111206e-5,-0.0003151294418159978,-0.0015323127427109284,-1.110297892722989e-7,-4.211766807260542e-7,1.3675262024448465e-6,7.76148653973685e-5,-0.05935689825901136,-3.537740784695376e-8,-4.5541998630937996e-5,0.0008794783715018184,-1.7477325661985343e-6,-3.08019557540562e-7,4.0684502908283626e-7,6.374277031184761e-5,-0.0467917159312492,9.819154780288386e-5,-1.62468889057521e-7,-0.000978567701878319,2.367506468731184e-6,-0.07670567647801363,-0.0007538376135229896,-1.1012199362808728e-7,-0.05334113015123876,-2.035480143902646e-5,0.000172288047478375,0.0012762984139129685,-6.001739743055623e-5,-9.409099802581977e-5,-1.630280015735286e-6,9.437832261038892e-6,0.0001121639564871657,0.00025690999898131395,0.0009725330857008885,6.058637500938602e-5,-0.042273332488548476,0.004159346816322795,-1.390406361503893e-7,-0.00028463774162901245,-4.829468061684494e-6,-7.648000325843896e-5,-0.0045827283015569265,1.3780157694043282e-5,-2.3708403128208655e-7,0.00014804388952427416,-0.2040901913358084,2.2108425940525755e-5,-1.5763016568675486e-8,0.012641181205253815,0.2193279574275948,-1.4478927956224652,-0.0024441978384857066,-9.271681910075213e-9,0.04094279886339791,-2.778556931759546e-7,0.09867800648498815,0.008540427393228356,0.0010287301770404156,5.1044243587483606e-5,-1.0947775234970702e-7,0.008779599162153318,-8.723365201163125e-7,5.389576183745248e-5,2.5131700270852875e-6,1.8996349702149473e-6,-0.0036152237258733066,-0.08168520138133317,0.008595606283051893,0.0007431308392824576,0.0008823385576306464,-0.005347003723727539,-0.0035945184354204684,-1.319333115534782e-6,0.00264883603904309,-0.007745174027149915,0.00016418690599806496,-5.057726723822764e-7,-0.0005747960208282166,0.00047927964942573453,-8.385042834513357e-7,-3.187789389402784e-8,0.002999693585593377,-3.302807330060609e-8,-0.17879661492770538,0.17951462033670396,-2.6293190823478696e-6,0.0009536867200949928,4.3546720323028865e-6,0.06985390515183099,-2.5031767378891345e-6,0.025225648409104906,-7.941028457025823e-7,-1.7425288979106002e-8,6.303156670828258e-6,-3.3149945403154746e-6,0.0016856842567563035,0.00032248169448223507,0.0003425294184227212,0.0021129218783926262,-7.280057260361517e-7,-1.3262875132495537,5.770399808424642e-6,-2.6445043924683276e-6,-4.649208804163862e-6,-1.4672203768953396e-7,1.1509282078048244e-5,-5.34643732903739e-7,2.4399219487158952e-5,-2.240717713930529e-6,0.15433229558402672,0.0005975425714268567,-0.0007198705761766178,5.02910883515284e-6,-4.289003700894828e-8,-2.3806583023144867e-5,-0.0008790785423116176,4.1985623880358425e-7,4.4600317153253854e-5,0.04162621349678375,0.0011265066602845764,-6.28983536863359e-5,-2.719548100438285e-6,0.0004682389337631321,0.0015758795966576145,0.00101210964294296,2.101494162287665e-5,0.004576633023134491,0.001023583038261222,0.00021449295255138168,0.024297767886309884,-0.0004977752616923681,-3.883190192399688e-6,0.000397113535200333,-1.1024683795653883e-8,-0.016178949359527905,-1.1561597702325344e-5,-0.04138466851145495,0.03994889170098759,0.0014413801752652944,6.485632362895899e-5,-2.3096575710806064,0.004806754360288323,0.007575112417725904,2.4111850500219134e-5,6.913895270466153e-7,-1.882344263445801e-8,0.0036614243535950663,0.0011153649973039137,0.009666923580425646,-2.8350265759424786e-6,0.009979057467717212,2.904774674572508e-6,0.002284482778122765,-0.0009640904954721918,-0.14461894423584454,-4.0089868362513936e-8,8.898187974781813e-7,0.3583266346468008,0.0003209198100364574,-3.279733188366052e-6,-3.183131946116191e-5,-2.371137859842609e-8,-0.0014221821699607062,0.01440505392565683,-1.1323421575393233e-8,0.00039148961820956174,1.6461658489674846e-5,0.00019260978794477523,-4.879657094364331e-7,6.214601194187708e-5,-1.7909993466153074e-5,5.976917890748723e-5,-0.6008520280593075,-1.0228014124535889e-5,7.328979330534224e-6,-4.98608831472902e-7,-1.519395042967517,-7.487326042845965e-8,-0.2923044507042505,3.016536452271623e-5,0.0013217506889304786,-0.03566938394214958,-0.14050561972544529,4.3018870670152864e-6,-1.3541704733111004e-5,0.0033643994923977516,0.0005995923388582014,6.418090818249844e-7,-1.5268446121481247,0.0019342071309438325,-0.03868000158399809,-4.014064980684129e-7,2.9778348526576792e-5,1.8261337336959033e-6,9.458319523369951e-6,0.003927734587705345,0.0006823508247180143,0.0011911512350195608,-8.032341887540678e-9,0.017385760224101432,-6.890772763767927e-5,-0.01696764348889701,-2.756529146097364e-5,-3.420212269789058e-7,4.692158731486873e-7,6.743527787289594e-7,-1.385281973198289,0.07631097384728491,2.3796051502600335e-6,-0.00011360351390976575,0.006516808206470159,0.0746555758487375,-5.41691182520676e-7,0.0009788821128609015,-1.2196792808019663e-7,0.01431598938688694,0.002345809950838884,2.0484977161228102e-5,1.0573040222450203e-5,0.001453311739169294
