0.008746190894726169,0.006445036946388427,-0.015834838838827636,0.009361204059132433,0.02498531135825033,0.04798246412087792,-0.0038500725323729057,0.03793770823540399,0.0718424357000913,-0.045601473764691036,0.013132594060152769,-0.2605291303279955,-0.017537183688546065,-0.0007105739459802862,-0.01870185276857228,0.00586571868370811,0.05131840463843673,-0.011878930393322662,-0.008270170686046185,0.010337453122701845,0.005069528279818769,-0.00032973434736049967,-0.05970796551400781,-0.7586397304094135,0.48222241468465654,0.015376153670331405,-0.4011089891791926,-0.01241537967507611,0.5688404699612875,-0.0005799233881589316,0.012107680410736066,0.005643823276841431,-0.01908033389281627,-0.012894975330709713,0.010247509431792423,-0.01098962323521846,0.016264862307480143,0.0111486865534971,-0.00010000998554460239,0.030244201853065533,0.01860053045220411,-0.0106728094178834,-0.033932392405404244,0.014991939921060293,0.0018499003870147135,0.026000527033659182,0.008571575204769033,0.012068723889711919,0.0074656511897046585,0.0132677130227421,-0.13989940292958636,0.13487179653748171,-0.41837799595711544,0.03829941016738303,0.04778280465143325,0.004280832957192615,0.39411927254332113,0.007931246862426633,-0.0006452124744100729,0.009151642783308489,0.06322323679160036,0.008895769032278622,0.011607039215959958,-0.03808401331116329,0.08185664665325021,0.05256463152181823,-0.046658939324515813,0.006057722948852984,0.12012328577111475,0.056632748201081995,-0.012195327104564058,0.05241541872248945,-0.011142158087750431,0.036622744563828746,-0.013488209744537016,0.18506451373468735,-0.010714768373418337,-0.003516440596058601,-0.0023350062201643595,0.00936221502161061,-0.004814519775209192,-0.08401094527221176,-0.0029470559293258702,-0.0175474346287956,-0.025573387133590586,-0.03464205229738582,0.003758767010367592,0.01668662509337082,-0.019292600070002663,-0.05799721254606993,0.0021665575027327577,0.023462524040951394,-7.200802087936609e-5,0.10527608694246737,-0.005171442238406598,-0.07219445061127772,0.009824662079154223,0.05022627008929703,-0.07245843484156467,0.10546016354601306,0.004231809067277936,0.01903042216099493,-0.09388949529238744,0.009470603567933722,0.0005355981299999257,-0.04172904532833854,-0.011119405589397502,0.023098665216821246,0.019262156340118963,0.0027262847988822614,-0.09478330615093,-0.020948835197486915,-0.01632010754019575,0.0010203549290963565,0.04622617292625364,-0.07469105682139343,-0.01656146053255725,0.020887401698473695,0.01910492724437063,-0.012875226077085244,-0.013325030020496342,0.05243240170966601,-0.0525414336771064,-0.00040660842569195665,0.005433188146980683,-0.004336971024713421,0.3352937280542392,0.05582644908281509,0.02857644796222303,-0.03542807154553884,0.0017054209802154219,0.005901439435547218,0.11519210428014048,-0.0053079453800819465,-0.0178033005895486,-0.030686696311477135,0.0015066624127939576,0.028944663419224526,0.066933305512066,-0.025621269007388037,-0.00851262051401136,-0.024826708196542313,0.0016906240862226696,-0.018385918839612714,0.011083689954375586,0.012141850147600053,0.008274951470411906,0.006278395376284607,-0.024385733106100815,0.0065286386943625985,0.004420219158873806,-0.2281552557451505,-0.011510403471220343,-0.010695499878693226,0.02136563328531338,0.0018641090355231427,-0.008321219339450181,-0.006619224887799646,0.011704416423526709,-0.012932075089338468,0.007710224470883986,-0.03448918051435612,-0.01267522774810459,0.013620565760675163,0.016038639580349567,0.012664657233472099,-0.00984377306440365,0.0029013612620474305,0.00935363990629412,0.0691396795300534,0.010048359209577029,0.008827799778373446,-0.004500805275711173,-0.015648860426153988,8.918921594158746e-6,0.0017807094177442195,-0.012993643504614738,-0.002167262995044439,-0.005388725901639191,-0.015481695457310707,0.09683177817532851,-0.0017300727577094221,-0.00044056231490685605,0.713640686153667,0.0010388912214693846,-0.27738238882920996,-0.595482311447995,-0.0628160716723869,0.002846006313120597,0.024624928481898678,-0.05996541167041869,0.015913579163544966,-0.01642675325547316,-0.016400205333411577,0.0054388629641835,-0.013098942297574467,0.013315827456608531,0.004543872862427634,-0.004449646395528362,-0.003122443038591882,0.012141256998802419,-0.013537817115775397,-0.0043439394235065265,0.019524008707776375,0.018405177077511325,-0.0068005955681655905,0.02262778556723788,0.015870572678977624,0.0064213888626909466,0.0014797499734413577,-0.004625104686510895,0.00531604933894414,0.029710122450694598,-0.007946137771796202,0.10812619204443763,-0.014021348499227315,-0.009765781344867719,-0.004178254733233189,-0.012826819630390673,-0.006144286040125735,0.0060000380478868465,-0.037072759388138365,0.3760172987385886,-0.5119999082453432,0.0035154979768776684,-0.0010426694061607122,-0.01488144535687752,0.01163058392739913,-0.0012705045228358358,0.006483435833160911,-0.014587176532586454,0.001604473774023063,0.013824621171806939,-0.017761511039680045,-0.010376108096352255,-0.043810878712974954,0.00801633820265124,-0.022808701934991404,0.00527711375070794,0.06529062484696624,0.021234966223801166,-0.009011518403895025,0.02054271169936328,-0.014580995096025617,0.0017404232157787192,0.02561612121462531,-0.023795413706466206,-0.018805394584887836,-8.497034286847338e-5,0.013923666787377442,-0.03504607057675457,-0.0016224971623159945,0.006896214722473815,0.00849633230791369,-0.00807911969423003,0.015890697084387284,0.0147622866322763,-0.007339031353012615,-0.0030351079012689297,-0.10664119976320308,0.00936788846752279,0.03103826519645736,-0.4382644004708709,-0.02807121318164718,0.0034147386977565475,0.0013718469454033766,0.011174266705893388,-0.007304879376988538,-0.005035672103986144,0.018421495655275066,0.005366533528103901,-0.014694370998768136,0.025827065994235454,-0.02712521761895914,-0.02101044776895833,-0.0019338671993835987,-0.00889589072119179,-0.061846486816648394,0.20469090231745213,-0.01106094496572041,0.026511680913245073,0.010978535678077606,-0.08476947173176086,-0.001684634202547386,-0.018324150349144475,0.4837220705157961,0.0014657467108918354,-0.03273153256850492,-0.0008647653498883301,-0.04788213508527406,-0.009029339885216814,0.015160994516918436,-0.012602541015439783,-0.03777056591843575,0.0839503288952983,0.007574025612484547,0.0031517088073087507,0.011640154668157265,-0.0193705036879237,0.004021035249081706,-0.0315925361464906,-0.00696058740686567,0.07310810392846179,0.008455762962057634,-0.025378086058026383,-0.3218188546570673,-0.05246180470112449,0.022309151150636808,0.018919365798097942,-0.0019512228946041432,0.01865948021168151,-0.06973844954336528,-0.0003785965627685073,-0.006467656456152326,-0.009819801092362468,0.14874907677040028,-0.0069876153022505605,0.05573097476371913,0.2672595024232578,-0.005914291785302339,0.032414722924841044,-0.018237860333801592,-0.013925234839689438,0.01048691072173824,0.016308177232986054,-0.0006240357952265185,-0.01662427637802466,-0.00601524507828799,0.040197228710894706,-0.029148395628453727,-0.015552152909549477,0.1914782570565876,-0.007089685987011762,0.004544365735455358,0.035976726678200066,-0.010006641062318522,0.02788856001552631,-0.37489186371840333,-0.009707292178063653,-0.017548453147355758,-0.02171498264942784,-0.05832572790677659,-0.05208550480983831,0.09968878219524413,-0.003424672684559482,0.0028723659979732474,-0.003503494606775348,-0.010642814680977608,-0.004746280972540262,0.15974488866413594,-0.623026096729518,0.021594066342004226,-0.008596541978363348,-0.016547105488371017,-0.058617123371732305,-0.00811410382084432,-0.010326536601496628,-0.02203433927388687,-0.012355085252693243,-0.005193152543199631,0.6032078977150377,0.08489608379386482,0.012149732424177273,-0.030018195055163233,-0.017165311554435903,-0.018864957109144598,-0.009032612279952446,-0.028569278514623875,0.011728686127753463,-0.0035896168810722884,-0.058700605024569086,-0.044640255078775226,-0.004776679214046453,-0.01892433511784475,0.0015116826343728462,0.15403594263989362,-0.021403491040473455,0.006652904266957194,0.00979559915867867,0.044105860934678276,0.0006192245605234348,0.11666528577461577,-0.024480904140546045,-0.007378521943053329,0.008803759257716592,0.04559983824947267,-0.03385273982803483,0.004662412369725644,0.061820169856218854,0.027086147355930734,-0.002423049845674541,-0.027797872982773697,0.02905991328862001,-0.003143004790217674,0.011837266997645202,0.0069481191053455404,-0.025916237442288548,0.0025691326991363894,0.08783510717148602,0.013378793573792791,0.029278958629220142,0.01494970251178529,-0.051653537567290186,-0.07141699918793165,0.004354976963441004,0.05115289008131185,-0.012626628424186492,-0.006904327108713915,0.02687517532831407,0.011211217501113424,0.05009030559858729,-0.04522535795467775,0.009520663723378675,0.01447995416538106,0.013872925474970543,-0.005514223001227947,-0.025046332485544553,-0.0012681352163781412,0.011182272942733107,0.04983989178799675,0.040335995540772274,0.03820667392574251,-0.028426877297533792,-0.013453614337436193,0.00823054760303421,-0.011645841944300628,0.14244037054413639,0.05738771030155476,-0.01292618414527169,-0.007215663034457975,0.3297949931475159,0.01493821966505493,0.0011476812451292062,-0.33718627645464494,0.029629188597027678,-0.06782763028240879,-0.003511361249820766,-0.020018155153593398,-0.0038054869464758667,0.002803367347343766,0.005509834205440711,-0.002345452678127913,0.003234443425299105,-0.00021916348123340867,-0.1407247475267468,0.004569257643282754,0.012473744849557988,-0.0007626591777807334,-0.007444883443898931,0.010091203761476208,0.011006970191374421,-0.02264035176267498,0.027685306005878374,-0.011878782361065987,0.021693210375815397,0.0069951613622833975,-0.004272599005844313,0.2528657972034125,-0.08223553121024452,0.019624091120931553,-0.05638165680466045,0.001239524708515738,-0.5590040118329398,-0.005459762687678449,-0.03467913058130989,0.0025807486063058604,0.009481720308940567,0.43922552320873365,-0.04879530263860943,-0.0001390647512380383,0.013565736986492993,-0.06175201464895963,-0.013444435226119822,-0.1272990261659288,0.02038794285726908,0.007295550392882433,-0.002218303438894509,-0.02911560793108947,0.0012332760211393179,0.001047543190907163,0.35305912398325745,-0.011037906532692432,0.0035311340036514594,-0.10983020418825618,0.012010508060143366,-0.23840444820234552,-0.058363323219964514,-0.009863396951004688,-0.009288488967285957,-0.0029475580022335635,-0.025934266082913382,-0.008765775566644152,-0.000444377088570036,0.048588901556286146,-0.01512138387761297,0.03613730174220109,-0.004756495195579191,5.2216621952538844e-5,-0.019580365224555862,0.011466451941487321,-0.026823188271009712,0.029174262139690654,0.00367525236288202,0.18468127108826593,-0.005706430596774226,0.025680808468905525,0.0012295255660319526,-0.0638540007944357,-0.00320778892000817,-0.009779066496093947,0.012922141180752078,0.009847875644481974,0.00866085267807648,-0.042754594254802214,-0.48076977424602774,-0.012476008001613081,-0.0066317209202679805,0.01019197220375645,0.09528255526629437,-0.009149418813194643,0.01156682060809544,0.017009460145345656,0.018286011269765368,0.01592150825308636,0.006603406993235694,-0.10590268420128268,0.03056798598208843,-0.00086798172469571,-0.0028087773152947193,0.004259753941823874,0.00042260062764398754,-0.010497100791781122,0.019577783061095033,-0.0008917778905015439,-0.028841376670698082,0.0028148738092568237,-0.014365056998940418,0.012193805687275017,-0.016494941270138952,-0.004409969042171724,-0.005224286440352444,-0.011389246943508624,0.038117969918403105,-0.013230336686319788,-0.006834642858848383,0.0032250821132038254,-0.0020635045093513327,0.04865274033636524,-0.02690354189780919,0.24854966968632652,0.042058163584229646,-0.00921382494198042,-0.004932057941033463,-0.14393791704742398,-0.020354398457584466,-0.009559078489019157,-0.05815975171935861,0.03311447612395568,-0.01260307649852166,-0.030769137787501677,0.022048118591555976,-0.010495433351024985,0.011642765181022696,-0.004737045415822649,0.044210868663867586,-0.00011082717446697643,-0.01246098733895451,0.13551936623753136,-0.012172620655746869,-0.0078314222237168,-0.002629278132303625,-0.0053560546703863565,0.001853827730883495,-0.00019950462774431799,-0.003507835872369469,0.05781832795855735,-0.0006326587599687628,-0.030658978180554186,0.031609988280251855,-0.036369039453347796,-0.006886225435664528,0.023330987042754714,-0.010745492761543574,0.0007664790498438379,-0.05425669562191615,-0.00025614031255827285,-0.020592553003552894,0.016176904519852542,0.011598357239563484,0.07354622907951125,0.11138127960293787,-0.04787120390392374,0.011200476728845388,0.0016987703629638418,0.0004622433189069852,0.003529995356075233,-0.014559359814484196,0.0042650335271900985,0.025839441080279357,-0.01867244368941101,-0.010962720866245945,-0.005128533075549058,-0.014877066656481475,-0.0330331346535786,0.0280648635189209,0.01565215359278227,-0.007480426446932142,-0.0034776219890773064,0.28706657624570653,0.07719717334839515,-0.00018138083004259897,0.018835572449120264,0.00444871071340458,-0.646171363274334,0.010688972862681112,-0.008701945753273321,0.003907719911978802,-0.014673725544980698,0.022772858668759,-0.0007015691462584073,0.004755725973154767,0.00033453570517849585,0.024255475611425936,0.012737797515001148,0.45350839107413776,0.020445887902496906,0.012511144032032462,0.026459712367795873,-0.0006440938077503233,-0.011200225299035083,-0.0062861914799441365,-0.014554998062521918,0.34043910013861023,-0.0679888384224796,0.013780028877590667,-0.011138503246002074,-0.010023838569395593,-0.30323333628780347,-0.008068385744991247,0.00459203801710828,0.00018337907204113435,-0.01000970704694737,-0.0035895016712856886,-0.011511644574056845,0.005264966990580433,0.01079862954611599,-0.12030261872541814,0.006229961379403903,-0.446265083115577,0.0024020486318931944,0.004759540446684696,-0.05002845165290637,0.0025466161550866673,-0.012541077077003138,-0.019463064732462954,-0.07997584083295806,0.009772780607818277,0.0008629937037767377,-0.015101612179933,0.017067817390852724,0.008346141362380877,-0.020386101481562946,-0.04786959248758649,0.005645321039537521,0.004759079586165171,-0.004794283191586146,0.001965727972674358,0.014803152659965235,0.02457941403190489,0.10202865668378536,-0.020237023334630067,0.0005661811665049754,0.02027221087655562,0.007087072510557846,-0.00196277400937106,0.024044643589149928,-0.022969131192439818,0.07899804050794046,-1.8360909962211736e-5,0.016866187167579483,-0.028499105777882505,0.00666055515739572,-0.012631328335373837,0.010353437040066638,0.02242962437139795,-0.004828617339853736,-0.0008751503210078226,0.008432863013695169,0.011034810167984688,-0.018103349889315723,-0.007564494597318117,-0.013457545959681738,-0.008515770901794895,-0.028267941872400115,0.014729683707628283,-0.009738475118865608,0.09737603814937756,-0.0038196487691948278,0.021070347487693653,0.051208711357617176,-0.01187282816044899,-0.002498677567473351,-0.00290070642995488,-0.009033220741002879,-0.039829175619161106,0.015108805998181651,0.012262090383956092,-0.0049813828691185336,0.005467521204082004,-0.1774260015845357,0.023239986472617602,-0.01876290994914598,-0.03342233246075921,-0.001432487146303174,0.0050995267019970925,0.0098627742172539,-0.0016130023998357501,0.24658906549302628,0.013820213027429418,0.00424862519588487,-0.008287057265988551,-0.022098184049582414,-0.0026328943209819045,-0.013111394175211899,0.09822515231644502,0.022133763712190557,0.008998617412544263,0.0907167626573937,0.0035699156169357593,0.020886031563350116,0.18188287742304965,0.005323685299117642,-0.00862499604045297,-0.0019987052473879885,0.009501211694441736,0.12473266014831097,-0.10370417566372225,-0.003570135178961209,-0.01884145541498583,0.008668759022839367,-0.014699239808578568,0.015369576772627624,-0.03689365739501227,0.14513446601631586,0.00507620571534062,0.26096424263960216,0.013267062204249669,-0.006117366321632289,0.005294995309668593,0.021348515114823385,-0.02988246529002936,-0.0038890456598892342,0.011983387420400504,-0.0962300005612633,-0.03605678147323488,-0.02179236027131992,0.14333078096751706,-0.013773477079666918,0.027905753160212043,0.012798431843918934,0.045286402118108526,-0.024174583025342145,-0.02236209619877627,0.0047065913649930735,0.0130757285933214,0.005659050149915856,0.004301610042602988,0.012590068288773182,-0.02163134397687827,-0.008871378191997792,-0.023412349892169004,-0.002768899926195445,-0.0017424303338202662,-0.0020140625674684998,-0.003394805613652352,-0.005186872540434706,-0.1800908678669657,-0.020040943294588942,-0.021670112841093214,-0.00045680578841711394,-0.013520716146558698,0.04527859667359735,0.01995856441135402,-0.026438008939294377,-0.019708979700226337,0.07345948995680374,-0.01618325987874414,0.028186245578581293,0.028136535594967427,0.010918591480731266,-0.00637157961500634,0.01425795408886188,-0.03316239104515262,0.008509583634804585,-0.03394150788335537,-0.03257300128598217,-0.028704640304567874,0.015580293554194213,0.010175601875744178,-0.023524585889390437,0.06357770956856257,0.022340232065744203,0.009521107431282871,-0.01894902611275029,0.020254821208709473,0.01719696316831687,-0.001945191475442698,-0.016586530962740653,-0.05042910988868243,-0.000807390915497308,-0.09858506467298866,-0.005206547884881729,-0.01689600306963257,-0.00938699488324346,0.11980821791212293,-0.02714487239063601,0.052428885484914645,0.01231768176148762,-0.07129824406069929,-0.028141480943304487,-0.009840929948040866,0.03139438393009186,-0.04426807217623718,0.01197509723897383,-0.013270430386910448,-0.04004352624178864,0.08183780686749742,-0.003930199149863256,-0.006301419811279629,-0.01976001470279698,0.02945563689172559,0.05477594725562085,0.0019747931946767494,-0.017256760760574252,-0.01668646125312989,0.026666678561014123,-0.0188341551584017,0.009926535309205065,-0.10762914556289616,-0.043388419270741,0.017443651659050374,-0.01330277468150598,-0.07328621611213748,0.011851132892843452,-0.0023759608284308342,-0.02155762299298658,0.09346164393718936,-0.008734770787214075,-0.005292758884024806,0.00691527123490232,0.007292032289797135,-0.0801113392649313,-0.008598908904787095,-0.036468592072424144,-0.014571810320830991,0.00589094262522849,-0.0009642968725529499,-0.014412193628231762,-0.019231789814512013,0.014013550235176808,0.04596388558638864,0.003688824629094256,0.04952754579790053,-0.010838067178156052,-0.029556774059528834,0.0027028303675251664,0.0009369599729325273,-0.008527567055807594,0.10505588421688117,-0.017493932697107084,-0.001918837509037985,-0.024913967400152615,0.010939571702692774,0.04872162081483111,-0.007689510422096646,-0.0017727937433846819,-0.001476307056918813,-0.030170375806847005,-0.03119765532665042,-0.051577524297044874,0.08059561336267507,-0.18879183422541246,0.0005506213237822521,0.03986665143565915,0.017226722172836162,-0.01831382408636273,-0.010755978979432257,0.012184325993075618,0.003925858150978456,0.06955451020257897,0.002515376376777567,0.015410487825647579,-0.01440219234336837,0.0030575853561458644,-0.013064804121086127,0.0006818764304625802,0.012905939180200221,-0.0233267714743306,-0.01870214796554137,0.0370077225525165,-0.016378506561522954,-0.007609283328747551,0.01241260388610499,0.052743804326382815,-0.004703544613221311,0.04040951211027277,-0.014692122198994184,0.047304854028425325,-0.004336866641551751,0.023511832843723823,0.024971115019070567,-0.006555229699870324,0.029609382840135368,-0.05430885524219775,-0.017092199521584917,-0.07327394917410857,0.05062741621168243,0.020416211320480215,-0.0073625812201498775,0.027561085468732927,0.08543293615912262,-0.007299819301124444,-0.0028844600665252074,-0.01867026955392248,0.004982646460121032,-0.015728618465800537,0.02771507031548026,0.0048802425826579565,-0.021852552743439446,-0.006905642009769508,-0.04572121419050745,-0.0013104566942274687,0.029567159435828216,-0.015047607436372346,-0.02776074824578245,-0.0030071926694290596,0.0027234091348873335,0.021903458338556447,0.01627193780404923,-0.03498497365399089,-0.06459289354137354,-0.01980692681900109,0.07784040353362798,0.003955355464768218,-0.0036235856805433286,-0.002090904970827978,-0.0021614380420942325,0.00233463524182298,0.1106474519292533,0.023516844677942572,0.023429373147337174,0.0745602559272811,0.06934260589639507,-0.053867296760927275,0.012094120712234258,0.007289370817488816,0.0004959952466379036,0.006745288972524577,-0.0064816207905096235,-0.01625140858618579,-0.0025884981494073145,0.06985411294590449,-0.025509682835036074,0.0037753217984572984,-0.03363561165315332,-0.019062799982748402,0.0022692215143251815,0.014638853492215276,0.021931966294573613,-0.015556695525830833,0.0027870701251231367,0.0014647319167124806,-0.004526201828412013,-0.01703353613447689,-0.020364830721518956,0.01043580697660218,0.02506982119575696,-0.004724117952719098,-0.037323108585042064,0.10332986259891186,-0.007093237863955437,-0.016741805499805196,-0.004344678331108298,0.008810746205199393,-0.011894879820829374,-0.02023044769430271,-0.057488755801387015,0.010127328564522031,-0.024852235954313073,-0.018026714484221884,0.0026191398965238477,-0.10142495902073279,0.025135188034028033,0.014900718533681356,-0.013628460261315922,-0.0030036656180527643,-0.0069642392845707946,0.006515990818570572,0.024650574621773558,0.012568972163535364,0.043272475356388895,0.022205730976565974,-0.0024340243253391236,0.00855121905692613,-0.032511733057617676,-0.01833693735898123,-0.08223098462622147,0.04384569238027325,-0.014929029769973567,-0.035980454406399076,-0.015363515207354794,0.0061875311562289426,-0.05570408564335594,-0.03033629558103712,0.026729484875886556,0.01723053765726945,-0.01139722338757565,-0.1177192769391695,-0.029032591509349004,0.015190710953902453,0.036613112497434486,-0.003736588979336375,0.02667782066600921,-0.004298516823837417,-0.011044485868751508,0.016875148145118146,-0.004787580143158721,0.002256828006466094,-0.018610195178553113,-0.018926939286302513,0.013244929881693679,0.027289806377666537,-0.0003923140760093702,0.014884851500028162,0.01551041521361185,0.024374517194701184,0.005882449066120898,0.0017546326721458172,0.026933141531458205,-0.021624051578328363,0.033608904205721046,0.01695067838909381,-0.02165896749284002,-0.028611085385364277,0.01966279751923139,0.012848272470364464,0.011383930752344895,0.07973117205528979,0.021528272915020352,0.00030505715676554246,0.12260045814764453,-0.1448640690141474,0.024232512517755822,0.01342626611040032,0.00568488813132717,0.02372495903273375,0.022083458166889613,0.010460803088790271,-0.03598298710153358,-0.00929521796570043,0.01116263484323099,0.03164040594128892,-0.006730347774464462,0.02152220850075537,-0.0034662060172649944,-0.004735328358492552,-0.07447731687716441,-0.005849911833763599,-0.0011666834325296804,0.02933602052689821,-0.018396298992229276,0.009705797732749488,-0.002109966439093114,0.022013979230905534,0.020326940570157603,0.005792838855995797,-0.010291530494214385,0.009181448207755238,0.034201093803858384,-0.009496315502474317,-0.01830797402681128,-0.016173955404156004,0.10085099791501762,-0.02086516657664106,0.0010782234708131,-0.04693144783232128,-0.006357355459840619,-0.04992606495034124,0.012175803810350772,0.024910608641221188,0.0017461811609109645,0.004603874491294846,0.03482457183099541,-0.03550859562676578,-0.12806779268794344,0.10510819276532857,-0.021302044561252842,0.018692259588988236,0.0023212295236589853,0.004621936496278067,-0.02804416032813606,0.032593954194453545,0.013924533295266883,-0.009082687996851746,0.02681627302627021,0.02900996317521276,0.0035929198802477913,0.019782175153522985,-0.032532085684579215,0.010145475178433117,0.011815563742402446,-0.06283353471371811,-0.03822881231826614,0.12873763535026228,-0.031059663688211003,-0.05458159307090682,-0.03101582058116037,0.009968850414225017,-0.005179773092550022,0.007903993344370974,0.0024667866118761594,0.06608330219842173,-0.030066629449720494,-0.04054101501242258,-0.008110385121653962,-0.0008963340424088528,-0.016222901838773396,0.026617206902301405,-0.03014631574660598,-0.002767690398286504,-0.033146814901556354,0.0009520183302811347,-0.007608799733134219,-0.0095892542585716,-0.021343192986023496,0.014789779560942407,-0.013273766169731971,-0.033007409904712404,0.006034093792550266,-0.003230858171264117,-0.0013795408831356326,-0.008412724430854723,-0.026797994355547416,-0.01410718782699405,0.019687215978592576,0.12377244512026664,-0.017405697855792823,0.005512220388482092,-0.005219119411776774,0.02426693618963327,0.008481349152134499,-0.010365301851834374,0.0044714607988680655,0.009358142354813026,-0.0007268728113558609,-0.028014482313665212,-0.021201152787398314,-0.06641489062076289,-0.007400781607429963,0.015960286649715272,0.005948633124717162,-0.04598919263116841,-0.015419784151163185,-0.014806108361881343,-0.009769585516778534,0.021151690008991864,0.02226766488092835,0.018098278227625997,0.0789583373680216,-0.012506209115599631,-0.011797040080637089,-0.008083893570073997,0.008645066593089723,-0.021451606488881225,-0.0009940187395613975,-0.00766514726819878,-0.01424781496370997,0.00961483992500689,-0.02717724044850911,0.03731427165621426,-0.02954309315464343,0.007009454146100325,-0.000346418655681191,0.004181862153927796,0.1641517800380825,-0.013499554222562438,0.03280721496014394,0.004030988478916697,-0.0004972159567842027,0.07966496485823882,-0.012271396662981715,-0.011927990005460742,0.025277821645431686,-0.03763323806833796,-0.0024388419408296613,-0.0012770529501722194,0.016428613922471413,-0.02358893162897857,-0.002077269022265682,0.056480496044969186,-0.006370066636009142,-0.056530376361479284,0.006237693623006635,0.012511678323789965,-0.020623973003466745,-0.0232476861710893,-0.01590709643005539,-0.043369795585022075,-0.004608201828887104,-0.01068884581400198,0.007612872177560348,0.02598435022719059,0.01072415996975451,0.0041535480586389895,0.0018799087119987234,-0.018856476237260722,-0.0022939752980164485,0.006184202919030213,-0.027173657318598998,0.017973592639464187,-0.01574380609531545,0.0016702791726856958,0.028266757531696385,0.021417966551553036,0.0008717861510376679,0.037131673624571704,-0.009420281057828106,0.09492260939441621,0.006823160699013897,-0.017021096310600115,-0.016148366467859887,-0.016440316047514614,-0.015836276777008607,-0.017207837802061476,-0.014349333425343502,0.054309623320705214,0.003827657995316258,-0.014805023130520567,-0.224731440161122,-0.030888368333762628,-0.055523453570458514,-0.010866324982998776,-0.031452907216589665,-0.0035963954414910404,-0.027883684961125255,6.722235866618576e-5,0.07935883165919222,0.01864422586550063,0.013145893597538816,0.03015921243786579,-0.0302217231319446,0.014654444540269651,-0.010267426728205464,0.02456259908467473,0.023323670917307027,0.0015922214611236996,-0.04461155619674173,-0.04335178821179397,0.0019355631607140822,-0.010906980918662157,-0.006857721881829093,0.048576726857390895,0.020024243198349723,-0.020519722871313206,0.022483562715024163,-0.16082035650515536,0.03881810775237682,0.010482844803391345,0.021008242292737123,0.01980876296875067,0.013814902764352155,-0.02114128831999551,0.03883518036855094,-0.0031908247246974497,0.0015785981559020001,0.017651487487455597,0.0024511912398565983,-0.0009950402163667604,0.02264837501479633,0.0020580550262820907,-0.005579651795414975,-0.04878952176659368,-0.01252834500883182,0.02577651004321524,-0.006115021752520988,0.009875395981453039,-0.008060734153332305,0.00345165466637809,-0.027793509098955838,0.007729450640908908,-0.015398874757011072,0.005000698162803019,-0.04107094940900424,-0.005232283081568312,0.0008396609391638776,-0.016401471582639715,-0.012234126563726022,-0.0022012622084730538,-0.003837715028112143,0.023664853729314927,-0.002364626763665001,0.008460306446522736,0.020158924391580513,0.022953702597078518,0.004925524088477573,-0.030875421209771048,-0.032181818998424205,0.004294111642593634,0.00045732504145235,-0.014827914452325786,0.0011021255554624076,-0.001219995043356903,-0.0006893296558700968,-0.08019700574368471,-0.0002534552868382889,-0.07092687108524842,-0.012882567301858217,0.008596388696787471,-0.00582084224515711,0.00978919999761274,0.023170714797288383,0.02866816057030519,0.0191104749421811,0.11663398306700401,-0.020998810787205002,-0.09952530216105515,0.04859446891259722,-0.005626220974590979,-0.026958491065670387,-0.01330182668971247,0.000991113924101228,0.01752399806343874,-0.017430327057809336,-0.00066270361298848,0.015138060140998277,0.019956167614509468,0.021299569682014408,0.04695794156577904,0.010417609375508619,-0.030793556914431974,0.02138038124758168,-0.00904121055214091,0.008564014648527518,-0.026179820459219627,0.0011464443055047013,0.0797096055066504,-0.009434820900423802,0.0027470126824482577,0.014373172753550989,0.006363956517816405,-0.020574382776203493,0.009514260196738178,-0.0969199222199677,0.009651949098724799,0.016672927788022207,0.02421820982101508,0.0011836249555017275,0.01746762938091706,0.007011379836512788,-0.04332701603652822,0.045044033649901394,0.007684419758334116,-0.018284690466316533,-0.03803487477796352,-0.0033956397373913205,-0.002687218933715485,-0.013381331769778626,0.034721317922958406,-0.010624804672261234,-0.02603393202298321,0.0011530500869412208,-0.013864910403754038,0.055300125805388234,-0.03634484419535511,0.020043809264279844,-0.00243282412463941,0.006837248534338869,-0.005712161753763212,0.0032876701598070213,0.02296833391483233,0.037663242850157985,-0.010484630524729255,0.023060267998516792,-0.003957691453251755,-0.0025987749945670657,-0.009435111103812233,0.0012344662100076675,0.027273480946860218,-0.02957762147889298,-0.015042138114495174,0.012589140478667105,-0.029441914482958964,-0.008790002340447245,-0.012590658244334918,-5.908033151058589e-5,-0.0037486237408757006,-0.018216572587334667,-0.009701653740648908,-0.053389698414321174,0.018591090529298526,0.007429475858771184,0.05277751925632401,0.029062482607969287,0.00624258134757838,-0.04463950173158082,-0.01337112523833639,-0.01703453148911649,0.014885297905493644,-0.0016033367739964888,-0.01374343449515436,-0.03060341822015289,-0.0022818565394118195,0.08673349378295825,-0.012688430830166908,-0.02425219204451423,-0.029187190283664677,0.009853678312282454,0.039017596740450244,-0.015752646871305842,0.018847706291126087,-0.009154233366643894,-0.013725289050739775,0.005052011852058058,-0.0037818734754182515,0.017880603609228274,0.007852354903661762,-0.011050989922068766,-0.02318612994349678,-0.09786860180338408,0.002729015028307913,0.00511567383637157,-0.005978724454053008,-0.002089234180743915,-0.012765188803314231,0.005380075511311588,-0.008020006308470329,-0.02489893000347365,-0.015575205613231446,-0.028572871113965448,0.03475800827618514,0.05869236497710517,0.0016474647636641748,0.007007395229720714,-0.003035173483112885,0.03756488842464023,0.006775205047233612,0.028289233117902768,0.016751193331401737,-0.027858975110575557,0.011184110510839673,-0.07220147774205543,-0.00013816370119457133,-0.008720120644511553,0.1301139694187441,-0.013189215287354727,0.00779634295940923,0.11726940765947802,-0.00732678864733316,0.00279590079458103,0.03164358719095617,-0.037158574519708054,0.009085249879944968,-0.001309557510239756,-0.12753453563379935,0.026340723159762547,0.006972860068344744,-0.04280544208995707,-0.015080087547175935,0.01886248645178057,0.01641366945068512,0.013602316167634854,0.026991843988071196,0.005074796441022045,0.045971214305609465,-0.001955036223080242,-0.026240263919021345,0.0009037291201821063,0.0033598792797420174,0.001708231734482979,-0.018497336492146133,-0.013484896704085259,0.011208501982764574,0.01010906013470958,0.04922522835477139,0.0033535252541696536,0.03537025795230875,0.019322441661643097,0.08428023947271868,0.018477089947737113,-0.00455591410445777,-0.04924000654682459,0.001288400598696171,-0.022420608127958985,0.027271220045804512,-0.01053429893545399,0.008330731042406114,-0.016514025563083123,-0.0005676533955920604,-0.017478562433552725,0.11861882000084734,0.016223608153723035,-5.376709883986308e-7,-2.1738198643816986e-5,-3.056720064620322e-6,-0.00034101525278629197,-1.0129476599729514e-6,0.00010158633509149695,-0.004944305316712416,-4.347118800041017e-6,-1.8139783968251777e-6,-6.730795643061782e-10,-1.051062719446133e-7,-1.3667065509176402e-7,0.0007250880358924405,0.022616599959292216,-3.901421862656518e-9,0.0021516885424262,-4.906325848375026e-8,-0.0008359560572444025,0.0035099617944069905,-0.0025828568427641585,0.000632189649081738,-2.5701551570160575e-8,-0.2311603887574165,7.006428162270595e-5,3.6001728287438084e-6,-3.880931481459182e-7,-0.006317431938441587,-2.8988561464465823e-9,-0.00012001450269494285,-2.990709381672785e-7,3.814885640718302e-7,-1.047962631162136e-5,-0.0003586047803310066,0.00014557896659539438,-1.6070783795396615e-7,-0.0011517156594891276,-0.002532620484657855,-2.2284079070726548e-8,-0.0026004600047144777,-6.404817492366988e-6,-0.0011106069071047386,0.024208580074628117,-2.1597375776671868e-6,-0.026448871900356608,-0.0009397171005076643,0.002755967548182525,-2.1764061166607007e-5,-0.08611390019359533,-0.02542896097466496,-6.007407086228156e-7,-1.448003600046377e-5,-0.00011717013317991132,7.000203186890985e-5,-7.896556317277259e-6,2.111563143225581e-6,-4.61430779594707e-5,-6.88738945098244e-7,8.604512338195036e-7,3.080877472250165e-5,0.002089109351800289,4.99569300926872e-8,4.4422622594297856e-8,-2.66579265062461e-6,0.017138576306024333,2.1177468223498863e-6,-0.0005545492969645238,-0.009551192961225752,-0.0009922160777477984,0.11433109572681133,-0.0006557942301128605,-8.964094420638169e-7,-2.1617540044260863e-5,-2.606431654707253e-9,-1.2139545144673747e-6,9.218009579825548e-5,-6.010753706830324e-10,0.0004991072325992718,2.5755994190745923e-6,-0.0009579404907071876,0.0015495961192755203,-0.0009480242253232518,0.000772637721411229,2.502056135611497e-7,-0.0021915348715992877,-2.0267423481157287e-7,0.0004286401128865691,-0.01500320616105455,0.0007859656550408545,-1.7952206459170839e-6,-4.05680224913052e-7,-1.7050980259669668e-8,-4.983952186510265e-7,-0.0003589133539207978,4.03708803106001e-8,-5.259714868505183e-10,7.604700726471236e-6,-1.2513542664745192e-8,-0.0014595559860026697,0.029919835904365755,0.013088226922263857,0.0043606324702523125,-1.7866812353217743e-7,2.3654691598627015e-7,2.1279459540279877e-7,-0.13465019177783688,-6.719042992126001e-8,0.00010696213851701941,2.64639020641777e-7,0.010362908275055815,0.009393915312102763,3.5391715856647465e-5,0.002954898063762812,-0.0007234557439232958,1.2133990748841583e-6,-1.0851000468303654e-8,1.6508293838868315e-7,-0.007246072881571308,0.0026503467211114184,-8.235207021867197e-7,-0.00430820200153903,2.6131473347401624e-6,-8.783182940419465e-5,1.1708283416955734e-6,-5.54301809008173e-7,0.0050237134091730695,-0.030277563821073272,-0.00010997225255948706,-0.0005118822675740375,6.296947438144684e-5,-4.627011894520194e-6,0.0008575535621275776,-0.010273096782839275,-1.4958454017111045e-7,3.2002422661880914e-7,-0.00026864474813237393,-0.0025395652087354392,9.299720126421107e-6,2.2425814268783872e-7,-0.003219586842192257,1.1056501157333254e-9,-0.0001381979404015965,0.015523685074299465,-0.004000702506118614,-2.316236701460639e-5,-0.0002202929899794981,-1.9921518673582383e-7,3.6318485536757095e-6,-0.021547377844399307,-7.728793706363035e-6,-0.011281274240445782,9.131675450524401e-12,0.028074456600734266,3.2326660762138637e-7,9.548208887988352e-7,1.4176734005819092e-7,-0.00022342379463680118,0.006945041614471847,-0.0001108252440076285,-1.1751640502724592e-9,-0.0004575295306494809,-9.765925616522786e-7,-4.1823249241016575e-9,-9.538267460307281e-7,2.2067341114873074e-5,-3.749165238247504e-9,0.005548141612052859,-4.075214997314308e-8,2.0581373874617448e-7,5.005835814309023e-6,8.21285139999961e-8,0.002213814133028791,3.3668562798849777e-9,-0.0023350145501126462,5.0508838067564454e-6,6.819414017122938e-5,-1.7290449152995713e-7,1.4735414367805788e-5,-0.0007724460558904411,2.0181555955567365e-7,-2.4872087545785293e-8,-0.0008925053841508657,-5.341536293140825e-8,0.03755833915056428,-3.6846548372437837e-6,0.01805370414876961,-8.116345702191552e-6,3.617144888679036e-5,0.005787809128378285,-0.00012896837318976395,0.12764332905499032,0.15268057325738482,0.16130681252252543,2.8325738140461132e-8,-3.3489415121046306e-6,-4.721259358131391e-6,0.013775924448054866,-0.00011664469101901886,0.027406335862906417,0.004971462144112593,-6.49172132161091e-7,5.340196334557845e-5,-1.3210032270317973e-8,2.0516101961742805e-7,-9.927862680569888e-5,-4.839002099412196e-10,1.0126615143657425e-8,-0.00021321919371075637,-3.29790561459653e-6,1.0606838351731596e-7,0.0014259238221256965,0.009661502714152448,-8.044936732432006e-5,-0.0015406138172693318,1.946804731745716e-9,-5.631842621589556e-6,3.615954944865586e-11,1.7754358339061582e-7,-5.962360174471826e-7,9.954778182330593e-9,-0.08179685112008883,0.0010151807280180947,-2.4211691464215424e-8,-1.4228248055303538e-6,6.880935582653791e-6,-0.0008327471865641201,0.0006685193997100214,-1.2748478837257965e-8,-0.0012757615526481914,-0.00027150920618623786,-0.0001221903925738843,0.0021378754636316444,-1.7118825622830514e-5,0.0019992431930404564,0.003968833577346231,-7.422170608673007e-7,-0.0004772779100221669,-7.174444496627075e-5,4.2511765299679816e-7,0.00032109363931454027,7.406538879983771e-7,-4.7179072419467616e-5,0.0006152427122287918,0.004860088941768481,0.0001467300818163153,0.06677103733818512,0.0020134843837240624,1.843636620812994e-6,0.006843861380730232,-0.00028613596504101224,-0.0009222112386169101,2.0882759947937757e-6,2.2918192507659363e-7,0.00033956089691855595,0.01556712503588642,0.008782745683333815,-1.008302446869891e-6,-1.6571170755597109e-6,0.0014930112211004598,-5.3653109432616475e-5,2.047600459187393e-6,0.003712327216817357,1.0063447972719075e-5,0.0003127569473804215,-9.631968538731384e-10,-0.01452932969732501,-6.798817227780807e-8,-0.004687893919935959,-6.57904876959492e-5,-0.2224223746889038,0.0001281148954035416,-0.004345395049540457,1.0189924459780286e-7,0.10385954751109239,9.228091560897766e-7,1.0215086120091144e-5,-0.003695448937378387,-3.5512166131346223e-8,1.886486659663511e-7,-6.039640094712695e-6,-0.0015160241512148787,6.56203320431592e-7,0.00013387916190055194,0.0022851110543342656,-0.2811400003374729,-6.33296821139274e-10,-9.588425093909336e-6,7.681439169004989e-5,-7.160594879707105e-5,-4.8874975362878104e-5,-3.0200352622244964e-5,1.266776882280496e-7,1.6615202573164178e-9,-0.0010057718300515717,0.01856464647607936,5.093583477133734e-5,-0.00020428363770008673,9.200571743361863e-8,-4.968444363567803e-8,2.012595209155421e-6,4.299465351209619e-5,4.98836872919739e-7,-0.00019924021876249753,-4.95421169019461e-8,9.085568065003713e-6,-2.2924423228598556e-6,-0.02479380531985953,1.718509672732349e-6,-1.2675918882251724e-9,-0.007369220805003351,-2.5574650219795103e-7,-1.8056649217501608e-7,4.815418118475634e-5,-1.0074799774884013e-5,0.0005351646537974375,0.0001898799097830306,0.03637910883458062,-7.206383034752406e-7,-1.0142999423479182e-5,-2.703889328270481e-7,5.872388226385583e-8,-9.171216000414262e-6,-0.0012080062581389939,-4.6590281223279906e-8,-0.0012378734772937605,2.6319005915487192e-6,-5.892696525400254e-6,4.273963518514057e-8,1.859669692905186e-6,5.716046325598967e-6,-0.010199242135968234,-0.00985308410054131,0.0003926189338585573,1.8932530065907116e-7,-4.215027942677807e-6,-0.00037070192149712966,2.047984046138116e-8,-8.982977368177103e-6,-6.197032328481358e-10,7.822543752339373e-8,-4.387463735100461e-7,8.088150629803614e-8,-3.034526300793594e-7,7.181489504404226e-5,9.316994331737272e-7,-0.00046673486576764844,2.060911139856181e-6,1.7714569993179663e-9,-0.008987582313920939,-1.0758803554722363e-6,8.750946791646896e-6,-0.0001537932793667096,-3.8265677620909905e-9,4.417868484235532e-10,-2.3036508717266813e-7,-0.3024558148026699,-0.011674551248233911,-3.348261624555593e-9,0.00141493140847615,2.02513372696278e-7,-1.407481897786056e-5,-0.0012232124647653109,-0.07527727270644391,-6.753878234455613e-7,0.00012164244463974683,3.4966700765970415e-6,-1.6708081804206465e-7,-2.640752100602217e-7,0.020225810021656798,1.3332012493982859e-8,1.8647273555272292e-6,-2.961627271869105e-6,-0.004097891449418967,0.03619274706579745,2.5974062147327004e-5,-0.059240360715193674,-0.006198302987286297,3.3383040418666354e-6,-3.444724583356873e-7,-5.842357974916723e-5,2.6528350272059242e-5,-5.464962415402397e-5,-0.00010013447613843596,0.0015873571771862771,0.02792720485558675,0.0035617918106254365,-5.40122764049189e-8,-0.15415063973387078,-0.0003986996347293825,0.009690539895927941,0.0023760612257319735,-0.0005774138553533703,1.2004035714330286e-6,-0.0003091215124300106,-0.008509792472068511,5.469402080127139e-7,2.4353377331420845e-7,2.5800268495246304e-7,0.0003420998833973954,-0.00019008908833484384,-3.7971973456230046e-5,1.9634508465760092e-6,-0.0011935431580809563,-0.002863161585537455,2.4264160472520224e-10,-0.00010215170922123207,6.861578472766583e-8,0.014742002882599081,0.003211401634644062,1.289092716905138e-6,-0.0005930481868148263,-0.001211998909752765,-2.4877307957638095e-5,5.491764551113221e-6,0.04178206752879987,-1.0957261944000152e-5,0.0004435496107362269,-7.266389369320336e-5,0.0035609212463896256,2.350037600629129e-8,5.859329914414957e-5,-0.0005172990838673286,0.00010578018417106705,0.12728207839245442,0.010340151728087221,6.2623048534965475e-9,0.002060821562537285,-2.0232333962866278e-5,-7.992506550280609e-5,-6.601608559808625e-8,0.02613861856298172,0.013548243656259729,-1.9235713994092407e-5,0.0055759029355613166,0.0017213115056620154,-4.342282132085984e-5,-6.132273699683416e-9,0.043786607500805985,-1.9442127130453457e-7,-9.60535206786517e-5,-0.004219243320676469,0.000504420097684033,4.0251882399422456e-7,-0.0003755682757002887,7.402385902022246e-6,-0.0003758444594836874,-1.1605692682922775e-8,-1.3334722007152244e-8,4.057149947944705e-8,-0.0002904461880461895,-0.00023292691427911905,5.48208813760942e-8,4.125788050046708e-5,-0.04736390987090999,8.587445449736997e-7,-1.0899043605405723e-6,-1.987360476185529e-8,1.0904195897332158e-6,-0.000629427185621978,0.014039566849533003,8.25389108310981e-8,0.04615907397237606,3.422235369043847e-5,1.9394514794157658e-7,6.73628265701609e-5,0.0011387930580895045,-1.2457762032787138e-9,-0.0005533993125936831,8.858092844302168e-10,2.7136478697453725e-7,-3.587271305283135e-7,-9.193710289068235e-6,-0.0050846448002630495,1.1436115153820592e-9,-0.08934756824237411,0.0182554300990887,-0.0005631403487313946,9.98496642985458e-5,-7.069944532589467e-8,-2.0277041940630625e-5,1.8789446756817263e-7,-3.241309104851098e-5,5.1596986182289584e-5,-0.000149102758683739,-2.555450450358876e-6,-2.8483688183200684e-5,0.00044420952229984323,-1.591198261902127e-7,1.6254038850537639e-9,-1.5894783567116377e-7,3.73040932366564e-7,-0.0020938058701176487,0.004169885785813676,1.2604911336921987e-6,3.7643133119047434e-5,-0.02520420893188202,-0.13222587975178612,-1.693038699457361e-5,-0.015748910063848598,-5.073307945968608e-8,-5.202981787633121e-7,-7.554615626848005e-6,-4.133653055848896e-6,3.845536593882759e-7,-3.9658564245093064e-8,-0.00021689676100322686,0.000208213340715524,6.086156147944166e-6,-0.0008612807699819314,-0.0010413764890699895,-3.9005227847610513e-7,3.221899448763166e-7,-2.220321602131037e-6,-3.646030149440094e-5,0.0036367085460824455,7.412297793329969e-7,1.1827872307357268e-5,-2.414102891634684e-5,1.1417889213660715e-5,-2.2037094468685403e-7,3.404946739837822e-8,1.3268704204261184e-6,0.00048049622557755356,-0.043545962776988745,-9.221273818138531e-8,-0.0003887745635893225,-2.5059806521565697e-9,0.0002614868647583535,6.131286028221439e-6,3.5696984421740297e-6,-0.0015392712584798574,4.3510497803822545e-5,-3.3945432971194123e-6,0.0325729553878773,0.04543590648972895,2.0699403885382495e-7,1.345756480732041e-8,-0.0003189362349758085,0.0007634732191945659,9.458357123293126e-5,1.2440849756628625e-9,1.3174929325288076e-7,-4.964023423426056e-6,5.537149943002362e-6,-0.0022612379461861565,2.121076503769359e-6,-1.4619631896577168e-8,-1.120570986046232e-5,-0.010013425489887595,-3.0472877110554464e-8,2.219723110874483e-8,0.14387287688441575,0.0008346409318846781,-6.278661385294981e-5,0.0007507316522605834,0.05842433500220068,0.007392576146230567,0.002324796720131417,-0.000610035978183987,-0.002443331541144289,-0.0003007592084713906,0.014795909191889223,0.002719090676691849,0.0028741831629304215,-0.00020812343177567527,0.0014069773314986378,0.00899299216689542,-0.008169116724275227,0.0020244571796865785,-1.4269171577825646e-9,0.0006208515691241701,3.0200842482397405e-7,1.672364590099562e-5,-4.170055668550887e-7,0.030222358036553487,-8.125505233635977e-5,-1.488195690985128e-7,-0.008350963498060082,9.308668727503466e-8,0.001953177219547797,0.00027270273031376746,-5.46350499730508e-7,-1.9924324468068022e-7,-0.0001454949737080824,1.8065977942793854e-7,-0.0028025344445268274,-1.8258410738186681e-9,-0.016400592037825845,-0.023776076750436914,-0.008855599768139655,2.746038712531096e-7,-3.2672957125612356e-5,1.19441523539765e-7,-4.917353945135469e-7,6.916902495213151e-7,-0.0022080832732171984,-2.5471435738388948e-6,0.08949822318390943,4.231160612155893e-7,-3.528271401709304e-7,-7.550877603179629e-6,-0.00023192187245513196,-4.0705579784638957e-7,-0.0001838444777604309,4.011071376985864e-7,1.0535978135717272e-5,-1.0585261289025594e-8,-6.896561161795489e-5,8.224699896836052e-10,1.5298939892716135e-7,9.244532558483343e-5,0.0011499870356601605,0.009418970104889013,-1.3966254972075376e-5,-0.0008765537954786851,8.394122683053062e-8,3.7421169041262914e-7,-2.85278111866738e-6,0.004938084610330407,-6.66617322053753e-5,2.052533953564306e-9,-2.1362155551152284e-6,9.169809632680881e-5,7.296543952151069e-6,-0.008618428651971044,0.001712030360067729,-2.5863973284856456e-5,1.3691227224860159e-7,2.170804595975906e-9,-1.071279372411027e-5,8.628317713088585e-9,0.11776167034986429,-6.603975045982313e-8,3.0491209113137074e-8,8.886694138254825e-5,0.0008008367030925001,-0.0009106950285513449,-9.902005599471408e-6,1.2235791193582202e-6,2.1320575662286956e-5,-0.001019657573351651,0.00040903539189685034,-0.0017831972675139696,-5.643769890184558e-5,-0.013465120042383205,-1.0648605184258864e-8,0.03575187781098066,-0.0007294739723420207,1.8314071115188568e-7,0.007360474404777051,9.994752604713941e-8,1.9511477988842785e-8,-0.03597216753405519,-9.670638305425694e-8,-0.00023505924802691425,-2.9297695844018867e-8,-3.598129310472542e-8,6.221117743621107e-6,-5.7156412769376885e-8,3.478982923610374e-5,-1.1712213337372601e-7,-1.6001776845797622e-6,-0.00255668509635143,0.0009961100838609127,0.02851291181286797,-8.618845690477883e-6,0.0013867256664070737,6.287281753003526e-7,-1.831333735324847e-5,-6.563611723575669e-7,-0.0005829238641013035,6.500048966434635e-8,5.812123589007956e-8,-0.028624450824281666,1.8621856626710453e-6,-0.03228207945358008,-0.007121983598153747,0.05353828096122015,-5.972613320581743e-8,-1.8197437978706432e-7,0.0002870465837645497,-0.016108930044538283,-6.99000612769396e-5,2.5300535679839697e-6,-6.878819356792576e-6,0.3622250586631708,-9.658628523112611e-5,0.0016452872821446363,-2.1684890068485174e-5,-0.00034606245782242695,-0.004023036530270474,-0.010043242895335425,-0.00012164550319937462,0.00039681019768522674,0.057279910892248154,-1.0810161057105139e-8,-8.63336462089137e-5,0.006437127071876603,-5.707696920431715e-6,-3.734456188730917e-9,-2.669950346645411e-7,8.754505476105123e-8,0.0002743775241356161,-3.642814328941313e-5,-0.09084597612672951,-0.00026183412811064954,0.0002882505371530897,4.965819443703001e-7,-0.00025551681702040696,2.0260694885698705e-7,-8.7148120098135e-7,-0.0015897110064884146,0.008297773911181139,-4.138936451902886e-7,-0.002906714340497274,-0.00752955675307021,2.119013046628093e-9,1.0645455940372361e-9,1.852583182415657e-7,-1.616287936823113e-8,0.0016223691818595398,0.0006965192490042682,-2.7616120431032606e-9,0.0082238935319765,6.606578730533261e-6,0.0001560217360001559,-1.908329263722308e-6,-3.074319440384346e-8,7.928551757796498e-6,-3.153341853381745e-10,0.0006337504415796502,-7.468655706041605e-8,-0.0020301981735428853,-4.306668831451088e-9,-1.106988357868488e-5,0.0016959825327376166,-1.1778654895877594e-6,-0.0015948062405755081,-4.0042714654492384e-8,0.0001739904094222311,-2.2537077773443492e-8,-2.1724455252168087e-9,-0.002419792699129175,-0.016548989668990544,0.0006952224303518051,-0.004870181880505697,2.564905498825265e-7,9.312500310443284e-5,4.070490064567167e-6,-0.00010822554858691547
0.05845405127865888,-0.0320958478605462,-0.07165566181311078,-0.011252315083766007,-0.012600835382727382,-0.03791123195196633,0.0019483736601841883,0.037416160441352986,-0.04362557387321431,0.08650597275845939,-0.067061925863527,0.032380983840994304,0.021817712571646553,0.01360190583000076,0.015264301629940746,0.006077848451241152,0.011872857900698364,0.00639972970202507,0.003545739198671072,0.0010697066099965014,-0.024852789678789122,0.04234052848687497,0.021730594424298033,0.4288694515453244,-0.3906707903734059,0.0010859006270038662,0.22416795279241342,0.03741007242933847,-0.31330463707854506,-0.01880316619599398,-0.06133327177758474,0.013390202728260192,-0.042243724021318485,0.040913866825576406,-0.08914502647166955,-0.0218637065445364,-0.02922659323235166,-0.05581556870311033,0.013216786326665897,0.025796239961891843,-0.06527930761649259,0.03153574353927979,-0.02939634263748303,-0.013986343634087461,-0.021147918746692085,0.010760698385638534,0.024023582966037793,0.1122291714241328,-0.019647572606118047,0.01809552438044193,-0.07435912088840269,-0.18943747175944736,0.27350255363637643,-0.007020300141448388,0.02680125845108705,-0.012746114056881197,-0.044253632051550085,-0.01822451249063306,-0.010518066347685817,0.004162013563018263,-0.048013938570875325,-0.0004623832883225987,0.027128373132654815,0.07562482036883011,-0.0011490488441268099,-0.021284318887410336,-0.006859543802420376,-0.024044667707585177,-0.0853875410175533,-0.36622065649862634,0.0594657144829398,0.0790924139287199,-0.00557569720876927,0.135514328330828,0.06433167722207145,-0.17034299478837056,-0.005921313145336171,-0.002347696009110223,-0.04043934994660958,-0.019225234847908723,-0.002299887511981069,0.022225283246257277,0.020601886267741065,0.020011904549392057,-0.005506902090928634,0.022737939197213564,-0.014243940871892846,-0.007274198129152865,0.24715638009979557,-0.04221472638528212,-0.015424414943481679,0.016305837885283836,-0.027748284950575908,-0.021655497224855935,0.01052479642032722,0.04273622405526112,0.11953306371856343,-0.0074179749562972574,0.1602796560346178,0.059366961818341224,-0.0013093619672872592,0.01347560282761151,0.01097021512396168,-0.03931551084860985,-0.017018415229586026,0.049905527655937476,0.00451848038846947,-0.08519321406947711,-0.09891342519586033,0.017296332677688042,-0.03147140323926578,-0.01728636251846183,0.015323733539844397,-0.004792471323526115,0.01014641403025962,0.0707284009349678,0.016856248740623414,-0.000482843459394644,-0.023662526145017182,0.021835645724422648,0.010992925102982554,0.000781042155722389,-0.008170122811861802,0.010897667349127005,0.010392645202955464,-0.0019410484292166075,-0.1969592318200739,-0.07610923964239191,0.053549957290670136,0.04693639721881482,-0.00980362663995038,0.013356002169530257,-0.051169401507650036,-0.0017517805044917623,0.0458352824607573,0.019083779822722136,0.022762131543458963,-0.01079247698726249,0.00616717435332248,0.0457035818519671,-0.05155260769515735,0.0032673566920493613,0.0019184292814315995,0.027050989932831726,-0.011355243074945065,-0.060732368769095046,-0.001252792490390675,-0.0385303857094641,0.025516221383441007,0.0005411010679381434,-0.0035597124037849426,-0.08125027116341244,-0.014545584373991005,0.017835681471296994,-0.0647868638698128,-0.04735213846743136,0.004455591347323207,0.023261439340785728,0.026653644938051002,-0.03225737658794969,-0.034586783391205245,0.01914577431307407,0.15242829575845462,0.019704326446117193,0.018399555714040616,-0.008237267951699323,0.022718389051078702,-0.027595232844760176,0.016865086276084185,-0.03639608023513574,-0.0513639006712765,-0.0004008425894426182,-0.038382613798603415,-0.025685244450869504,-0.09065959207146079,-0.006032165294527658,-0.02022088692712032,0.010190048793447204,-0.03887090317584807,0.02652297960139549,-0.037618058722728165,0.007251172174619569,0.02546540872026526,-0.44055685252533294,-0.022399443919312034,0.08128631765430328,0.29048790591332363,-0.02871860680352256,0.03401694820058765,-0.009364109213493066,-0.03484937756547879,0.04949488108240985,0.00208783260313794,0.017340989061267464,-0.028570406783728686,-0.018346497420679952,0.015386044092338125,-0.015637441328181012,-0.014362730719767569,0.03334613186234492,-0.033435533765441505,0.02845564277504309,-0.005338842614492023,-0.03703975032112794,0.005620145704142487,-0.01764387427283509,-0.0077837875760451425,0.004568203903545509,-0.003553721394382592,0.0369800912685605,-0.014070035643271694,-0.04658590712824662,-0.07995692127133225,0.009350750271551078,0.1126168883547507,0.04612662759973318,-0.016862747508639586,0.02258002882808796,0.03903997890802202,-0.03504320143656514,-0.0029442406926136755,0.16541296728473753,-0.2084219200332882,0.22451273529077298,0.04405173280156305,0.008817622656351887,-0.011423771677073091,0.005318887348039425,-0.04315923603644478,0.016659585425713885,0.029454955844812503,-0.017626634138650843,-0.05666133114209515,-0.039822280161388335,0.0009043662553267495,0.00782440735383716,-0.0027012952268705703,0.026927212933514966,-0.054869405260888016,-0.027729306615583482,0.023117954629697124,-0.04156240350584994,-0.03740905710219522,0.047201165029946424,-0.27637554833836475,-0.05992948469622661,0.04233315482997568,0.043518789467270835,0.007813309078301245,-0.023273245849850355,-0.0178654269548133,-0.020537913746466074,-0.04475653733516083,0.038698994561855216,-0.01086272132670274,0.024301411376882243,0.014677806979079833,0.019880865211916898,-0.0042508183178142644,-4.57838231113783e-5,0.03203512174218304,0.026503510421207466,0.3094072618496284,0.013569872499829216,-0.039652346717048204,0.017897718096719473,-0.02605329657490074,0.003962342986596923,0.004600997512170579,-0.0052865629750158405,-0.04037466349564056,-0.019863847111992072,-0.016669936865582713,0.014525337181112263,0.02231218293911752,-0.004191306725743971,0.030119626673013045,-0.052821528168351506,-0.009846389139056555,0.03595624407171272,-0.029561694849689957,-0.07469003596634138,-0.03256773809198421,-0.003693867883157509,-0.042302542067773174,-0.032704432829632424,-0.04028235124042112,0.03257323767684284,-0.011515653739479603,0.09288736252892704,0.003085307582750829,-0.017744911423505982,0.07501922035726238,0.0255776454196166,0.026473999463632936,0.10060296688970993,0.009063059177606192,-0.046250977906311164,-0.00025586473259409104,-0.0035999915904199042,-0.03493379220708448,-0.007693465175179881,0.3300525953709439,0.016366206004477135,0.012734549916899596,0.041425378805342916,-0.08315957914965111,0.01721406245678736,-0.047081797009013826,-0.07899236213415861,-0.03149891949396988,-0.006333926903607789,0.04284557397812705,-0.0009493972502241377,0.0009746721034389338,-0.04291266143445682,-0.03064768103922688,0.0003522932529449463,-0.179781844442914,-0.0013481259975378634,0.19089174400141928,0.03417752564882903,-0.026259825571287365,0.006441199422624777,-0.01658357956944201,0.008551768243705737,0.020464455385990732,-0.031506155564329674,-0.029918760366854258,-0.051851697541223984,0.006114876472565811,-0.1460523897985695,0.005456700317154173,-0.01918060740990768,0.03791075830031332,0.010892433010667446,-0.028473579635829083,0.13441191455831358,-0.06182621130210464,-0.0177282776157881,0.012796718361641979,0.07068412385706324,0.1291907095728675,-0.05070194904692471,0.013364400518184993,-0.021614043383124226,0.054628371482976945,0.05688860177178867,0.047194099313855986,0.1509484659836744,0.2275717492466356,-0.006668594149232376,-0.05427284492475337,-0.011065451652029878,0.0117280461035989,0.04197862422734033,-0.009877206808596384,0.014863866983432672,-0.03891786331757885,-0.0079260959175258,-0.4513635819457704,-0.19176081285331747,0.0013612546183594532,0.03356742256801226,-0.019717052957275882,-0.027445000773695938,0.0226990167693657,-0.04775687335495604,-0.04072785798962286,0.004223342542900355,-0.029209510068540112,0.005688130671842373,0.012111392301449087,-0.02197969893040863,-0.06127149692565581,-0.09303144327532209,-0.00388674539681233,-0.008715557261893991,0.029995816710652434,-0.05833697155344453,0.025104189578087244,0.10724386029869493,-0.01863525167118496,-0.005760787137432999,-0.013788160009426065,-0.039374607228637615,0.05484092059850809,0.03542698813180323,0.02600806049304083,-0.017162631897008396,0.024998983693876653,-0.033790461222451995,0.0006301845551206497,-0.02202597889754543,-0.004996633431801456,-0.06912065128813083,0.02090599433540774,-0.02882453417441866,-0.02000609010883636,0.0015061279082146939,-0.011254642031417461,-0.008585281438570291,0.04641792006918877,-0.03511804969275545,0.0009910818935168209,-0.11020066441233212,-0.007058701889036456,0.03801959633710794,-0.026138075829294394,-0.02653676929367066,-0.02421941771171987,-0.05003044102159038,-0.01701479463645228,-0.01072849748425142,0.038196528888875037,-0.02020228369292454,0.030981342528320965,-0.0023858551376179093,0.0696757127152523,0.006953663390959264,-0.06395420351509529,-0.09015078291122336,0.06941830402502092,-0.014323140268061252,0.0036396334962773835,0.010413355775263256,-0.10957210070591827,0.018975303708430147,0.006412476984223758,0.009882422765258525,-0.12116305690869922,-0.011370886004442582,-0.05240348537154205,0.22430795827312977,-0.002619011858769227,0.035641206362925004,0.004732213860734191,0.011488623669720255,0.011701641073386781,0.024894492650219036,-0.023692331385973375,-0.06762973908917047,0.0002984045264611268,0.003757517279154854,0.19010020430260965,-0.034220989707364424,-0.030589126767154085,-0.01741403905361949,0.010275749652464583,-0.006008491760439938,0.012008139377940097,0.0022887789800734026,-0.055433730532968184,0.046430689622638965,0.033277966707828455,0.018846112996470765,-0.016238017475643574,-0.1707524988160003,-0.082907811853147,-0.0645122695605096,-0.003873369239954627,0.004566911027040987,0.34189285990760254,-0.022462914919742616,0.043846302997337716,0.0020721523796964902,-0.027635728965378803,-0.28253127523930743,0.041583706293749856,-0.014759516108824755,-0.02475691517042833,0.04791752101778002,0.056746858746919315,-0.12459751418737142,-0.0008672693402331788,0.019995734241092578,-0.006613244175241562,0.0062229197756096255,0.016542236819532263,-0.042780958881849074,-0.2156279927585274,0.003656413941826031,-0.011258113832809613,0.04309835911044502,0.01984953629971642,0.2045984652650077,0.08198701126821106,-0.017250997512746835,0.006131517850008095,0.01618486043480516,0.014720690993272001,-0.014538812141836388,-0.0016254826514341403,-0.03043011048794142,0.04295462584923371,0.031776390729646664,-0.017220998533957754,-0.031776326777617214,0.027537848706174373,-0.04212196908338228,0.02031870268729108,-0.027692529465184634,0.005553880750085227,0.05227866785389779,0.011302988586976426,-0.011226555273196936,0.012407149355112779,-0.05179009827634218,-0.026602434626965987,-0.031596012632917336,-0.05820242234040052,-0.035930197598645464,0.09241280350579473,0.02513563668981078,0.31639397185790585,0.006714315993122,0.064103873575732,0.010226094576864853,-0.10579044466533105,0.08634016211544804,-0.0037439349143824074,0.01236394159241172,-0.02006357149548421,0.0029104327586537693,-0.003688055051043193,0.13115918423136463,-0.05264632680928116,-0.0486526432177925,-0.004501050212638802,0.0026089507273354684,0.031533009314443916,0.015676089421191364,0.022471314841311596,0.00042138978369621327,-0.022793487326680406,-0.00843106536376581,-0.007243871777973254,0.013322510498255724,-0.029378150304182782,-0.022576421633857535,-0.020231377798609174,-0.08087538877953193,-0.009604386349792549,-0.0031652200559619814,-0.01001342679182926,-0.03763027640979999,0.013045397339737974,0.06381246412820474,0.03171862256749591,-0.3347095645403897,-0.004801938263085503,-0.01548348238611652,0.020918340875752506,0.08967878017546127,-0.02649459030089929,0.1554058613446614,0.00563252348365495,0.008527866517397342,-0.014484048225313018,-0.030062425483265542,-0.03721095337095903,-0.024198551691370085,0.007974934858339111,0.010885884989875194,0.084601528596977,0.030158073714119382,0.044567497237494536,-0.08185285058971203,-0.007724784795300366,0.0024486435868311673,-0.013966618140784703,0.002548414015564049,0.02158085664632381,-0.004661649487843533,-0.005123702403579955,0.01890061660014908,-0.059551696853759495,0.04491826502828644,-0.011107599428214598,0.040400518040769384,0.006853063172457041,-0.02852251343347234,0.011794837047091278,-0.004052891823221216,-0.039646171215281356,-0.03701787280442659,-0.019062252085859654,-0.002900574423620128,-0.001894356240882189,-0.06666167141520418,-0.06517789265490137,-0.040806220091326395,-0.03607096731866477,-0.0025402765968465246,-0.04293313782545738,0.03722312618913293,0.02275247387933632,0.001864284829935059,-0.08756106709824962,0.04300592585514096,0.04341885073336016,0.001918748766911449,0.021173023395022028,0.052928166519564,-0.059621121891723305,-0.04398634970311832,0.01074713182765663,-0.021509827884074184,-0.02865577170450706,-0.04563976253120927,-0.014637744994388413,-0.005546997438159451,-0.0011399852091926732,0.2615739102329826,-0.01604277393744269,-0.003778482147026807,0.0032683823457801964,-0.0166286264682185,-0.008270541540696286,0.005916682633142045,0.002420014247036306,0.005241035181825282,-0.023269775050721364,0.038198094138351735,-0.16761926565595786,-0.008134157663334918,0.021119034667208325,0.021982147780363448,0.026286449932740652,-0.0025287360476795584,-0.02225891248372136,-0.017278116938541643,-0.08561129961162806,0.14287083648332555,-0.008562932346649177,0.0265087721090822,-0.011981269053649157,0.2409568714588204,0.0009941803891706513,0.026285857038601534,0.004632211478565296,0.021551966325660032,0.01487697598804516,0.04623180238013447,0.010021581307228189,0.009151258589554345,0.05663651349777865,0.0006676115260688675,0.17753892464861565,-0.029835760994728844,0.0038577312298002653,0.02596196064951073,0.005078885236798669,-0.002942521803561249,0.0010331068642699393,0.06943737269585881,0.0015581913585265283,0.01986476354932165,0.03856877470298059,-0.014125478453934193,-0.009509422409792023,0.06850853167998139,-0.013718890897507663,-0.007912733146213213,-0.015589167761390854,0.0035665695895659155,0.009335821399872657,-0.042854444146883,-0.04404408927257464,-0.09105669685277462,0.02019969689717982,-0.014186934977260535,0.045613000220328104,0.024038904896428903,0.008460115213893005,-0.04262137628211349,0.005350648892999743,-0.010965059120280785,-0.003406899587389489,-0.019611094781794236,0.09376256295581697,-0.05652966751222266,0.0026871503823713283,-0.019809522572586502,0.03141104008136608,0.0017559141159324554,-0.0002766883237654838,-0.020168866660242202,0.030908207218089956,0.028839060165864794,-0.015773661973071285,0.059064668663268094,0.014559350764557166,-0.0010579542995401425,0.0005943893193034455,-0.019100176217762055,-0.014103863226409885,-0.0028780220941371226,0.026380011255241698,0.004402127166713399,-0.0003821217333097593,-0.01656685558418758,0.025943278955310234,-0.007676913766772486,-0.024330953827302437,0.011488084822531164,-0.0043191348704567645,-0.02620574242882867,-0.004790370436239755,0.10429852697052411,0.003073811047215713,-0.009369809019744935,0.021918712518527173,0.013904367673603701,0.0002956820421786688,-0.037525053736317204,0.001202366335746774,-0.05172226225840859,-0.06123326757187897,-0.02299212875595913,-0.009037260513650835,0.008843608721690543,-0.017565087065293028,-0.08021746837403043,-0.0046671388736285735,-0.01166240749807912,0.009702293834379816,-0.034560923908429686,0.016162846494808036,-0.038621046996922814,-0.08112574625920388,-0.01631815829651373,0.040334900662855944,0.020714004791443585,-0.02617068275321799,-0.15248030128441314,-0.24125374286631995,-0.02871104462610674,0.05964957279320515,0.019372293554170028,0.017486124673268932,0.003145270796267141,-0.03634054822487087,-0.1413861436449224,-0.015588219420351379,-0.14857769825903233,0.020949683159415144,0.01197079674602719,-0.008130598060233751,-0.022935079818353188,0.025142087413769332,-0.05353215868672123,0.010072108757640308,-0.8221895953683998,-0.5926981099655677,0.0378250765716075,-0.08716578538587783,0.030481197230983526,-0.013334463876162772,-0.01914903097116394,0.4142302801801634,-0.005268390335913864,0.029140981381715392,-0.013171362258617592,0.0827688884219242,-0.05771356031709729,0.003448129443313519,0.05307006583097973,0.07910337470093509,-0.0032497005240657018,0.01528799692823668,0.04538086290631327,0.009659984960308066,-0.022348826279994682,-0.008661895143632137,-0.01428971289533365,-0.8473318920223392,0.036305305795394816,-0.03487101979771978,0.017971754766222148,0.05411226334399544,-0.030833155098662246,0.0533225386061531,0.011947921308092191,0.04089099016346154,-0.03760188350770477,-0.022448168419941794,0.03904234149104013,-0.04144514549989253,-0.022677822642435785,-0.10263201814268541,-0.018195043259765953,0.04463396140363329,-0.026800364051268843,0.05484446151604061,-0.03285205809788749,-0.012970347375812707,-0.01784772718383465,0.01641443787229946,0.01664744560730469,-0.08925986057329283,-0.015026553361622064,-0.027664701199682895,-0.0750228227207117,-0.04895072447061466,-0.01440465785071865,0.005230005085195444,-0.009809282684727805,0.08032238385749224,-2.3292698188015493e-5,-0.5128684820483613,0.06018513596973207,0.02109696859588439,0.009796626978641143,-0.050407265922672195,0.056770870709442534,-0.05911280923101003,-0.014848638984403806,-0.5645808133076571,0.20761652886722004,0.0012879343285021605,-0.07000645038078801,-0.049576445802813396,-0.0002939176010841038,0.02294675413213554,-0.010977538366205408,0.08910894430664484,0.012088346257769444,-0.003982652273407439,0.003088230399271197,-0.031768453533914,-0.04130309235188179,0.024314291153132217,0.03751236404241354,-0.04257487322661291,-0.07690300194735755,-0.0173123156141628,0.38496424874756485,-0.6534968275282154,0.0614518505462911,-0.036963790386380424,0.03573507567125489,-0.6746526834576798,-0.02193891072056431,0.01038693927694112,0.08292342575805378,0.9637992448806472,0.0003327966587676201,0.0057228446730732685,-0.0105793918874042,0.018287134296542717,-0.3279970680923725,0.027252994240370754,-0.026333535699677668,0.021020309715822805,0.000507921932694444,-0.010541598506961236,-0.008017719386998579,-0.0005208103848417522,-0.31551794213282847,-0.08603819853669847,0.007158166379895192,-0.04307344670087332,0.006657504040049389,-0.02547906128620525,0.06652025413859519,0.0039417558346031,0.022851443381114223,0.16977588009876854,-0.30152117125544464,-0.005212412184391724,0.034513863236497855,0.045994852882813575,-0.02832635802042205,0.021329793038603384,0.021109240986334044,-0.01577210495952386,0.4060837921406346,0.011883590154866397,-0.0442640474198015,-0.07550268378872715,-0.8670556900469819,-0.009341331612858994,0.005862156751391012,-0.00869526336373383,0.035314929974447296,-0.03577961432893062,0.02500214337487705,0.026000098812801298,0.10866073843135382,-0.041801198824487074,0.006386614291841397,0.02118813012202736,-0.10209966098773293,0.013002990357563249,0.01739604247995885,-0.004359447617389378,0.03052044730156922,0.028696245729406655,-0.06749373785714852,-0.03579665712277347,-0.0033141898093163036,0.1918010745985157,0.4274017940824706,-0.013445263210087433,0.3250797217406216,-0.020752234866449726,0.003019023720298719,0.004500812063724879,0.021081700735521736,-0.03643693560115935,0.0034971097312137545,0.04620074338890845,-0.05592087143304525,-0.07597408952278784,-0.7578150747931431,-0.07974396134795825,-0.06306136508464988,0.03690908496355405,0.004928839975036681,0.23530063772886933,0.018438456208855314,-0.0011053961097786669,0.048997493896422384,-0.004207170935842441,-0.03409155515328166,-0.059135158739536564,-0.1555643261563091,0.03108305227215169,-0.028964657418327988,-0.17647580562970688,0.04252796111359203,0.006002370157148107,0.006612448431951634,0.014113258330326062,0.05005960717971902,0.00558763829212694,-0.05443614008731856,-0.03257474457313947,-0.1643153174991312,-0.36684176103199206,0.04531903038150631,0.7571167514979606,-0.04426513615970862,-0.02122049104718826,0.005115416483022273,-0.005767383545389748,-0.010619539009894652,0.1262343260932539,0.04922525721121929,0.34100707541801967,0.4227395895468362,0.19602644108536538,-0.020073185279215977,0.04116341655580413,0.016107318915601354,-0.11517786947115383,-0.028512999009763007,0.008256488463302958,-0.0008497881904077076,0.02050788371911949,0.07053645072301151,0.03262315563733864,-0.039982432454053196,0.062440472403977765,0.0629195609171802,0.02982192459239741,0.005102636459923815,0.03789288108691835,0.008528036660720772,-0.02037674292751035,0.010631337048835121,-0.054416745086200535,0.007017048510533641,-0.10069282761378417,0.026506113888899563,0.02324066462369956,0.030313132052469882,0.04680624699904001,0.26896488248894457,0.029635381535626948,0.007940928020616411,0.02039201572370075,-0.04350761710520601,-0.001998529694901663,0.0068118041153866216,-0.022693865420478687,-0.012894343349216797,0.016181692609279708,0.0037435068952618167,-0.05690953020922507,-0.15040269673409057,0.41490745944747687,-0.07221927066257194,0.006800063159971614,-0.012312103342992486,0.04689122141644475,0.037042416141503054,0.012875306940259179,0.00661068722820346,-0.11614789849409135,0.06823068240191787,0.046602373475252534,0.016478356086281565,0.04054732629629143,0.00834531996952137,-0.5736994180260808,0.2779992818177561,0.02219151072404202,0.009433569203338266,-0.015217636724628392,-0.00785824396461976,-0.24981734067887373,-0.0068167996032570954,0.048580408501948114,-0.018092167037139006,-0.009749399649990664,-1.3907563603133895,0.04782712398264266,0.05686116030301491,-0.004515189430094324,0.015520779892540304,-0.00613583449194266,-0.10465334262471515,0.028526733337855603,-0.005340833051377558,-0.01927471199383035,-0.04405282071154204,-0.06478321469876391,-0.005795627455427166,-0.035022089533413236,-0.0688565009213562,0.0012300473995310313,-0.031998332633520477,0.04752583391018561,-0.03895107580683543,-0.07895777032081241,-0.00206713568604755,0.011765370734735825,0.03992614089656854,-0.0389325932965221,-0.004233061074046418,0.060015473209205084,0.025016208564011322,-0.034325357559282565,0.007051251555822091,0.0044451749008658226,0.7941748882858519,-0.04036986704886658,-0.14972999778319718,0.9735648682981264,-0.6188048473995877,0.06618227111539454,0.036784906493267044,-0.006452323674238869,0.011182574467056838,0.030725114624146954,0.07195275748381391,0.054836810142774084,-0.1073500735884636,-0.04411570804040821,-0.05456911324290559,0.023669820399845776,-0.011219203317523352,-0.020412859366842895,0.04514530466013866,-0.9610140839504311,0.025031187321474135,0.01446064600986574,-0.01295617822688655,-0.019654129145692423,0.06303258298430592,0.01813275478525611,0.0003303554985905066,-0.02355440285464283,-0.030918447555450257,0.01392649286572123,0.027038408240741774,-0.03779425950415316,-0.008914968617318664,-0.005963558663097501,-0.06812554316093156,-0.047943897559434845,-0.013456009382025513,-0.02402899138360226,-0.9631992066370003,-0.0013175341318856226,0.11006581946639926,-0.007839967647669255,-0.02462446335812274,-0.008703474016385826,0.026996624281309778,-0.018597513410441024,0.028276791659891387,-1.162846133520361,-0.5106635155025288,0.028970426896194112,0.03695342741684726,-0.021831093297805637,-0.04145425851378093,-0.41926619636615214,-0.07916948553520342,-0.12646058938662463,0.08554159113009518,0.019929029007016652,-0.028324721738499647,0.007808377169567393,-0.02984000685319188,0.006167630637719412,-0.03958528676230344,0.0028375480260365293,-0.5392876887085549,0.009858697681011108,1.4605366774994764,-0.029598944885947276,0.05524545296430006,0.05517415421491023,0.006442495210649213,-0.0008630967463432171,0.031691340287579806,-0.01833063995309203,-0.015138417924390524,0.07616956640777062,0.004440550010258448,-0.0022618872917519184,0.02394344476124388,0.01139496115865768,0.041761286884138826,0.016776072938228026,0.02460274103214033,0.073536054995202,-0.019990312441223068,-0.0072875784935604315,0.03546276757333544,0.029491570663594757,-0.05349218453875437,0.016795268333225977,0.004534477927336411,-0.18244301276718033,2.8549789931275882e-5,-0.037412334444525186,0.0444807234343898,-0.008902587360353209,0.03033610804777709,-0.03180237144079001,0.8415379580801527,0.02004114741612284,0.02515815949664102,-0.015125958139833529,0.03741974100103107,-0.04625451990432339,0.020662004982114013,-0.011516051630678703,0.022342987734646158,-0.04532015853510529,-0.15850471983867465,0.012084649893949972,-0.564822570268916,0.09964160956587875,0.03325411118203192,-0.018950644103824743,0.019936472577683162,-0.05257034070109512,0.008850487723975675,-0.04242858319685183,0.03795175918821769,-0.012183633603854105,-0.05626618061251065,0.0324881690763732,0.026766506902276888,-0.04020066656448762,0.009943727060999663,-0.0132952236035635,-0.0075717474919656524,0.011974551394160926,-0.0173803589095769,-0.0019086621705355356,-0.03462305415268929,0.18106582032487495,0.006466244150942657,0.004351498573669232,0.0119272970032398,-0.019197023697415716,-0.006728062391630374,1.1740376397356158,0.0033487822379356658,-0.018100764522841928,0.013639542146847816,0.005693145936675137,0.10425694860896328,0.0036278109191698604,0.019855622418617713,-0.03809193148117629,0.01752170619147364,-0.016466744857098092,0.15741819262620993,-0.04021714900591178,0.046774656335628606,0.06094140986806451,0.34526386110519525,0.06903317816977506,0.02939656685339287,-0.012683051907174558,0.023002510264632292,-0.025462924033718082,-0.02819779656601895,0.04793119787427713,-0.13405032930677407,-0.001652083125009085,-0.0352890001340711,-0.01234854208996694,-0.014743656241989811,-0.033993480676940635,0.017188124042149866,0.01427044893330276,-0.03769097758117823,-0.002711542418182944,0.03799621206417214,0.003021125618943188,0.035550532805245894,-0.036113917686179775,-0.03170240482540976,-0.07531463380473724,-0.006157590139991953,0.004519335800978297,-0.013414638793619815,0.0018872696946345968,-0.005359249509638175,-0.008548134701641175,-0.010463288344453758,0.02110273627931747,0.03460239253945474,0.042798461204256455,0.03955981786384655,0.03778068166502635,0.004683135776758718,-0.03289815787866246,-0.21134985087610403,-1.978075377719506,0.005396445627411595,-0.28644694094896295,0.01533657051732007,0.008914347890822683,0.10607821292069275,0.02846192437573336,0.03312513754644897,-0.13047084151548916,0.0012956463178852573,-0.03408398529063561,0.03572648362751352,0.03272109052159067,-0.012742264158646321,0.03303722532109532,0.5496459645301002,0.07930303961620666,0.01032068492804683,0.03364454690941443,-0.0016588115936428949,-0.023772226873461477,-0.07280940223427024,0.015708169613390055,-0.09690924946266932,0.0017968904212466441,0.0059430832455404925,-0.014031272343345336,-0.46255433717306005,-0.022462121690296044,0.0474037348812999,0.012006688787550956,0.026751869881991297,0.02778535331162857,-0.010463804697792511,0.022054738617953262,0.004112884718779242,-0.0016907580302358838,-0.03251033840660966,-0.0009110267716323506,0.02149184831068851,0.04478595715772826,0.033482135507256316,-0.014736972392711323,0.02926473904881277,0.003382592705747811,-0.08285132808669005,0.005545172729398473,0.009954014259164978,-0.06458735743217403,-0.030513146261682778,0.002736944525167928,0.0987722533482156,-0.0119751335332694,0.06297916667972459,0.07243936477038915,0.07493842538042372,0.028520849062260822,-0.002111563003381889,0.01520454370574953,0.006809219841670711,-0.021360803173138265,-0.011905366216524271,-0.00947070648544468,-0.030979097271028877,-0.042608152363754925,-0.03985858063970227,0.17953500330196448,0.19978689231629687,0.02911678152077002,-0.0023007818308542483,0.3404194116128565,0.03128948809171561,-0.019861817357934797,-0.03636814901983598,0.018368565553828375,0.02997718442202313,0.0015797120940987952,-0.1757533132113167,-0.02497589512995546,0.015837040717997297,0.006933758357718034,-0.049947812056416296,-0.07438153108751067,0.0044706162248076,0.015511882195596627,0.342336238201824,-0.04612642019492341,-0.7602946096703818,0.009013383063802394,0.0007980283407960087,-0.011911798238305238,0.023546734191768337,0.06905480615023407,-0.043191474184823164,0.017167669841001043,0.011085159430422209,-0.02159679159285588,-0.019651865572086535,-0.03895555373674142,0.002971519061247818,-0.05204705462074344,-0.13175323080577073,-0.03882805113494214,0.02188660571289347,-0.020656734721796965,0.017117649791089207,-0.018136182847101168,0.6201227804449445,0.04236992443475174,0.021943372823443497,-0.012428365052556956,0.034127768834878225,0.001557656802560814,-0.005399741781729972,0.026426388303661952,-0.13573237107448222,-0.05389743500654731,0.013143076110509355,-0.0033064228432522214,-0.0026742034078779398,-0.006145725820715597,0.05748280429349961,-0.08343232158222236,0.02891039135693063,0.03959714881648324,-0.04319593514492226,0.010000756605222705,0.009920721084199613,0.002169968331372729,0.0030042200960451737,0.019196844617908937,0.012932897283462808,0.008587667008271183,0.05063513792811136,0.022860468798029387,0.01498260041762478,-0.03946780486467105,0.03603599756911535,-0.06626465331191866,-0.009913599147694185,-0.011891900584828363,-0.012170335746304772,-0.009053851881844821,-0.030895045586646575,-0.018378348806436406,-0.038689263643391314,0.0030888304301015523,-0.008120952649733226,0.03959722143918043,-0.014019822619729894,0.029582802157165133,0.057011557153600734,0.3497427543188678,0.02312586702464614,-0.006341410819914017,0.011916779443708947,0.0050792251613529515,0.019517488690780738,0.040593735948277754,-0.030010318721451767,0.09528458507520554,-0.02120101992113632,0.021622429629132967,0.16912994701124262,-0.018955100860011953,0.07576920520114072,-0.33540505048949854,0.011285843178484356,0.034669045312000435,-0.022928767639314174,-0.014947640816217245,-0.01725140306916728,0.004779019555769537,-0.02389613051309425,0.6504335660538345,0.0760982330666593,0.06992501195782097,-0.018876799034842406,-0.042022422393984016,0.01529982120882778,0.02707505602108995,-0.019711563050805125,0.016861891387634387,-0.04854093818630645,-0.016595424465776887,-0.010318299220671179,-0.011252942957071355,-0.031060186664035427,0.016817743068941127,-0.00038543822802239447,-0.6834581709317717,-0.0006638321974605788,0.08176002334039367,-0.003606691671848239,0.03408569229281966,0.055351500888718874,-0.01656690693243945,0.04576626140328699,0.0018289037070644554,0.016920537413170678,0.03132949735845614,-0.08791688906785566,0.06158098508421972,0.029174154879001435,-0.02009400733277289,0.05718354641794576,-0.09553518351913226,0.006993346014724011,-0.03109053445587051,-0.0039775235177330615,0.05756357771315379,-0.016090199026166374,0.047803664121602196,-0.006877033825730905,-0.005742786561768298,-0.10831956519541563,0.04984995084896582,0.017975034012636115,0.611989726563479,0.06578507541416911,-0.0007073080460031633,-0.020738126351716346,0.08144228281162214,0.005746871620317506,0.0023552737427507964,-0.07064845210993553,0.2701835983500587,-0.010777956787933363,0.080204342451907,0.025717843736856594,-0.032835814826739806,-0.02853997220609017,-0.04584038958273595,0.03150417331016797,-0.01734357361556249,0.02931096418069501,-0.0007372298241534736,-0.029007402534261928,0.014862343978165882,-0.017307922358668293,0.009550638974360481,-0.00984294003501418,0.012814586972126563,-0.03264780151221203,-0.028786468448743108,0.6505214522403548,0.022655639330423583,0.061049535557685886,0.22732132043893216,0.49901315120223444,-0.016339713856723392,-0.0032996754298437736,0.11694735877244966,-0.0008175490493158577,0.05771892855045735,-0.037557782779913396,0.041224779160984326,-0.008742990155496955,0.10308212595555233,-0.006340444589113758,0.02107597763938429,0.13693984454585006,-0.05852496240186156,3.996502515590805e-6,4.5032650490384185e-5,-2.3787555214482836e-5,-0.0008463763364829902,-2.6006677899204078e-5,0.00020858194878314862,0.010313889520148223,2.7307051485792044e-5,2.501366956142448e-5,-1.9041857841628484e-6,-4.906789723008176e-7,-3.3050239237053525e-7,-0.0010217801506087199,0.09386385953257559,-1.0901218516420896e-7,-0.004755111069698614,2.2636571175849163e-7,0.003348429411971665,-0.017082493195630377,0.003980905167736637,-0.0026434238984620606,-2.730454806351701e-8,0.46471316087263403,8.719286567782092e-5,-1.3236139722039297e-6,-1.1368975416647942e-7,0.034505135064136994,-4.9401338295725766e-8,0.00011921173319962008,7.431554205350466e-9,1.0633642937019072e-6,6.315628715114485e-6,-0.00014476256598072723,-0.0006318095994402029,-2.137146048186711e-7,-5.876415752936737e-5,0.0017718647942217558,-2.1769757670153655e-8,0.002632873435231886,5.797431640885975e-5,0.003561721950518404,-0.03616503185912734,-2.0548733603575897e-6,0.03961592961059068,0.0024696937177850486,-0.0038925590488361195,0.00020734449402937116,0.3195045738721092,0.0028053346686647274,-2.8659082818016657e-7,-1.3422490084735728e-5,0.0003757596934157448,-2.8101471272634626e-5,-1.992192123267955e-5,9.889962160336552e-7,1.7446866735326694e-5,-6.489010688226493e-7,-1.7736840710602664e-6,-3.3244446946412154e-6,-0.0030694446718371182,3.268644293823869e-7,-2.3547462722761647e-7,9.819417901013594e-7,0.024620598371257074,-3.514754979616619e-6,0.006116879075534598,0.01090250408014981,0.0023244281178449455,-0.2168607232015347,0.00024197990046914697,4.792796944874667e-7,5.806593072610333e-5,-2.212248563157604e-9,5.156143296991544e-6,1.7523433058386217e-5,-3.1580641559681485e-9,-0.004704446042069321,-2.7678594282321e-5,0.0071750488491488795,0.001428338016012276,-0.0002561826387363908,-0.0005339842163039066,-9.036974706611023e-7,0.018370344056165777,-1.6981957801087688e-7,-0.004737772945418328,0.02766856176094734,-0.0026384274840438593,-2.116634573390286e-6,-1.0102613384965764e-5,1.8373392660087084e-7,7.246271130419146e-6,-0.0031018646504890057,-8.616002505120596e-8,-3.5860391237431746e-9,-5.468180182433002e-6,-8.330927923211329e-9,0.0031095202142523704,-0.05108076562737551,0.06891530860957573,-0.016330322337125835,-1.7616672129405764e-7,7.925282388965282e-7,1.1192102591928155e-7,0.25041044690260605,8.791341547104148e-8,0.00012483712220046073,5.170256697772935e-8,-0.07241332951343793,0.006199327108333819,-6.878073303084875e-5,-0.004651540898521489,-0.0002081749419708956,2.9698554424584245e-6,-4.223771943832888e-8,-4.4145711122767217e-7,0.03615543399428134,0.00023889954263722757,2.40331595324772e-6,-0.011938622609704908,-6.932691842820304e-8,-0.0002812704337316063,4.702787042787371e-6,2.5854100883515585e-6,-0.05475844997636159,0.09742097043272224,0.00025555990573877807,0.0019491378052407526,7.157889143627472e-6,-8.910151658270138e-6,0.0005437514446384739,0.0252592583092337,2.568754403631246e-9,2.3801159592384824e-6,0.00036982188589718135,-0.0036612354028875416,-2.995511902881276e-5,4.2318250655093426e-7,0.005109713776278113,-1.0533799091241164e-8,0.00014141402522227509,-0.03925625594365556,-0.015450545333351329,2.2723924374190574e-5,0.001336298604201147,7.050820269027813e-7,5.464897409268588e-6,0.10500891368064913,2.145738019621035e-5,0.0405760459452722,-2.872686969920303e-9,-0.05812477970903274,8.126848567435729e-7,-2.3260986645734505e-6,2.523545737931343e-7,-3.5122787494401564e-5,-0.024054631753983813,0.00022670293910209693,-3.1095628224035374e-9,0.003930111548925197,-1.7562621668076872e-7,-4.2712027898891836e-9,-1.4993563697274226e-6,1.723698201594459e-5,-1.1441220810711784e-8,-0.006640383167905384,-3.1569932720104665e-8,1.5967236963176923e-7,-7.074185311317649e-6,-2.4218012606783135e-7,-0.002673056212188385,-2.630126443928238e-7,0.006650498826843432,3.939100318817168e-6,0.0005485218958369842,-7.189663491641296e-8,-3.1400898237166075e-6,7.144803862502158e-5,1.7188763094810877e-7,1.1574466534172712e-7,-9.849652923676899e-5,-6.966367036009835e-8,-0.10361567046493292,1.326555104075311e-5,-0.05656856548739597,7.253997564404813e-6,1.481741041686746e-5,-0.009203614068610477,0.0002332122729455932,-0.2098996964195976,-0.5996959262993187,-0.10822552730678581,6.953148862579028e-8,-4.504132630867019e-6,-1.6319530322661535e-6,-0.034798305399817764,0.0021331515626457076,-0.04835663740595919,-0.0049089700278273085,-7.848599369308928e-7,2.512452388714337e-5,-4.416658301370155e-8,1.369224882641351e-7,5.834835576479236e-5,-2.8303901495230384e-9,-2.0664373796136504e-7,0.00160849016310749,1.1193132975151343e-5,1.253452879962369e-7,-0.009301350034093048,0.06786439362622332,0.00012750273117489996,-0.05240007600878016,-8.19563093692327e-9,3.37333366573489e-7,-5.436559712612352e-10,-3.6970081687681677e-7,1.6210930073867758e-6,-1.474367369996843e-7,0.042489962334002485,-3.5732887909034616e-5,-7.726399593385724e-8,3.989835711060152e-5,1.0764953140451894e-5,0.005123173089486954,-0.00036196389419274055,-4.743670928286647e-9,0.0020099473887285058,-0.0042413079590915,-0.0006974058529749527,-0.004775268303546909,2.0482890144890575e-5,-0.0028097609942960844,0.00023045719444780843,-4.7441670003589564e-7,0.0016849560446416945,0.00011664018391854825,-6.793188726027591e-7,-0.00018783023483592842,2.476427227726674e-7,6.290395493024903e-5,0.03242977344962128,0.002390529592958046,-0.00023571184144000057,-0.15990540709572088,-0.0023580024499096908,-4.567199036853431e-6,0.03403249709845113,0.00010471867170736004,0.005099072139728378,2.2692949808167384e-6,-6.0617869953594194e-6,0.002222786626404627,-0.06028940403848537,-0.017347713820527133,6.628459798818653e-5,7.818130725034678e-7,-0.0011210312547973444,5.745702594595059e-5,5.6675458806054735e-6,-0.001969492677744711,1.0537815094302516e-5,-0.0006068253880329166,-4.819088258436674e-9,-0.005658835305439425,-1.1345937574180898e-7,-0.02259526153193292,0.0005025954196042903,0.46071681527246255,4.4240538443318655e-5,-0.005372498544147675,4.7922381618548116e-6,-0.12992436612694291,-1.2693429993215766e-6,-1.8529185166205053e-6,0.004130534092382732,-1.6713514967847676e-8,-5.904090320529853e-7,-6.452470987738934e-6,0.0028499078214281326,3.9216557146115605e-7,-9.850952078949149e-5,0.06181083115916408,0.5469825674990716,-7.34848375942912e-10,9.354877906986303e-6,-0.00022750000499627276,0.00010844726114811465,0.00011513076130142963,0.00015828573725684691,-6.818208893866196e-7,-7.867355033934487e-9,0.047694929078716086,-0.07474076807739038,0.00017520297114970163,-0.0010960548108869261,-2.5861144047067963e-7,-1.0694977656267035e-7,-2.7219193343697157e-6,4.220841822188959e-5,4.2062895178052173e-7,0.0003474816253969948,-4.39347048464267e-8,3.100749879081377e-9,4.215705794674562e-6,0.13829985037318693,2.662756411142553e-6,-3.791447512934212e-9,-0.0075097104222550115,6.995267816112261e-7,5.047979589611895e-7,-6.156091097331284e-5,-7.550861257499264e-5,0.0036510509007712244,0.0015562728401903314,0.0034482666783333116,7.0965771090669705e-6,-5.6816764839595635e-6,-2.3384878569676637e-7,-1.7667677541799431e-7,-7.664251384653653e-7,0.00045597904863825534,-5.4877530610009106e-8,3.2680427239029086e-5,5.936829412744871e-6,-3.923305519570874e-6,4.1604889335078443e-7,-1.0925091818103638e-5,7.23296199467427e-6,0.02225838645881595,0.04884997354020015,-0.0004610111627130209,-8.910617611823657e-7,-7.013620214380012e-6,0.008805755752746336,8.276952712105157e-8,-2.59827399951007e-5,-8.649900322106694e-10,-5.240516287585706e-8,-3.1458863491984346e-7,-4.46169258982998e-7,-7.904157695026726e-8,4.188558954609789e-5,-1.937946209618069e-6,0.003758319846383529,3.988688176637112e-6,-1.8937921976696498e-8,0.05057941517316067,0.00021581716235719028,1.0529289729888092e-5,0.0010652980647307686,-3.5929842517011534e-9,-9.705434612667513e-9,-5.813786898567486e-7,0.4455828872305574,0.009361868931591744,-4.645821297249997e-7,-0.0029443413914123084,2.4754317526354264e-7,6.696510371995146e-6,0.009218468431527072,-0.08783077224688896,-5.537120684184771e-8,0.0004273880931577878,9.364347498763692e-6,-1.2466283696999092e-7,1.1365664187579227e-7,-0.056623095475515584,-1.9685023974064242e-7,-2.590800382062941e-6,4.160983504419846e-7,0.03921908643860661,-0.02376448962604627,-1.1974342605469701e-5,0.17196006734593539,0.016689026886979264,9.003859503531331e-7,-1.3318317670929503e-8,-0.0001737128252017328,-3.968554325872731e-5,0.00036797290508161495,0.00014351828372483055,-0.0020031405479130626,-0.02634740531902935,0.002461580917952233,-2.2793008945531934e-8,0.1682445617252597,0.0005018301906147826,-0.014188681090672617,0.04758748450331041,-0.020509311756541138,-2.6801310726298766e-6,0.00011209030940406706,0.014037965264833474,3.4580006138817954e-6,1.3669960907125578e-6,-3.960854338923292e-7,0.00010084257968401289,-0.00043286033957201653,6.645395232141027e-5,-6.432419848212412e-6,-0.0007882553971967354,0.0027867103772223345,6.063315249188461e-8,0.00021810442615954884,3.9133169232874465e-8,-0.021742748315773497,-0.007575164047693761,5.60902103688421e-6,0.00047907533570423766,0.0020254487583315495,-1.1031180175535837e-5,4.881975687709428e-6,-0.04036075735689337,-1.777144714054657e-6,-0.0005416111771410215,4.1172880344220175e-5,-0.006049976142094238,-1.4721175961573962e-7,-5.0122824831078105e-5,-0.007158115485253802,7.523006000553778e-5,-0.2649951100029284,-0.02164637860005314,6.777442116724652e-8,8.594638077852323e-5,2.1391944876825164e-5,5.68152505877606e-5,-7.315260072693341e-8,0.008049361378652975,-0.02112970838425099,7.0026197853678696e-6,-0.03672988332436944,0.0003712276802616543,3.288901879017203e-5,-6.881780241149715e-9,-0.10941727815225022,2.3334245904949036e-7,0.0003032991569398291,0.014383117955730995,-0.0012890352362546764,2.583090542573885e-7,0.0009458831748361263,8.305262040764205e-6,-0.0004983033865642028,-6.386320071730123e-9,-1.976052117318161e-7,2.625329641198909e-7,-0.004263039501893218,0.00032958716869302407,-1.8642461685480782e-7,1.4929532731855488e-5,0.024083090651402017,6.496168442060579e-7,1.46082068219755e-6,4.933414014529625e-6,2.0708660244395105e-6,0.0014765145119497447,-0.06252976260293508,8.35235350188368e-8,-0.038616144887782866,-0.0002272038711339519,1.0421448797259814e-5,0.00031699561325115866,-0.002324968411471673,-2.4818205223136464e-9,-0.004492243075219449,-7.588506972756523e-9,-6.551075270033735e-7,-4.56365696843708e-7,1.7075846235670156e-5,0.017255194828976528,-1.0834630945460305e-8,0.08423657949242624,-0.04691054036356945,0.004466184499506198,-3.7299224139530907e-5,5.679775956779487e-7,5.560925151826268e-5,-9.59896850746475e-7,0.0018281219264508763,9.655896421634225e-5,0.00016531904839212075,-4.63144946216687e-6,6.878064175452892e-5,-0.00028223372129332347,-1.5156180835362854e-7,-4.732223941915706e-9,-1.1332791288454214e-6,-1.8938029715087623e-5,0.005213359936504958,0.06378418194071855,3.995763533409802e-6,-2.6653453573999286e-5,0.1901278070617991,0.5323520330712199,9.126167428519238e-5,0.042344187015260104,2.0920063692475566e-7,6.050158624315571e-6,4.339512445383775e-6,1.0004580251354867e-5,6.6859582473211e-7,-7.346834089011489e-8,-0.00021076021721455618,-0.003448470712442031,-3.53788227211993e-5,0.0009702891289862237,0.002497785484592896,4.0433315511290147e-5,2.9019070652003265e-7,-4.6498126691219e-6,-2.0108550288000515e-5,-0.013062365258520003,-1.5980365788426099e-6,5.451433359837665e-6,0.00024837020191625925,-1.964538014753714e-5,1.6346458975302625e-7,-1.4461732235349078e-7,3.691061640165305e-6,-0.0008382080375213263,0.26031575072556734,-3.766663349974442e-8,0.003093318144692603,-3.876786179536282e-8,-0.0006247502055884979,1.3133850388591384e-5,3.5771870474654577e-6,-0.0025279011206293944,0.000218505191813545,-4.234729497376577e-5,-0.2462874778721016,-0.37587020109640434,-7.001209976764677e-7,2.244745946847898e-8,0.0006690923163432672,0.02302746778150322,3.8287808479253727e-5,-1.5634263950126126e-7,1.905077000208255e-6,1.2145564902255046e-5,4.999201790312213e-6,0.0054441371521534165,-5.890643712369581e-6,-2.7869286036916185e-8,1.9057873924310798e-5,0.011447911856521387,5.569990925435864e-7,-7.462564390742221e-8,-0.09562637243652716,3.462475706328405e-5,-0.060691237755236216,-0.001829428535529587,-0.030931883404264227,-0.015842036476897192,-0.0021454798770719208,0.0006750427888846389,-0.07939295759933884,0.0003701196737893042,-0.05545193354191724,-0.001955607001491444,0.1977694001107011,-0.002079509656823575,0.044895559913129546,-0.10688966180896387,0.04517408114588761,-0.0013592348591373593,-1.0565502959938161e-8,-0.0022686304340595598,4.511529846540352e-6,-2.53725120042958e-5,-3.3814386468655755e-7,-0.3004397522599902,0.00018629877845910414,-4.38785529022212e-8,-0.003273148102380219,-2.5293110567092825e-7,-0.004281428165995749,-0.0003301329896032712,-3.2242903214019236e-7,9.680438416426185e-7,0.00029543460212266837,5.689022792021436e-7,0.010682075564545812,-2.6452806590158973e-9,0.03359417680258048,0.012644661350350361,0.00955678155150963,-1.1419331298334612e-6,9.563821037517073e-5,1.793061479848923e-7,-7.709996489024817e-7,-1.4975110780302003e-6,0.0013962528300908161,-2.281359179789888e-6,-0.11583225877257064,3.026601313460553e-7,-5.525584236276693e-7,5.680099077309819e-6,-0.0003870064883813029,-7.366984815515565e-7,0.0007111367018524106,7.166379963896574e-7,1.0114356719270745e-5,-3.623916598669878e-8,0.00013767817716114905,-3.382018805070039e-8,2.854259567541817e-5,8.503130061399133e-5,2.0056272433066624e-5,-0.027105714500066824,5.933575231154009e-5,0.0013308929765116773,-5.929040629293336e-7,-9.431315327046441e-7,6.44493340473673e-6,0.006572514801518992,-8.356319563063153e-5,-1.2293866084867044e-8,7.204658868165126e-6,6.478293613554342e-6,3.812082721843524e-5,-0.019153544035361847,-0.04481967139872722,1.1546705735554497e-5,8.210767658833884e-8,-2.0903572009629834e-8,3.6403164642706543e-6,-4.061643573277651e-7,-0.502431610453641,9.238187101065498e-7,-2.9250504907096797e-7,0.00046180631068182265,-0.0006769475198780128,0.0021979130008276115,4.999406993100308e-5,-5.32083653714821e-6,1.2330740233323922e-6,0.00459126184091474,0.0002490737687139699,-0.006667970413246849,0.0004285095739078315,0.042038987536216155,-1.9317099677652882e-8,0.06134907357045449,-0.002512561718504003,1.7109251539970671e-6,-0.010617131607432384,-4.616600362411516e-7,-1.2562216734068876e-6,0.12122881609684555,-3.1326111578355853e-7,-0.0009074593335540726,-2.879316589668446e-8,-3.686976083813742e-8,6.819837643945448e-5,-5.052966931227976e-7,3.526283720844958e-5,-6.008952520286659e-8,1.7470531763486008e-6,0.025451549048739253,-0.0010763039385892625,-0.09587970597931417,3.492800736992763e-5,-0.0016822785648855643,-1.4116807373287799e-5,3.8422068616483784e-5,-1.8420239871197452e-6,0.001601962196090767,3.0600935090746573e-7,2.81518635347755e-8,0.0675829751053243,1.6940404405918486e-6,-0.002032991440501064,0.014403921730263392,-0.06264348239346873,3.7268684238700445e-7,1.440701969390723e-6,-0.00011570892877443839,0.0356554883546778,-0.00044718190468273633,-1.926891832315647e-6,-2.2509301720319286e-6,-0.7209359240951017,0.0003689700174618338,0.0001852189213877864,1.0325294361734905e-5,0.00046331429325618956,-0.0051213930855738,0.02019962400481745,5.268873934483054e-5,0.0006716519517340203,0.15248021797742695,-2.210648327545181e-8,0.0004469819915584594,-0.00460142254269158,-2.575015769146205e-5,3.1704727085357653e-7,-2.2915840944270904e-7,2.140128780503403e-5,0.00048064699853966886,0.00034501778763740276,0.15354063574341126,0.0009422681789601484,0.0001126990392776861,3.9310636723577375e-7,0.001015351417322563,-5.574084708734328e-7,-8.311360657486944e-7,0.001110084005290446,-0.03837378614844056,6.38542500208672e-7,0.00010999599544447847,0.029715170658164425,1.8260378372575437e-8,-6.206779381255634e-9,-2.232786552314181e-7,4.4194122322122054e-7,-0.003412025720535894,-0.0032859632813142525,-1.6095176907839764e-9,-0.007675051525438903,1.2182735332100236e-5,-0.0004179496493890156,-1.499118966741264e-7,-9.32660229255311e-8,-6.906083971358612e-7,-3.1370364563399616e-10,-0.0009908401596021577,-7.107155031160772e-9,0.004971087733338209,-9.650953525924821e-10,6.514156380887925e-5,-0.002532040294227045,3.39848816421906e-7,0.009885534403736074,-6.644751524356729e-8,3.669611689360863e-5,-2.344377231858208e-7,-3.21071605294352e-9,0.0853263559242805,0.03784779043053277,-0.001055179589002364,0.004314354157941125,4.2619323187276237e-7,0.00012224707925412304,-3.2279712691707374e-6,-0.00034169855427990115
0.045273065468791174,-0.029115557628756505,-0.027545687470592384,0.029268600628711283,0.12672495048173005,-0.10674880165970535,0.011278529953642646,0.021928495498286793,0.0928961467652698,0.3463592819716723,0.019349033158505335,-0.48951459013915155,-0.01927053378767596,0.1364673236003,-0.02661845154580078,-0.06514601842263801,-0.08480658899520677,0.05027718474229914,-0.005148034601006657,0.013503659030448034,0.03908251892244152,0.008734891840504133,0.0856029007682082,-1.4743653671739594,-0.9155829308328975,0.008789744817931933,-0.5609845348426461,0.004347738162323367,-1.0817340228095418,0.01258056057486101,0.08980684639482206,-0.03732801778880912,0.02788451286869531,-0.03183418908975,0.08932281569286715,-0.06931464705439794,-0.012473826130189991,0.11175249407642696,0.02128499573927911,-0.014282353558883187,0.02127934083182481,-0.08523835984760808,-0.04431170770112658,-0.009976094632406785,0.01187643247158121,-0.04095068889364484,0.1280368841253221,0.02196029199694749,-0.018364826481956698,-0.04315967196600923,-0.23420008208267973,0.33892144889887277,-0.6293953258063993,0.0049640411816653796,0.0498862881831883,0.0028941323053004453,-0.6210226166513166,-0.014491081306914566,0.045739445251456345,-0.0276406423570279,0.009590282591489085,-0.002071137490474939,0.04427474460317171,-0.028746808836331184,0.027443448181657004,0.013827782685893908,0.022190466974279843,0.00425648751593144,-0.11330836746583373,0.7456479614775162,-0.011558224225154845,-0.020006955663575354,0.026978187329405046,-0.11535333764845745,-0.024783865411336592,-0.19553361399630376,0.03975405001347099,0.014413495432108903,-0.1950398112521725,0.04978210746412515,0.0031102777138585225,-0.1338619820526219,0.0415398229533821,0.1054057466908489,0.09354017192345054,-0.043503695242179674,0.024481121110966342,-0.003869221102377196,0.3038713126661605,-0.02504111285088584,0.025202501674357336,0.027787154034740524,0.017648446901262105,0.01929696666320524,-0.01975651939983436,-0.0644552053836378,-0.07615924593301315,-0.19565608272023383,0.02945023875872721,-0.03421898602209694,-0.008571643536015472,0.04044216385591426,-0.04250094012968475,-0.08442645166451257,-0.04215237412972783,0.05593141301869764,0.0014307270412245998,0.06461978946208546,-0.06329568220553483,0.016331021651240007,-0.16679222932179982,-0.004491642859647982,-0.03008582712362795,0.029673240171177895,-0.09545106228324585,-0.04961715386889409,0.02208186530651801,-0.030960922847043548,-0.04657912063794356,0.030069089953030925,-0.031287726251321146,-0.12921241038566222,0.03563790543921641,-0.04187307554639119,-0.004304822811491249,0.0373145137928077,0.30567824043828296,0.07841334027762059,-0.0524666347537277,-0.013009728644192364,0.04480094501292342,-0.1187927925529948,-0.025855571493593743,0.07760674373457732,-0.02631236169395379,0.0262423042099158,-0.021118010983627755,0.053462474679690786,-0.05195362841914175,-0.08134040305594681,-0.029258680438942974,-0.04897882441036927,-0.004117748458156711,0.052180307951857685,-0.0695278330709499,0.09689443914612639,0.03127765301724139,0.05175010699167615,0.015942333191560465,-0.029869306396903994,-0.027462705563266354,-0.20429343892101315,-0.08072129599099753,-0.039846932915679645,-0.10497156061319401,-0.04036246804025723,-0.0205088578932191,-0.029124288525054,-0.03041738536376215,0.03284108526733576,-0.07980417905491777,-0.02286748327605892,-0.19108310720548616,-0.02409924435778521,0.027174780589120928,-0.04169327444742521,0.0010017328104368062,0.0008411454109591432,-0.004580309221637435,-0.003587068353226641,-0.23060241232451517,-0.06969270224453794,-0.006544419504280086,0.028423122395452083,0.09153021792781146,-0.03068825408718112,0.06356232197504141,-0.12535535770803108,0.1396119231103512,0.01940225573071075,0.08599750803114148,0.025076014186197426,-0.05128879417600274,-1.4800459645339288,-0.07031281398940337,-0.4153309996648886,-1.1614318050451402,0.20293005765461203,-0.06752231495465821,-0.02846160201335124,0.1212384099353585,-0.02998484808995272,-0.019648358741960692,-0.1095699708967004,0.0376578644845722,0.01112004273909406,-0.04611091760352792,-0.040195062256316305,-0.027729975166039367,-0.04115333262643617,0.010760371766082244,-0.02328060267791443,-0.01752521560280229,0.03229916118652909,-0.026918818468402606,-0.0033375938728568144,0.004777173505772225,0.01848317806070554,0.024829711309394042,-0.03718782122268749,0.00789569667546175,-0.07827617690054467,0.007998679411684861,-0.013727447421842953,-0.03384702309631393,0.039484375756728696,0.04197569747762486,-0.014163391906095057,0.010428194744235952,-0.06610302459193917,-0.006436715714244201,-0.16695543006790103,-0.6054256988099951,-1.139893013958499,-0.09047899756933475,0.028556150334679842,0.01761014783551218,0.009461229036332952,0.0011059502139687538,-0.04885186071987846,-0.041397292503916105,-0.0806745868667349,-0.05825474230459804,0.08918752489626058,-0.008678327409143094,-0.024395054861088283,-0.08707875102118123,0.0791840877282084,0.049805123279384134,0.044465329776357976,-0.0544812936998369,0.03758400733477174,0.021403843893494923,0.038572751993342536,0.13767299206665484,-0.03824176158923365,0.07407728855469031,-0.03681197082914878,0.0005653643207779169,-0.13687627727267682,0.0157428403308586,0.03423987185897204,0.052038525735952135,-0.04026321745732275,0.04775389319365786,0.032115544669068186,0.012139926923737221,0.014325923892442916,-0.016269720765194506,-0.18778435225522117,-0.1466084307643314,-0.01806459639988134,-0.7959710835216356,0.06610554154440251,-0.025453617032326292,-0.010613691871185438,0.021465088313561864,-0.04185798585967859,0.036272552562877536,0.03298505744533031,0.11022357532419846,-0.014661928536952473,0.06368190368448268,-0.019439533200056758,0.03027701481414624,0.009293815899127367,-0.036802543155317835,0.15766308498677972,-0.33499815673530975,0.023063719294441398,-0.09549366187366104,0.13975535901863623,-0.38980896945577115,0.04878002530949743,-0.10751506321321358,-0.9019094858704193,-0.056678879058381426,-0.08034001258010903,0.04345944239048549,-0.013640593641866872,0.0747297988691571,-0.011675829505065849,0.08101717589852342,0.09144157771333994,-0.08885546313467785,-0.02813955598321627,0.008740737408515997,-0.03780894848750904,-0.023132462998546544,-0.009031730690082895,-0.058210727031109855,0.18811937225348174,0.23707145265689178,-0.023167376027231512,-0.013319034018422826,-0.5408716606152666,0.13100476480940415,0.045856680948418216,-0.07456747294963861,-0.11678461056817468,0.019567227471043225,0.06295513640725403,0.017345060792195,-0.01660236424595496,0.05868937908599037,-0.36207283778458077,-0.02498948137588286,0.043934457175055286,-0.18575740508094896,-0.004662438073864905,-0.08360447017730621,0.026098162838934513,-0.006515993957691535,-0.05244383034664679,-0.005186007384054392,0.05870482933164567,0.08311091586438124,-0.002726505742430163,-0.043100014462652325,0.00295079800662279,0.10002007767616306,0.17224076718957804,0.04408417635204387,0.02149668853780895,-0.041203136646799976,-0.018996661541677895,-0.0525503526769171,-0.6947364028492302,0.045550148354777775,-0.024986957588225778,0.03178840422151552,-0.07298084181456943,0.3008917208244384,-0.028673764613586172,-0.00021711502392918192,0.0071571755597688025,-0.031346478064733674,-0.04102479969151318,0.02489232542575337,-0.3767043012776412,-1.1957069571731154,-0.024724794440771802,0.06869422701493022,0.03542743530761072,0.048802224580867914,0.16106708570430328,0.00046542068776034284,0.02015936446332489,-0.019483346781271393,-0.0407136574060587,-0.742465944000287,0.3512916278268676,0.0018276697796864028,0.15709441573585536,-0.0682058180683498,-0.12308628376013075,0.04553365208357718,0.02617293124421849,-0.016903465842915466,0.029823316139300005,0.06443251405744377,-0.008953724456659984,-0.04843790512495616,-0.02961355728621129,-0.020011979147511738,-0.19058009573655,-0.010659314677468501,-0.012976926235751307,0.028613390100872493,0.08194781116799277,0.05060625918667938,-0.017776517568563577,-0.10358042810184998,-0.027870490122950287,0.174191149752005,-0.06084976033525891,-0.047347986238037265,-0.015939724526106147,-0.024568719293711183,0.008415002614128753,-0.00041537337165209465,0.21171534298287042,-0.05566749928561876,0.007681771720854158,-0.008401636680900992,-0.04856714826382813,0.1400210260417225,0.016816944302263437,-0.008295221829030197,-0.10198188017420762,-0.009496256189663654,-0.007588660914279899,-0.160188443408515,-0.08882374451241049,0.010482041096111061,0.15505276000294543,-0.11611087508572382,-0.056486558906271966,0.02607468649330258,-0.046279382029752014,0.1419874403081849,-0.00791172034223564,0.055677310931059765,-0.009757353244822298,0.0341863606008701,-0.026176455496170092,0.022937839745281963,-0.01674336535324983,0.025227737449085907,-0.02633921017149987,-0.07665820747024554,0.28074680651479866,0.027238768476308906,0.05396068485242722,-0.025821800572884968,0.007876838495576521,-0.12939095266119693,-0.09267083353734051,0.017518060381917167,-0.020958144996257033,-0.6695520633429624,0.025820800907240482,0.04123138474096777,-0.705080049626531,-0.014615844286822721,-0.026951186777296243,0.022705312618654716,0.06511392941865779,0.03743938697834892,0.029588106897790567,0.011557664332940476,0.062011511758100823,-0.0019675975636346266,-0.06083712406143604,0.19962491155820317,-0.012457099415769335,-0.02104868442802399,0.09845793954764304,-0.005742118264606688,-0.002495169173926115,-0.012632321004502955,-0.07997742182487855,-0.035316976653120946,0.00920805422219928,-0.004692822294600774,-0.04030291518483864,-0.0039238079289134475,-0.4300611124581337,0.09079666921752505,-0.03766131391876115,-0.08395736861348269,-0.08834558014677896,-1.0795746604489977,-0.13522447520881542,-0.07251631923656987,0.0012387561673676828,-0.016415800477261655,-0.7349170042507467,-0.01216218762601784,0.02179222017093707,0.027609099329310993,-0.03714852567463822,-0.20602945057112265,-0.06613398119770864,-0.011449913410615409,0.08132938956532598,-0.07323239135894255,-0.0428485542342969,-0.01824072623912798,-0.05481252556637628,-0.7585509840064333,-0.033345225439006754,-0.016167039784704684,-0.09049895362977622,0.048318761961127166,-0.43370206077997864,0.049469077774119796,-0.009255981886326481,-0.018751921566945384,-0.01582533731516378,-0.009876264735794393,0.03113128991026315,0.09603991011681501,0.012372905588563299,0.06855619364068843,-0.04129486298916163,0.10417297511276047,0.021023133016569773,-0.006474995880125789,-0.06736885273937787,0.025016719515406294,-0.011112734999187523,-0.07950683978924644,-0.13805115456257155,0.043318014088299606,0.022571090252768045,-0.034991887040405345,-0.22469387976116195,-0.041751204174033774,0.024431033953476344,-0.025628726599279616,-0.008084854144726705,-0.07162167342448811,-0.11042275113049982,-0.940666986344695,0.09619145796932571,-0.135480232581358,0.011803845038230065,-0.22836312183051177,0.05234091549664299,0.01702033221909005,-0.02746491891457481,-0.03050761896156473,0.008826600994439104,0.030397998394619208,-0.2507484460275009,0.056925152092844655,-0.0437765695824055,0.008323089960640573,0.07253714170292369,0.07383821082839859,0.06138258642204164,0.008563410809301786,-0.02591889982477369,-0.11988959728842019,-0.057101488179796434,0.01982587205930031,0.02148570808549266,-0.14409529042495706,0.022184103254403453,0.06100026241165324,0.10903634227361181,0.05741253632004373,0.012705199329502648,0.03156304485696637,0.04552042094337594,-0.011510535280194745,0.025160031786072068,0.006732349616186184,-0.6003511268108923,0.03391225184702762,-0.015810400582267903,-0.04790358580078191,-0.26046706936176633,-0.060829494843346765,0.24414405453921972,-0.05797590268048225,0.013034263127337908,-0.04929720379595892,-0.011621267949522007,-0.02040559105716966,-0.0342146123330167,0.02242904126069334,0.04024480212319759,-0.10837676346272929,-0.10878219346204787,-0.009644867277529556,-0.04632772659897455,0.03822765779113979,-0.11281931469056872,0.0471301488332756,-0.03175649664581215,0.13617423880350543,0.042363721078800154,-0.0332493279386199,-0.1307246843948633,-0.11146509283025807,-0.08813683691914775,-0.02390808125892363,-0.06563568881983883,0.03369575080796494,-0.04652997162884276,0.09652843440653669,-0.00020003725512651727,-0.293546335407882,-0.03741969241991683,-0.0333883315897765,0.0727517675177296,-0.06376587729255334,0.01630205605579249,-0.0933104925970838,0.008743178241275018,-0.11625207252291148,-0.012571101163302956,-0.004698991340774228,-0.012611683752766112,-0.039065343073161785,0.003292041175882332,0.09707543553145115,0.07551903563944506,-0.10052029529833817,-0.059110688056534855,-0.02474121915292926,-0.03696348779340042,0.07996764636573062,0.017845529890848866,0.012787548489541223,0.00909742297972116,-0.4288339353297488,0.12807281470668386,0.0066993491647053816,0.024960356095107272,-0.0014377626357600093,-0.9140485990064917,-0.010702946064157004,0.0313401567073015,-0.008824392560200067,-0.04991349021474889,-0.07581594413477433,0.02407994835266436,0.027887711818948446,-0.04123768197860045,0.02272023124714906,0.040538670858950354,-0.614757221101172,0.011576096298995253,0.03179535833260161,-0.10358050736431323,-0.053635296570064384,-0.019985913208074635,-0.00557823306598948,0.1679826875733852,-0.6189868774199567,-0.09342619718518108,0.04487531499489705,0.010565025740106648,0.07725523842873372,-0.6212729223598217,0.008896473951836015,0.005228438385529444,0.03935032588105969,-0.006337278741739283,0.0021340523785511323,-0.06246751177150145,0.013717794700824015,0.03771736871885878,-0.08439206389050469,0.023960520206856017,-0.7312402848983766,-0.005102377134790004,-0.013972573983210168,-0.2669587167965801,-0.01379583751440805,-0.07452141411158664,-0.1977763508730277,-0.0015090908054844476,0.045019121826044284,-0.002128268529304478,0.03393247552776302,0.047550733002935885,0.04642475476521213,-0.021686972097086255,0.0021083033169588816,-0.023667100042075617,0.028894863644836732,-0.03320978404099151,0.010140048366338306,-0.040169350808355375,-0.012193785300041782,-0.1322784252445217,-0.03796558284193452,-0.013483166790138057,-0.04820356281379645,0.05526321606953388,-0.0013583713771367911,-0.059357992013246985,-0.014050421215870301,0.00954028261867279,0.01611796142606181,0.026345168640546035,-0.08563339628562971,-0.04220395284937695,0.03986353290054012,-0.24807269496886875,0.047469278040807694,-0.05479159500464448,-0.08638057832558843,-0.05842287352788844,-0.04822286205853743,0.006988124199779122,0.015182376082520932,0.14255378249799833,0.023715346977041918,-0.07003394933053642,-0.09298283393081874,-0.0827246012249816,-0.02152192877838388,-0.01958787172952725,-0.04424548247789062,-0.012291413218918024,-0.10270584470754329,0.022246122343858588,-0.09979067128506358,0.030425179593748908,0.3067692915828957,-0.01598952553467825,-0.10095851719142956,0.008010264779841236,-0.07585744399966643,-0.3958705348923104,-0.0347202159682638,-0.04810484853987873,0.0641706445685486,-0.018633149533343385,0.014349081826367183,-0.05110669859459449,0.010246061213365465,-0.416348565617227,-0.07532250904114335,0.04862712136082337,-0.021551917861188485,0.06184295816638041,0.04815020825390093,-0.00581857075667358,0.004006771279819077,-0.04171638929983601,-0.053987149935892376,-0.032068148835605825,-0.008333984728778887,-0.06972173844428653,-0.09375015159093891,0.005168227929971181,0.05965156606362143,-0.02976396014310012,-0.02429749867951614,0.26475615824529086,-0.02988583421392832,-0.030595959685342677,-0.0011740095633285819,0.00644496859422361,-0.13182193441571144,0.038973378344053344,-0.1095579257926147,-0.126268061769224,0.005922733747411257,-0.46112753921261174,-0.2583668226834561,0.014871654546709578,0.03194317083398346,-0.058379612702992745,0.04082275217865572,-0.08898281999427127,0.03301265967456857,0.13917927524698825,0.03153295666197664,-0.05760752372043498,0.008733625458262395,0.01530795483631664,-0.013740120910234355,-0.004297326804589829,0.04445883204061829,0.06872357856127564,-0.019156798134645214,0.009816336080803012,0.00031985336681827903,-0.029058657226414653,0.02324400562883966,-0.009858913219431997,-0.0021818274708493846,-0.010432760491312365,0.026290897512808442,0.05761673524523303,0.01006108462706834,0.02440770277462434,0.03911755159879249,-0.007661476140128798,0.035551306671550265,0.10766739047903684,0.0023814509040676057,0.01843646791894571,-0.08567883830801293,-0.13703740252094576,-0.06646609895415168,-0.014728094550264359,0.03286672375375588,-0.29106470845727017,-0.01878966544245486,-0.0011528676072884991,-0.006279342938796617,-0.09942413418502838,0.06282488162469235,-0.013428979559648724,0.0165364626191149,-0.012674793958012742,-0.09317144171109248,0.07647635598280544,-0.059839073968760204,-0.02527509678475326,-0.10095081204963208,-0.03795258665808632,0.05471054244480911,0.00022812120460002916,-0.018136424256226746,0.03660794338247797,0.03384866064607195,-0.026213025195829687,-0.05770462659165787,0.07051495036512279,-0.011066472201491706,-0.05052941067060601,-0.20634635094245368,-0.009919200198055478,-0.03953819803427905,0.07784284988338186,-0.07155227399925934,0.005224906064540846,-0.02727953259818605,-0.014052544012884027,0.1512247707496499,0.01621274175340659,0.01711437466701682,-0.09141701702174032,-0.10483097532323882,-0.06263674393449037,0.01852941191464197,0.06329385614424154,0.11914318778872257,0.012236228091069279,0.10579129718826152,-0.028880762932203652,-0.01599478902608098,0.02881795895700634,0.03536326010180346,-0.04430860616218979,-0.01722824200078321,0.1058339469236671,0.021866698821440878,-0.0079801535448496,0.1636169296289154,0.048735275468061445,0.024211148944289107,0.052006318253916106,0.16144817054151872,0.007012380274545649,0.044001690821460215,0.06422201244549797,0.12747918089098675,-0.006843108594694058,-0.005551845797981514,0.0391609191256066,-0.03939079603378559,0.03327585941133293,-0.05816205772680405,0.021011523162087542,-0.019823048242869845,-0.009595867202619957,-0.011349891359259345,0.0019854826581422458,-0.023829116771594272,0.20801287315407535,0.05275343252287712,-0.03497626549778943,-0.01933264515719202,0.032287773761709104,0.020390829289681278,-0.05371488463970309,-0.010856600507395342,0.06260168814606004,-0.04497301873743709,-0.10370202136982698,-0.0007733166085017729,0.06529738599419943,-0.010657550777068536,-0.037458826698639314,0.02463817577699956,-0.06249957826184982,-0.0005286816667648964,0.1538317082749927,0.06208666952170461,-0.04566765611707524,-0.08268531238354626,0.318854718459761,-0.02047541993476898,-0.051239735051808566,-0.00960255514473829,0.032543498833547346,-0.08385085302825246,-0.012962741431692848,-0.09327118730107031,0.0243998694459151,0.015933970665173547,-0.07719574342991109,0.005539932342799148,-0.08452654056418396,0.017543246696277492,0.11634323051112005,-0.004177608510872233,-0.030297770579636563,-0.10325588158957544,-0.15466049495444167,-0.03817292450457899,-0.00682131715984724,-0.019812497691418685,0.04327452154393541,-0.03103255522728432,0.06834360323227884,0.018761291263217572,-0.07129704734870757,0.0009185887010971783,0.12084811806744256,-0.04807312853517942,0.005623610868497053,0.1092409373859482,0.09447633685340406,0.07720159347991284,0.04942528300648519,-0.002494419690265204,-0.02127396953619609,0.024856714750058018,-0.03682637366000563,0.03901694827436586,-0.004224388851071126,0.03158635769932516,-0.05064049740394694,-0.017529110406030668,-0.0012574887659866363,0.04200821090489626,-0.08619058688964287,0.1306807337969076,0.028993930427532177,0.2589399738017164,0.10520717064537166,-0.05054604839597232,0.02934991920574248,-0.03483594332647044,-0.026303762047973578,0.012846983954659663,-0.053579243411149946,0.0551981055550641,0.010955649612242269,0.006939462877198821,0.12769617878075223,0.04294184699210746,0.04122544680740248,0.0603959546333499,0.007241738578159129,-0.04826271801539406,-0.0148039787527523,-0.03597214484034339,-0.0009152574675681535,-0.09814613859271049,0.13775580550463928,0.06902124850967084,0.027712289567716653,-0.014299878028396051,0.02551904494430346,0.07522659243863927,0.04452625890917261,0.049731203387636924,0.046367445234864135,-0.009871040267171338,0.07361001215031138,0.06782476404259796,0.07984926677454496,-0.04586178077261138,-0.0484762103733658,-0.05584045812838667,0.021733959365519695,-0.010865352450309729,-0.03096158642983937,-0.0052640052417700645,-0.03606676831441291,0.0619114085129695,-0.044745006609446136,0.0969745446654997,-0.018398597165287356,-0.025673248724160658,0.1057097541688563,0.10609699723863741,0.08403603796978132,0.07282631508496706,0.009227572351846902,0.043255073568161606,-0.04240695370117464,-0.11225743022805545,-0.025923301287548384,0.060507559595862404,0.07910888312471798,0.06965621520998866,0.016322193852829514,0.036633196158618375,-0.04815545074961847,0.09878648723110928,0.04184146019179025,0.0623403771660378,-0.2112471540367551,-0.054341188522812445,-0.11188210239970431,-0.012250753861735575,0.03436469520602259,-0.03520528332228423,-0.06482110346041736,0.2813679932305604,-0.016143628090503626,0.016802905686290615,0.006610341881241766,-0.030415723798796535,0.18061543666408397,0.05450686365429647,0.08042720044977614,0.0300032801242196,-0.060348773487930885,0.09822792852446582,-0.060751600089588464,0.008035711922275368,-0.0320054872122455,-0.015039176915252028,0.15123648128133027,0.049171152470762536,-0.030072988845404325,-0.0794341954333504,-0.02487583719630493,-0.1770925578312017,0.05670608035688929,0.08051735863409704,-0.033632867574851844,0.040677133340068394,-0.03166461819819233,-0.05701140456949361,0.0012088594767192262,0.01990288325214351,-0.02788735406215892,-0.024575424443810334,-0.03629123932068978,0.05641657198793837,0.15103859957540067,-0.004355577293608803,0.013628379217834663,-0.010257783615088556,0.005997768939778325,0.05810915311053577,-0.0019521918147802353,-0.0007816607903805561,-0.054191316360174824,-0.010717707584262826,-0.04034763516392559,0.006050891577615403,0.08014291113283889,-0.11611417209496722,-0.0049288453142253275,0.10530022281091078,-0.043877859228814486,0.023389580821458367,0.10582043182876077,0.012405344235958182,-0.0015842955026528216,-0.07995117768587079,0.0029162244845792884,-0.07826549554374651,0.08242535382123606,-0.051528664948818914,0.1589366058142332,0.11518873867498769,-0.07619600144153083,-0.055921840479641105,-0.030828178486189017,0.3131731279681844,-0.036390880216458754,-0.02228256782382232,-0.059629377128658234,0.061236261419253424,-0.0023051250069272555,-0.022359465088811703,-0.039043440416207886,0.028832234693254577,0.016322159872288466,0.028112166710343445,0.018029422109066218,0.008582793723689974,-0.008482472599553148,0.06277312928204992,0.20352689697028836,-0.03262332874146523,-0.040194836243244936,0.03983995385902972,0.1278734158113366,0.016228889679950953,0.13286644951222115,-0.06796299854977406,-0.15365004237719404,-0.028362874949380057,-0.0545297819589905,-0.08351835076246061,0.03336702348497056,0.22455073617311427,0.04321340544629493,0.020640875293906902,0.00013562466119765304,-0.0581473727379489,-0.18283694339334033,0.10565958408187726,0.05683823590516113,-0.05049688090275595,0.08326508083337103,0.045425372531553876,0.022853914078950766,0.010952610033200472,-0.05990314583959844,0.029683813536394155,-0.024039212676143507,0.031891739443381084,0.15505350286548492,0.14086035672880826,0.25437721184425754,-0.004312431015932816,0.02205022377847854,0.052707133883814095,-0.04417589840159053,0.08610577346371429,0.0007793883050908335,-0.04448518705976312,0.20822916642282507,0.099778190271536,0.12771705956708956,-0.03301365418269597,0.012619750399608165,0.020400777183567698,-0.052028750441422744,-0.0037064180578454398,-0.023678947276494,0.07068860161234625,0.14769004660911378,0.04111674308603597,-0.0922086986101931,-0.01941578515106812,-0.039192760925288894,-0.02755552728172006,0.042925105967697164,0.18710610646121495,0.07232088863497665,0.014544912987503267,-0.05496784089288553,0.06460331829453025,-0.05618378526150991,-0.021812025321196415,0.1395731725879159,-0.036684933067590464,-0.0860003475099802,0.025718732227687724,0.02803230759983677,0.06110397335214657,0.020634373894381497,-0.021481146144651575,-0.05209196200257793,0.024296167972352123,0.00037736285594291985,0.002889777209929889,0.1808762391166283,-0.1019932593771955,-0.03896895594334637,0.04661917206556154,0.05471129267971264,-0.10510134542300875,-0.1545186119601567,-0.03275430329449591,-0.010964445482386509,-0.10149036737857386,-0.029756399768757547,-0.003841868536255788,0.01683357171532407,-0.0545441718550137,0.011380884469872399,-0.03454507373407978,-0.007175931504889377,0.017577710731529805,-0.17090690389341034,-4.7540379455313087e-7,-0.006590654372303106,-0.11798097414430231,0.03714232130005257,-0.04636318495795422,0.022490754066566865,-0.03141108265663206,-0.011207403103398406,0.17418810821618536,0.009969826673568605,0.034224378789986076,0.04516490513367444,-0.0396957121683954,0.04509755204344401,-0.06943128859484204,0.02701515825901879,-0.0036925060285284417,-0.05274312069377629,0.0010183275139752368,-0.10693356481169758,0.1316672801185632,-0.13599980596677597,-0.011718453934918216,0.2861592701920017,0.06961460828142663,0.094378143326594,0.021734758232469176,0.07172045261177118,-0.014224584434487042,-0.01298168110588449,0.014621665399317862,0.008822050262097036,0.045005397416389314,-0.02049393321522075,-0.04867343791255507,-0.05193533111105353,-0.009611206378394854,0.05220509881974067,0.018016402701846346,0.019885020253241237,-0.17619763538175448,-0.0012400889395394188,-0.010824870736541925,-0.07043757056908362,0.034387725976557704,-0.05016258503019344,-0.012857857916969806,0.09809359530663642,0.026043528704576602,0.14344555800846592,0.0011954067667829804,0.13467775180833996,-0.01641516881682037,0.024714281113119796,-0.045372746175530665,-0.014888431440340355,0.05119410978295491,-0.04542394123200211,0.08107200176709739,-0.10778320065583102,0.027292755448797834,0.08816462373306422,0.35641774564646767,0.04241424365682178,0.001465422965338803,0.07725606154417619,-0.028756946455359866,0.09011867884873936,-0.09769206348619264,-0.03823789686339296,-0.0904156915967178,-0.046321428438659495,0.061476956645492464,-0.0034747171639537555,-0.0016378722693843883,0.060841934280233545,0.037686331158511166,0.3071143778797705,0.0824126812240138,-0.042892968795968045,-0.18959950141288573,0.024149740134816966,-0.02443072569076321,0.029948865864753316,0.011447707438492216,0.1623084665989154,0.0029697350837523118,0.04095829763991787,-0.02209215270522691,-0.19308005492348457,-0.01517497886743513,0.030070516895648325,-0.013599569912912557,-0.05891305701334204,-0.06479996686039158,0.004794508300619782,0.02185399119844078,0.031969182299690146,-0.03203851387343093,-0.01027940393805693,-0.02476021516304172,-0.027514933295151422,-0.07257055894297082,-0.0712565017020097,0.01313343182778226,0.06582968419752433,-0.041011693196196575,0.011368082683475222,-0.05470844732099067,0.03010666964473785,0.04395176056641503,0.027781503806181718,0.0305769812091512,-0.03862637666088631,0.045638006553417654,-0.017951713873117114,0.006118735431300593,0.05192300818998774,0.007491727707019891,0.046005197261479225,0.03989978580830211,0.0564987080397259,0.016057641279985546,-0.0031454391455554287,0.018695493950417585,0.017131765599515347,0.004940207631989324,-0.027082620732471696,0.05060415040861699,-0.21633837477202178,-0.005361500664548657,-0.008229803561334847,0.02129693993128967,0.06653498828381998,0.03854921466881933,-0.002552052932969673,0.09097099231439643,-0.07015697787210229,0.09089449592465826,0.09952154080747277,0.04512290674756514,-0.04923706352383306,0.009999937927204883,0.12200995046441676,-0.015603104901856568,0.20270490119582973,-0.012437728577424423,-0.40922260150136935,-0.04192293244886969,0.1724962178423084,0.015077654601554968,0.08162812686954268,-0.08762354020109342,-0.0010211157086814637,0.022103843412878632,0.0288836358718072,-0.03082009743116032,0.026539816602280553,-0.035490881689838716,-0.035287636223074514,-0.017451970616093604,0.15735482653144572,0.02285921695693105,0.10834258130307717,-0.0005546063621295616,0.07778068615152733,0.008813561452598151,0.02737462515324296,0.15744558799633523,0.011108984344900819,0.07406725529654068,0.08217663860068569,-0.04598803836051957,0.008298695267512812,0.10254681842388891,-0.005766600630522589,0.2942919436700322,-0.06346947344536602,0.054438194500107784,-0.083487865733332,0.011006413593349862,-0.08053225737785397,-0.08355236241459352,0.04104759541360181,0.04240186495371745,-0.006617223767534597,-0.010618346412229585,-0.03509877837495878,0.0785998268329422,-0.019969463874303983,-0.030828081613435643,-0.08928108029067516,0.032019397967815166,0.03374703283498093,0.030959820509451674,-0.06332796052129197,-0.08941043452659869,0.04634220086973073,-0.06035284612744363,0.019319459341204492,0.0310698128232616,0.01503302133642137,-0.04657970096650388,-0.004112838785658823,-0.019527358629147784,0.03807529112782504,-0.06545415946129651,-0.040949455826194026,0.08476060234534089,-0.007837071796529926,0.04412671776663046,-0.06342521681244762,0.03511199231616047,0.06187394195512752,0.09565415616816608,0.059923373972196714,0.022271860028922674,-0.03435333601828461,0.037880520530507056,-0.015910025191260502,0.02921559147443986,0.02231655195487292,0.024395536640440696,-0.026311944609915372,-0.0015760774128921184,0.10490809582915972,0.018321574023502762,0.12259091625674046,0.14118122051877435,-0.056259820929085436,0.002063097751204168,0.04071841692348244,0.025032162959178095,-0.023433951724655344,0.04734679771172523,0.02986228998452134,-0.10794714557800944,0.04013736312481342,0.024263742783659836,0.004264637617779954,0.05696534630078531,-0.06687651191441546,-0.05439324647340982,0.13618980022170035,0.05220069480219536,0.02508176294304576,0.014794980495935306,-0.14523011283381493,-0.00110033330929582,0.038600486874202034,-0.06545170851859439,0.013153993684682064,0.13773465317899536,-0.0036452460244618123,-0.00586195413779933,-0.03041821939405054,-0.09614643873703699,-0.05956457866977871,0.036001218188630446,-0.024164907132217195,0.09613758782961668,-0.0194022756004415,-0.044964603448534035,0.008775533293373883,0.0649158591277228,-0.039569247916006134,0.13611427104979157,0.037580274625724996,0.0867630519423983,-0.015457576435267129,0.004479049497604137,0.024527156860131072,-0.026955561737850076,0.0033800643932409002,0.0161291860476922,0.07302529975640937,0.03719673018213143,-0.005354007626010571,-0.025389705417182995,-0.03056545360777818,0.050919623066647546,-0.0737238434558094,0.05778555550023157,-0.025717674024690496,0.034911470876977546,0.029946530832603457,0.042851076445003855,-0.045527629590651486,-0.026797731885380927,-0.04989719061268261,0.06296923015906941,0.05471227553607605,0.07659338868324994,-0.051591823438684514,0.05507437834239681,-0.008481876566293067,0.014697257928673935,-0.03245879323094414,-0.02386357074647094,-0.0380131437577802,-0.003324907864225679,-0.008558189105997371,0.010535691802942893,0.10279414613432891,-0.013010672373638954,0.06530029058012587,0.0997625670315756,0.15010211298249487,-0.12033512121342937,-0.130866334617167,0.04303076357336977,0.11307361867875443,-0.045967684927290975,0.027975745468211244,0.09464231520723843,0.058135159879384446,0.0036128411304616748,0.018023150701992563,-0.06043926635675234,0.0236251679518773,0.10077054567227606,0.00780237310755183,0.031963422621629434,-0.18371474200466764,0.08137627596806851,-1.0595302057242462e-6,1.681229569783227e-5,-0.0001147774624641329,-0.000546215430574648,-4.8520772809368395e-5,0.0006482438661503664,0.011693550799009245,-0.00011222871843052928,-3.002096788407016e-5,2.0554367219371983e-6,-8.438534183918822e-7,1.298647361869243e-7,-0.0008863028349423985,-0.12841490606660955,-2.09208785694609e-8,-0.009410733690856432,-3.111242757591892e-7,0.00221706283241474,-0.012282564817724051,0.01804872414598435,-0.0031663820839185064,-8.234633208648034e-8,-1.0417353251032182,0.00026839293153102517,7.236657987519379e-6,-1.129593268700546e-6,0.08559199404407991,-1.8543008573068676e-8,-0.00019403474905743678,-6.713356743848209e-7,1.8303285684306836e-6,-1.6415967873939508e-5,0.0005355778482680762,0.00015304351063605282,-9.92314415082518e-7,0.0069409676325449254,-0.0024429519016848644,-7.61967371004646e-8,0.002323118646728517,0.0001969442835161317,-0.004960320629834314,-0.04342107601405587,-1.1194368753741912e-5,0.13094964097399497,-0.004723162376194523,0.004322937407778227,9.645096220367577e-5,-0.21028391937579727,0.015368711761425402,1.6280646528699094e-6,-8.436043010107142e-5,-0.00034585697585498565,-1.085044516457856e-7,5.873359142172241e-5,7.35695432529937e-6,0.0005283652154588481,-2.6900693488318694e-6,5.6312019579563e-6,4.974034636262559e-5,-0.005443150664177665,9.211108459306061e-8,3.66250064630369e-7,1.0673867492982936e-5,0.004962574384990148,5.817134824726011e-6,-0.0019836238516290905,-1.1296217905637604,-0.0010010186379076913,-0.4111564070044551,-0.005285319557856383,-8.282243850743498e-7,8.793193024825285e-6,-9.936035834379187e-9,-6.634130851335129e-6,0.00013835077442081456,-1.7144568731277537e-9,-0.0019034597387417307,7.050816683396022e-5,0.00635348964408422,-0.020539591163924342,-0.001451277118135863,0.0008793889751359529,1.245000620528347e-6,0.1395148933515884,-5.570684562528072e-7,-6.106272076067398e-5,-0.02610072002698871,-0.002945889752027142,2.7340514092699664e-6,-9.727028248640579e-6,-1.2255189817556716e-7,1.653372256882335e-6,-0.0014825501311861444,1.0763599587321204e-7,-3.4557125485820683e-9,4.69709812733754e-6,-5.2930227058961554e-8,-0.0018071748963848222,0.14424579367550905,-0.1484442634973675,0.0364926755974011,-4.554606035100939e-7,1.7522367140587747e-6,5.817160222409967e-7,-0.5092389242345234,-2.0104105125096083e-7,0.0010723298751145194,3.2953213169317763e-7,-0.013061204419500427,0.06872490783280227,5.0563580088258675e-5,-0.0022889660358487163,-0.004181244340912826,9.735156597301398e-6,-7.837596868037755e-8,6.875824626484547e-7,-0.08620787547624786,0.0029065784792692284,-4.508437494665785e-6,0.04816661432960245,1.0149597606812222e-7,0.001205167145684527,6.475465194277774e-6,-3.9135781370047695e-6,-0.20684036947204731,0.11205745530605782,-0.0009378532506048032,-0.005059604107827909,-9.924793397431131e-5,-2.4752143604978016e-5,-0.021702900799937197,0.02321262537407165,-6.00132367689632e-8,1.3499555058249513e-6,0.0006125255070088542,0.018525534336731653,2.386890460570612e-5,9.947691011480408e-7,-0.0030242257012105256,7.676777998445045e-9,3.511496525732127e-5,0.08287804434075952,0.028601742718819878,-1.546279156627861e-5,0.011134111417106851,-7.574803636556382e-7,5.865587874120948e-5,0.2560487691735034,-5.282711148169028e-5,0.024052599523201934,2.2526589328695362e-9,-0.2528581920196302,1.7010059858435511e-6,6.994170283602941e-6,7.684238788052689e-7,0.0007010920297290113,-0.04113331943153753,-0.001216150784500769,-9.182585329050794e-9,-0.0017957492482310045,-4.259076527013406e-6,-1.3475196901022168e-8,-5.362577814249647e-6,8.740935953710505e-6,-2.1902889981752216e-8,0.0008423189847235335,-7.025303240537628e-8,7.737815687081095e-7,2.972231521702895e-5,2.43799508560516e-7,0.0010257322960569581,3.37980938465432e-7,-0.0015145355928325444,1.3809459716185302e-5,0.000824636015664737,-4.830341331363286e-7,1.3767520165686165e-5,-0.0047325590488469516,7.108585426962577e-7,-1.3431378939610106e-7,-0.0009492022218182683,-4.0914361812416367e-7,-0.021877884362766054,-3.9735151268871505e-5,0.05041444464950473,-2.8165542484970274e-5,0.00013639685644761812,0.010117069212810748,0.0002569741071152265,-0.3621036693803035,-0.8611974752129754,-0.18456439086730825,2.756839391979127e-7,-2.0175775851782873e-5,-1.6992285193140333e-5,-0.006642182156610943,0.0025551864258659407,0.11027247444508248,-0.005126891908275866,-4.702781737808692e-6,0.00024354819461791521,-3.931976946813798e-8,6.690862304203904e-7,0.00021543397477330473,-2.5057000737531768e-9,8.183811079989778e-7,0.0016803415342661054,1.9093926155733243e-5,2.915881475717974e-7,-0.006433571391880832,-1.3888900588499382,0.00018672307787426234,-0.12358160722214961,1.3059481733870837e-8,5.517048936809488e-6,6.383645772092047e-10,8.995394361333009e-7,-6.415997042819033e-7,1.8271282947734946e-7,0.23894944073981605,0.002698981994399219,4.3243465698691516e-8,-4.394660533169059e-5,3.842601468306839e-5,-0.01662987096665347,0.0027014773502287426,-3.412391874971221e-8,0.004263336729309231,-0.0032089891515170166,-0.0007172870623719518,0.007210075441662411,-2.9961881185869288e-5,0.002714985651664392,0.02493064640202647,-2.61813749347084e-6,-0.0010984535664420036,-0.000494104631997061,2.2631672919048995e-6,0.0012552708401472046,3.109479784546565e-6,0.00011643975312125576,-0.02642595055476704,-0.005710660497356912,0.019302226273794076,0.6156675508245826,-0.0017915862435984309,6.283888048574937e-6,0.05919935777637875,0.001405920969204999,0.000645742236258684,1.1883209330765254e-5,-5.015142360731417e-6,0.009330497636256041,-0.2100907885323977,0.11239329932868714,-0.00017026950466458857,3.047651304655119e-7,0.003185407473665691,1.1090012435488461e-5,5.5819387121403e-6,0.00967982161364489,4.0411785381166965e-5,0.0023232729030837618,6.929195064953042e-11,0.13462440723390046,-3.418138933286574e-7,-0.00791569455032004,-0.000669974799318851,-1.5793924230674747,0.0006685997834097179,-0.029417819993227567,-6.5784999512708e-5,-0.7127179756762416,4.059159938119006e-6,0.00010970353908845709,-0.035227914502229396,-1.170270242933924e-7,1.0434858995767016e-6,-2.8738811345796478e-5,0.0014248629611302022,1.7982010815931204e-6,0.0006904282221142921,-0.0843856416613562,-1.778759503744368,-1.9561979234822974e-9,-2.5651436136087113e-5,0.0006481726452989278,-0.00030618941749027684,-0.0002730386614864244,-2.9393948068445752e-5,1.0426613377967353e-6,8.87833474273736e-9,-0.02126374484942062,0.040286851100972854,0.00010779410109762466,-0.0006900622647663113,4.098999069682141e-7,-2.545335435061302e-7,5.144883089447383e-6,0.00025190967592436664,1.888313996833979e-6,-0.0003164258999674985,-1.822895338565722e-7,-1.3383425034874108e-5,6.799559990611215e-6,-0.4445187117671594,7.475959467040383e-6,-4.447942302671093e-9,0.0051578176080511184,-2.3776152713317344e-6,-3.5934804426540623e-7,0.00013331858834408905,-0.000685297554454678,-0.0007391890924850486,-0.0046830483963162806,0.11352359154261649,-2.8303858781164593e-6,7.641175670336509e-5,-1.180721022731035e-6,2.111090332337917e-7,0.0004851332385129581,-0.03437824231218656,-2.5365079073247365e-7,-0.0002937867342325262,9.352957795805139e-6,-2.301832718032415e-5,2.6520822696274315e-7,1.970791401428862e-5,2.629407574872289e-5,0.00383606488321675,0.08461032613922725,0.002215224138751637,1.5640947071127176e-6,-4.801692128353352e-6,-0.006950360903829278,1.2893954079440384e-7,-5.059189130562913e-5,-2.7215218709273487e-9,6.826105029833496e-8,-2.6369537662329634e-6,3.337409803603336e-7,-6.561752353695383e-7,0.00030530937199557684,-1.2638015942367797e-6,0.01852892759052338,9.256118478795372e-6,1.5343249351812763e-8,0.025608104517232277,0.00016803246701613261,6.343215989801365e-6,-0.0011960195699884935,-1.9073600379670985e-8,8.204011827034948e-9,5.294522166243709e-7,-1.6459910287012463,-0.035304031001032854,-5.493834555059252e-7,-0.0011876492835654062,1.0931105919320672e-6,-4.8474132995579566e-5,-0.0014251905324158542,-0.2304383435548516,-1.9381526121797776e-6,0.00015558753685240845,2.6792651209639473e-5,-8.95824266267109e-7,-7.418180347773529e-8,-0.14928969961692928,1.299776699013877e-7,4.320393714118964e-6,8.039485399180535e-6,0.03900222418087651,0.480135126177629,-1.8006024475880622e-5,-0.2831619617645629,0.06507136229993193,-9.699521223538454e-6,-1.917377019378108e-7,0.00026144183462406545,0.00018516014147351711,0.00012769665647738293,-0.0003149534816770938,-0.0021423893258543103,-0.19754251727135852,0.02107009827886941,-2.040688573679006e-7,-0.271573621825155,0.000811681103527917,-0.04595241855895438,0.024157471809303388,0.021867897361516953,6.913153994647647e-6,-0.0005182307103268613,-0.03685508745002153,5.565990479294847e-6,1.931409268629558e-7,2.927994490753427e-7,0.0015016289277127726,0.002160759268804213,-0.00035073404924901297,-1.2473992210271234e-6,0.0031174093992376584,0.03471304410186349,-8.740528279773362e-9,0.000773495571309013,1.4491977562425262e-7,0.027027474039641675,0.007137448116964151,1.541921630376919e-6,0.002248841280120928,-0.0025223350987744197,-1.5702155792496342e-5,2.8501696229810136e-5,0.031152399687925936,-5.840382437583003e-5,-0.003734620232364705,0.00012160783326820024,0.0416990547455498,2.0205570271797368e-7,0.00034039969087729105,-0.010955903109788778,0.0005346099936502924,-1.022681617672788,0.005770663856310421,3.91261323444414e-8,-0.015076162481364008,4.297773612904621e-5,-0.00047637770369135524,-3.817624675828135e-7,-0.09261393463566492,-0.006365181228147776,-6.617561897215296e-5,0.04921403879052377,-7.62323343224125e-5,-0.00014041454639368567,-2.9113140564106244e-8,-0.006084650529373903,3.981658445173508e-7,-0.00011723419606823882,-0.023554911062092287,-0.000830350860951512,1.961096185998379e-6,-0.0010141137497612362,3.270064518900995e-5,0.00036862590013697627,-2.9792473210665804e-8,-5.703448262284194e-8,-4.295729437442386e-7,0.023844185288908193,-0.000782800257312033,3.669954059398739e-7,0.00014751396595613642,0.05692243122757645,2.652367997679761e-6,-2.3757872558149984e-8,4.203512531941733e-7,-1.4952731195450042e-6,0.00409989893302054,0.11881373718642863,5.455983573265932e-8,0.3321883674216224,-0.00015750513591683557,-3.6161248259558576e-5,0.00023228825722299007,-0.001962517503898198,-5.7010137144951345e-9,-0.010150490364139841,2.274046237611422e-9,1.7750117022319323e-6,-1.7019497634551684e-6,6.409956906239245e-5,0.03747671700148203,2.1290115236310275e-8,-0.9223220459462027,-0.03716353853997134,0.01823216188176957,-2.4345919939605665e-5,-5.458926400914166e-7,-0.00026009593238285333,1.2937733022688747e-6,-0.0038133291704980365,-0.0005957273218371029,-0.00020630947048516646,-2.8685015337259756e-5,-8.629540408122693e-5,0.0010287901646961473,-7.951661611382832e-7,5.699547403047872e-9,-1.734649037674063e-6,-6.261836157683831e-5,-0.008508946775691584,0.2012429948299541,5.082673284029227e-6,0.0003571957679397997,0.23336392459168565,-0.9643784366635373,-2.722281398348514e-5,0.07173116418562131,-2.264869973789274e-7,-4.586158323549583e-6,1.976822636606812e-5,-2.506581895911353e-5,1.8608368157480015e-6,-2.9001595844291295e-7,0.0007370160437289996,0.0005188423996287383,2.4015011582889656e-5,-0.00396514689111882,-0.003010297229820935,9.942552345876265e-6,1.3280535422488526e-6,-1.9135194579966708e-5,-0.00029250985278750363,0.0350963444025183,3.2125512975378356e-6,6.0010912839914e-5,0.000775170502038236,5.714378339582993e-5,8.836405437362416e-7,3.0218701257966885e-7,2.7950206176186043e-6,0.001891304729042531,-0.5444810301996768,-3.3214208688958635e-7,0.0019061941588915943,-2.9360467983935434e-8,-0.0005217895588884858,1.0304039125941244e-5,1.8355197912711674e-5,0.008854636483420109,0.0003923249508943627,0.00017445549801919924,-0.35765773901948705,-1.2133696443488589,1.0788663501529183e-6,-2.7560017865080333e-8,-0.00048246141341223847,-0.020483443280681968,0.000426292774278636,-3.457101382942085e-9,6.190453890608794e-7,-3.106136548769456e-5,1.9778422869265455e-5,0.022940018978260923,-3.0062515143924884e-7,-5.0079813788961314e-8,-4.266432849678661e-5,0.04023792592124664,5.971651570457759e-8,1.4288710335069732e-7,-1.6002991572313476,0.0029071202275190444,0.14102521681343205,0.0028167183777441096,0.19737046433147043,0.009637723984269542,-0.0011980636199950823,-0.003751044442424245,-0.0510461869489518,-2.6593292204779573e-5,-0.035128747404087335,0.0028616809631785145,-0.26126487500732765,0.003920207561350253,-0.20514315243053716,-0.10544281212060014,-0.06755863814760232,0.0046427657134699984,-4.214930615035334e-9,-0.0006029152569340113,5.386370454107947e-7,3.6616537116174186e-5,-6.722760348409906e-8,-0.23940795465023257,-3.0936418795590725e-6,-4.894073145633726e-7,0.017675803151178116,5.003440017720129e-7,0.005247578183116275,0.0005662537000716839,-2.6414143881048346e-6,-1.0423886690758e-6,-0.0008742559089540691,8.992982144517825e-7,0.00668527349444048,-1.062076289935765e-8,-0.005571708425122779,0.06424503789821756,-0.05667369884827167,1.9496825549580876e-6,-0.00014223572342708657,4.552336717589256e-7,2.0782034471089617e-6,5.963023968436065e-6,0.0038159658552103792,-1.0167118857040691e-5,-1.0115792424912797,1.3512497133438828e-6,-2.6189971604750895e-6,2.698685126034661e-6,0.0013509043619706063,1.4162479455848143e-7,0.000688976567971622,3.1597939146310594e-6,5.5352861942026266e-5,-5.549062089341139e-8,-0.0002665972282116513,-1.033269927952496e-9,-3.7124036825986195e-5,0.0006661739759863394,0.0009803457242014701,0.09910846151433361,-1.9460174897290017e-5,0.007745354025246343,6.67009589481321e-7,1.2859402835907474e-6,4.377869155192116e-6,0.11246019702230114,-0.00010136478442746011,1.646446365485485e-8,-1.2333925643648325e-5,0.0006076663475198529,-2.9682357990168384e-5,-0.008770077423832845,0.06293102361905767,7.672306820438735e-5,4.2080039980296746e-7,1.869646046271864e-8,-1.8405546288846608e-5,2.533571066831719e-7,0.2186761318189383,1.313949862247199e-7,-4.2871515022469e-6,-0.0021566109523973864,-0.012408310757564323,0.0003628826589192613,-4.4121998870050305e-5,1.134708087335845e-5,6.593215887562565e-5,-0.011176609422591355,0.001616432429273118,0.010224083560387953,-0.0005871701774822213,-0.03973181665787706,-3.7885373987273097e-8,-0.08223946031648666,-0.004244443493462313,1.8410067353924475e-7,0.01596670786238974,5.790045774847763e-7,1.656643933056756e-5,0.1518083470291458,-3.0649213461630964e-7,0.0021178665392653784,-1.1676436857677164e-7,-1.4024995435846233e-7,3.659348485030023e-5,2.7535479685258935e-7,0.00011908722750320067,-4.3090260881673004e-7,-2.4174185826453254e-6,0.015189721216302132,0.00237277553515014,-0.11921893365797587,-7.106260249001295e-5,0.0007910194326541387,-6.291824400150858e-6,-0.00011293195095518627,5.654461167736713e-6,0.003967074593674624,4.0902681042176425e-7,4.7984011819490746e-8,-0.3191745698277373,4.3981423747396775e-6,-0.8832185377832502,0.03457251929648919,-0.05871412136184517,1.0482542238676729e-6,-8.929381923594715e-7,7.955339458476374e-5,0.025927870297891786,0.0007608269767160891,-2.1538643562024617e-6,-2.0079940799888618e-5,-1.93025656658574,0.0003722916334254478,0.006559630328865751,-6.770655163990114e-5,-0.0018251049270849862,0.014693394631649426,-0.029280915778144845,-0.0003687517958042008,0.0037771334549461244,-1.2174730399274267,-2.233374986684855e-8,-0.002253900112748397,-0.0022066609799367143,-3.451795888764764e-5,-2.741665375734226e-7,-1.3122467238391167e-6,0.00011904846024535232,-0.0026625798884651886,-0.00016568419636087128,-0.07961436910773045,-0.0016580447785372598,0.001127853889556718,2.034304774300999e-6,0.0006669566381560799,6.944890064142228e-7,-4.544388656935183e-6,0.0014388135864464857,-0.05272583791156649,1.2356613230402047e-6,-0.01672154922016489,0.03347874077644519,-1.2578057679386509e-8,6.313216817702659e-9,2.942476715284137e-6,-1.2481170380551632e-7,0.00045228971930555417,-0.008313975462442613,-5.089568420359181e-9,0.009135852735198569,2.3060926292117756e-5,0.0010046184234511202,-2.6569386539776474e-6,-1.37407652214816e-7,1.9924308030994098e-5,-5.160536282154682e-10,-0.001986139066730175,-5.666988397989847e-8,-0.006025422029836136,-4.5000776698750355e-9,0.0001743562703495627,-0.007021073170108139,-2.4420975943684198e-6,0.0011791531505878083,-1.5141345061087108e-7,0.0006307121539066429,-8.47517939994713e-8,-9.265050781269435e-9,0.044617468083743006,-0.013000827857467812,-0.0005307128831191221,-0.015516193474240936,1.7507408210937214e-6,0.0006365503420227014,6.198486266484338e-6,0.0014791599273848988
