-0.0001161157695150905,-0.0073771778347691,-0.0019707492717770947,-0.002357990770633478,-0.004713547038591059,-0.002206175019694001,-0.0017668622391013855,-0.0016785661644007632,0.0017021800987890856,-0.029779390141129625,0.018445773074574845,-0.025456229278887577,-0.0006020043171588441,-0.0005303464110681944,0.0018176263871794163,-0.02818009189940085,-0.019955710938575066,0.004441917164115239,-0.0018559049804025562,0.14053401054479764,3.805109054155764e-5,-0.037507718917559885,0.0034879100678608665,-0.02156828307261094,-0.004401556034565601,-0.0015607147286118561,-0.001776241228753861,0.002532959883680519,-0.008274909752344684,-0.007449561424436979,-0.00924651827199341,-0.0011500684071279466,0.0009073374344552576,0.001970976695218951,0.011278507421138784,-0.003364203384535358,0.001321011007519246,-0.003400909770562066,0.0011455430627478336,0.0002135085653094393,0.005548008509322244,0.010178708208787413,-0.012850041701369719,0.004154297815375685,0.00046998430025269045,0.06510808265488777,0.15392664130104095,-0.0037736350227532967,-0.012901876303203608,0.004060015185132215,-0.10792441939702258,0.09751785599019058,0.02430877802305531,-0.03627810988461988,0.2104357991524921,0.01042161060286162,-0.006189704226926551,-0.003553824115272164,-0.007070415166481325,-0.005709237406108514,-0.0019684895002001213,0.0004907216994354258,-0.0030581434295982035,0.011377342863397644,0.016695758347317735,0.07313416349916224,0.0035493973909979104,-0.0026095062775084443,0.00209758851906372,-0.004149841400248988,0.12846585956287981,0.009864925875035624,-0.01876796853821361,-0.005076691175133874,-0.062197482012379623,0.015381291045741818,-0.003039510911378329,0.003291166261305989,0.0011304193917567318,-0.0020243610101715603,0.0013017906637742271,-0.016519318815369388,-0.005497731779882997,-0.010193896918167411,0.015655432850962825,-0.020860824997271266,-0.004004010552577597,-0.004687988273872179,0.0323518597497241,0.0014077455528820337,-0.0018838323467207374,0.006846708854482131,-0.007950406992677017,0.012801757912200173,0.006464968532469584,0.013806687908981985,0.07068389793221286,0.005240451247800593,-0.0027389911444970494,-0.00047726512252666,0.007361748695615233,-0.012991965848414111,0.004716110461686185,0.006241248918399833,-0.0032886252724892984,-0.025198504612603756,-0.0025939506203940255,-0.0006654276053268404,0.007914540487035993,0.001466815422872969,0.0024047115462053625,-0.005858062537981823,-0.0031082069890544517,0.0013528596921332792,-0.01070336772244218,0.004042666854502386,0.0016882136892490962,0.005202494477487107,-0.0006010429713967369,-0.0013940329340584867,0.005294692400639178,0.0007061941824986206,0.0969953545518365,0.00122863549469443,0.010690749006698752,0.004493898643659122,0.008571567001808944,0.0714156985709945,-0.03693341135829087,-0.010931661559652639,0.0025370960861437197,-0.017375601833919063,0.0022464699497675156,0.0038641334389666326,-0.004470500470915795,-0.001151288454366295,0.017603752021386754,-0.18257987823267285,0.006719834557998183,0.0020330075376477907,0.0018592213954775616,0.005909387761903417,0.12749312102209842,-0.0023801614202056953,-0.026606881116094883,-0.004540245178532132,-0.017900310027243904,0.14462154344789724,0.0011557742985246477,0.03507964182244905,-0.026964079345916048,-0.07473187568461981,-0.015898741711851017,0.003858038064208813,-0.0023556340063350945,-0.006022541113679836,0.004003181623488672,-0.007199894916453786,-0.003428532634188741,0.007316383514421432,-0.002034478546192986,-0.0009513053462342214,-4.895999290965847e-5,0.009892204820971529,0.0034406351493316834,-0.0027399481514294166,0.0028934605870745145,-0.003094650627616602,2.2186725914252747e-6,0.017655962552453275,-0.032371771160796925,-0.004772092750812362,-0.010269825505702102,-0.0720573413270813,-0.004582273396863457,-0.002095237901244218,0.0022047129083375694,-0.005674926808296732,-0.002717829010919104,-0.0007201071794042946,0.07734582430884984,-0.0002179640021040541,0.3168262624020599,0.005950870591846069,-0.005988821938899491,0.004835032586925081,-0.1256006793769302,-0.0063457872706749185,-0.004324791221392843,0.02140409625076245,0.00019447160775598604,-0.008175043677510985,-0.001300957742898845,-0.0023371720119484962,0.00018101393216340966,0.00795810116278517,0.004845904256399081,-0.0009058956434273568,-0.002008818658794098,-0.005005299912681949,0.007152863748615346,0.0058047813681696425,0.0019580244723442775,-0.005545712014736637,-0.00752077580182231,-0.00716528128941718,0.022077892662537124,-0.005925034489337122,-0.0021110363397838228,-0.0013087815568724182,0.016870390668827895,-0.0006028806706126488,0.00019964423893270578,-0.0045005384948240135,0.0015288873591998708,0.0005860918452071928,-0.0016203275723682964,0.01372787838727163,-0.0017232092386620934,0.0010606433900193224,-0.0016352578907117277,-0.007080687817051512,-0.1903581981514435,-0.1453008545618104,0.002373299014834629,0.009964296110410942,0.001163998403626465,0.006074976083709771,0.033785793290576294,0.0009980999413983227,0.00010789178941195132,-0.0033000692377243013,-0.059786274133216466,0.007047681392350569,0.021139564026725566,0.11731268137191364,-0.007270747486245455,-0.006032158785444608,0.0004015841936961806,-0.013104460341310187,0.016881287019714364,-0.012791326614888021,0.007691832482095151,-0.010137184738709948,0.018656351647337033,-0.006964070129754418,0.18148060659677867,-0.2789149365162302,-0.005308323954295702,-0.0007993948952389474,0.010420357571490513,0.0006413551654986804,0.003034492609856443,0.07844372273211775,0.0054574230935031665,-0.0030062026285122556,-0.0019492543742671842,-0.2209011233462661,0.09405151233227116,-0.0023140897177711395,-0.00010227905386273051,-0.004197388052261886,-0.0008471581761568814,0.016403723941948556,-0.0016010768321734759,-0.015320259658381019,0.0014140899975245702,0.06941250265197141,0.07920281934502782,0.0014039672489172261,-0.00128338071658618,0.007396468645765708,-0.01963634289950278,-0.004501302499875237,0.03676151672789274,-0.0008095708963651305,0.0013611971795626232,0.00711612956092722,-0.05495109946116372,-0.004687245291961517,-0.0034664763964542544,-0.0004682979200651971,0.03654871517306901,-0.007578195131372922,0.0019552272813143645,-0.005969508557200243,-0.004565796257338661,0.0025098910210488157,-0.004334912880324282,0.008545887276795838,5.729461918235756e-7,-0.0027158639525168837,0.002663212035372453,0.0012966114961727726,0.014538230827383813,-0.006531437149192243,-0.004432613946391939,-0.011535725016074139,0.010408195084892213,0.006381429236625991,-0.006541356899788298,0.00011676603230625915,0.16078191274306164,0.0002814253438039316,0.006918459966072987,-0.012361524512925826,-0.005728264936635696,0.021141261657248833,-0.001298244546433125,0.0029299773095772252,-0.003072300299663766,-0.008085276663621244,0.0031064324347198635,0.0035858137458575357,0.008383302432321216,-0.0019153891244059196,0.000518559518695838,-0.0016048144389060326,0.005395358413920803,-0.008511431035401529,-0.021391517055462828,-0.0014436604957097643,-0.004972782925307229,-0.09691655025108048,-0.0033393385356248473,-0.0031199128569596724,0.002992077756573508,-0.005409720205989288,-0.002213551935085434,0.02309150103974389,-0.007647592111140966,-0.25872906734002754,-0.0010690329798421772,0.00011975267858588268,0.002638692678146981,0.0027397322685374093,0.0008290393425340881,0.015330892456404399,0.00595874068426383,0.26287884677412876,0.00804936131157774,-0.02599180280822111,-0.17421472178290287,0.006908178964522449,-0.010463899685305478,-0.0126894183572972,0.006549878904451134,-0.057351879281668516,-0.001131097016923377,-0.012370957386565351,-0.0004729202179163394,-0.0482552869113988,0.007970455036561463,-0.006733506466389372,-0.01282161502422241,0.0028199181080452718,0.002232588568404026,0.006321158772607305,0.011156064816987055,-0.0015302866893875944,0.004779370534834015,0.006655001023773366,-0.006041336467660585,0.00045990967055331566,0.0008340104896547018,0.15763159645234737,0.000558923343760398,-0.0032146280924507664,0.007723394602314304,0.0008758421122365689,0.012197080088981238,-0.003280326213918272,-0.0024031490300018277,-0.0022611873154119166,0.005408101190596426,0.015540670482778296,0.0012663420583294283,0.00476408331383027,0.0028475952640292235,0.03778366724918669,-0.020871445603006578,-0.001079132750419376,-0.003154290511133695,0.01122097605525596,-0.004090743700857047,-0.009232302146529037,0.08038055940448885,-0.0006033347582317106,-0.00047986742231387325,-0.00010488271841779806,-0.009650796714140597,0.36395910767896567,-0.015010618939186315,0.0036027117291155264,-3.255137335145264e-5,0.08809250104539501,-0.004498744679722222,1.5764256204420235e-5,-0.008767292700213147,-0.002131482863205747,-0.00230603469435664,0.0266803504755444,-0.003420602463393152,0.013359686266198878,0.002655606617736339,-0.003073763269298979,0.019320131666585638,-0.00672886067525269,0.00909234911796375,0.0053091652425791835,-0.0018950731275708677,0.001219201308231277,-0.015139298354370112,-0.006570534308025344,0.0005895916940517054,-0.0068392605062399525,-0.0007889371811415913,-0.007633070403244346,0.00037434927264712314,-0.005792302336942612,0.008222795613050948,0.0011363828738879533,0.06367776955084992,-0.0035637522687466117,0.00014752835068065906,-0.0061170348833456956,-0.010458596464673064,0.23132116307212414,-0.014790538268243836,-0.0038467124106773554,0.033749326093584386,0.06776756917952298,0.003000709779371391,0.006784802720630978,0.0042234737604758266,-0.0028458351652886904,-0.007253357958887818,-0.1518624040731993,-0.0019516510501489392,-0.0047703337500024645,0.006672598452809098,-0.0008509066985880054,0.00021181459032959538,0.0022128580617106763,-0.0007613965044583892,0.0045588880218474515,0.020936687973630796,0.008260092766363414,-0.0052637963934571985,-0.001301938285223514,-9.994505887789273e-5,-0.0018634854117181021,-0.00864213809472858,0.003400613683197662,-0.030533639968155057,-0.001954000042132975,0.02476022729501892,0.016454033064462692,-0.004879200523419058,0.3298755161463305,0.006205532393494195,-0.003918458427335736,0.0026449175820175697,-0.00238379844404335,0.02370463112174548,-0.22972448104383147,-0.000930777524217774,0.017830151550697337,-0.00021377700795710552,0.0030773310110134844,-0.0009380234158982148,0.0057067028042183665,0.0037660908635643864,-0.008904682913907891,0.0017982925748469825,-0.00039338306942227064,-0.011475047797944171,-0.0026849022660258015,-0.0005031831177291224,0.0011548356706043705,-0.019099668142644077,0.0009610799747008514,0.003496989797895367,-0.00150515970460674,0.08419121751461489,-0.0035800207481315738,0.03390925876135498,-0.00682211918115172,-0.036805867323892016,0.004675103547924664,-0.01153191312596391,-0.002780581709657781,0.008001459669685573,0.056593175138914376,0.00114267190724604,-0.014862712641388498,-0.009871277054116945,-3.288127669520691e-5,0.0022633294956904138,-0.020988388107980427,0.0021760958816230414,0.11996649994489417,-0.007382658157439437,0.11084853526187999,0.0007684163869043914,0.004881193923893079,0.0010693862898278894,-0.0006110752665335895,-0.01096870370747638,-0.002140335994738507,0.0021859198329821083,-0.009312969472432542,0.02499029489752047,-0.0013113890655205296,8.430665741343546e-5,0.002620554236273165,0.0001390892462040938,-0.058186033086712996,-0.0043061742148893245,-0.0068445909819274675,0.008374295972771506,0.01722095618242747,0.00019919020024872225,-0.0005189968168224368,0.0002164444253480724,0.0033317665951244635,-0.008202263630209927,0.001831065357805528,-0.0030837488643555844,-0.0008327230616487213,0.0020148404182691593,0.0035143096320098266,0.017695386329478424,-0.0039966215904314595,0.00429274577538763,0.0007196081100460106,-0.0014027136021468323,-0.004794479198835688,0.010228638824116842,0.007176301128367868,-0.006026213652944534,0.0076334873790528945,-0.0014220123798693862,-0.004888771323521723,0.075824120751804,0.003223515686840983,0.00463397603985527,9.310796747286076e-5,-0.016524230637514847,0.062151957440391925,0.002864329836484103,-0.0009386262756834185,-0.0023238588723870635,-0.010856305845663883,0.0005096956090255844,-0.006984670318161079,0.00391573511808474,-0.00020152542339246793,0.004726986995706284,0.0060119161246348085,-0.003631906212717695,0.007069104771971979,0.00432912802239116,0.00018008408756031713,-0.0032474449882755607,-0.0048647651979081274,0.14955152929405813,-0.07884609373672902,0.0087062077104747,-0.0007593726531922584,0.006966009408955642,-0.004140154259857809,-0.008718611604763282,0.04971191080903736,-0.005569145244521678,0.0022676141866213584,-0.002800431703576578,0.09048900264508575,0.007626611880368728,-0.10865828497162511,-0.0007058581756638205,0.0004667311761181736,-0.00013274564325627125,-0.003773355880980489,-0.0023549997131340206,0.01139732431875018,-0.0014035179548272936,0.009130131935307872,-0.006264727797486103,-0.03401205236309579,0.015228807473363304,-0.0009239796276290235,-0.0017886425443975895,0.003434840325098776,0.05852206403847049,0.00262061320279372,0.004172738755869432,-0.015941656890959166,0.07145057652019204,-0.026300809746288678,0.001783495702582627,-0.003065724258249247,0.0016538610146454857,0.2376864687869329,0.0010465342311363202,0.010417355034633147,0.067467185674559,0.1623038273100974,-0.005090085853225901,-0.007645882567885565,0.002418975932187095,-0.018634023277172673,0.022129674265670474,-0.011361901912096073,0.27070153892464077,-0.002523654322430957,-0.0033571867024875246,-0.0030427243808048843,-0.003946170862491272,-0.010412175933197432,0.060888901123774986,0.0059621524951580795,0.013247128919999795,-0.003895049077158319,0.004085537048467813,-0.0042872152230160054,-0.1693295308150482,-0.006674566400306503,-0.00033439340043628363,-0.003522223380059586,0.013150616481652833,0.004776264972065292,0.0017298584471063805,0.022373730541062287,0.0058648480533065594,0.0061458831843879125,-0.12921521185512574,0.02351899414293257,-0.00113138861729567,0.004296954252367868,0.021278709774378513,-0.08383529344428098,-0.001685520430431131,0.005086821696636434,-0.004200836963946131,-0.0030878781012688705,-0.015280461698694126,0.023501378998844302,-0.004016572010186792,0.00044037507723260205,-0.33923755622981844,0.021494167085620575,-0.001767434080534258,-0.008741676315594304,0.0048346429742593955,-0.0227532987898158,0.0008250582421851504,0.013333676234907443,-0.00025478499208020366,0.015591467101785383,-0.00934424763363495,0.003372911099177145,0.010035637695892774,-0.13018406437117847,-0.04928279540308722,0.14324668119667194,-0.0015174695674886607,-0.005672305873986261,0.0016523656631761696,-0.007023897577710159,-0.15855319923480238,0.0015295651073756744,-0.0054364389334011776,0.0018132439472537953,0.0003201623838862133,-0.007754881404423486,0.008259618941337976,-0.006607646686802582,-0.00041305960030513234,-0.0010887105881920434,-0.0002724925055588301,-0.007527990047492494,0.0048597828127867615,-0.1783776540312374,0.0347780988724935,-0.004409370973576188,-0.006733544706548855,-0.0010253262573769462,0.002614230567814957,-0.0014735770982063912,-0.005836164971697144,0.003580505006993917,0.006612172887230372,-0.002271594090416329,0.01815228105715505,-0.0013684376456239988,-0.0016476686951136799,-0.000292627994895156,-0.0035731349962588865,-0.0007902105056700748,0.004723598116985528,-0.007422031903502102,-0.005759017122727528,-0.008333043031143461,0.0012034303745167563,-0.00417774556308359,0.003360925601555209,0.0014139214838451153,0.0014478892239822017,-0.12022371146258592,-0.010190897244683583,-0.014138298811872119,-0.005297001044027638,-0.011129351227282314,0.006795624371079612,0.0019287929137590254,-0.001075643783195801,0.0017883235070712544,-0.010531193252518278,0.0013362855639798,0.013569006206239465,-0.021886159577206854,0.0037728782321222454,0.005289316985908954,0.14940289757601022,0.04880528917664151,-0.004908936992919166,-0.005498533600501787,0.00011195488855264557,-0.0018650587931006157,0.02681039644272687,-0.0045697229211327794,0.003468240530587252,0.006305332353178983,-0.005582973818945902,0.0014124317212917958,-0.00022436207109421957,-0.005734035184104869,0.0005816444240736018,-0.0005767891134382808,0.08551103650222558,0.003810150279150548,-0.00023722775671330965,-0.009045604016137077,-0.0023022711145586072,0.003094889150418112,0.0040042923884584525,-0.001526279032077582,-0.006269130899454467,0.0007900432558187731,-0.00032667307038991567,-9.168488713839906e-5,-0.0916591537061322,0.00023326616519625532,0.1353488445847688,-0.000504063983839842,0.0001419599157088669,-0.015544629432952206,-0.005482986143761082,-0.017427295507047802,0.03758320064514464,0.0037492857281336,0.001282090056861307,0.0024593546881988004,-0.010655859114194755,-0.005742295269101305,0.03614946913739914,-0.0025682718130042304,-0.0031125932858913075,-0.006441159448741018,-0.03148473369519422,-0.0071499313004323994,-0.0025726317244334496,-0.11399133920497206,0.08231598171581744,0.016113152362606797,0.0029488336767826695,0.0014693533814948978,0.005693911306025257,0.0020321905335549673,-0.000373203318247306,0.0028793708002012863,-0.008111343565815332,0.0037896197468398896,-0.0017860574326391543,-0.0015538007273789844,-2.889212237278116e-5,-0.000979770077719877,0.019694547788276395,-0.0008651523519347393,-0.0030318170634018315,0.004078437612633934,0.00793573565169936,-0.09624721760658872,0.0005353278334041534,0.0014204420612031754,-0.007615390822024892,-0.016646012059936766,-0.0053688245334342355,0.0011555950239383606,0.014531024089819766,0.0014404105212975082,-0.012501614618351198,-0.0039635749488979855,-0.00898785859999407,0.22882870517446463,-0.0023660105666749587,0.0007410320047256391,0.0004951957967023191,-0.011072926431324959,-0.05285638093482703,-5.972989856672939e-5,-0.01791955601538575,-0.010667568190001475,-0.0036695108969411194,0.014825345278950408,-0.004439319390257879,0.00018670443682822224,-0.005509045100552612,-0.11250256054728425,-0.1368701823170113,0.0191520882617624,-0.006935467330549727,-0.06179577463717578,-0.0053159377389420115,0.01232528986838588,0.005232008717939607,-0.0009508570358320867,-0.0014552982370332757,-0.012792753276244184,-0.025613083998450747,-0.004086902787832969,0.006441064595946955,0.01882527127600042,-0.0006282113533302436,0.00384553341245919,-0.006356403750942263,0.00018279275013810548,-0.10883659070145768,0.0072086472842158855,-0.005380954527481663,0.006473247186249864,0.003926039768884948,-0.19953170657180408,0.0011441691852951408,-0.00561550242798603,-0.004250217665230593,-0.004535174064358216,-0.010598080553791078,0.00038110170339678007,-0.011838879333708974,0.0007360344161497778,0.00010410570111218931,6.627600487263408e-5,0.0057261462934548035,0.03297571746072947,0.0007073990222181692,0.0005474384662420562,-0.0192631580739544,-0.005239185918981093,0.18798789171728458,-0.002839804965788062,-0.011559036298649517,0.0035815657375906085,-0.00018589399860502454,0.011717253676579276,0.003498462482980358,-0.0020073473252750773,0.0007770259790049749,-0.0023249068515269755,0.005623465261976435,-0.012011727096194136,0.0026030405842334403,-0.0006787560282646155,0.0009391289870563924,0.0012983059771158878,-0.005749427916782679,0.0013074018661427544,0.001843316995746136,-0.0025767136478407338,-0.020965521902780893,-0.011335272380165407,-0.003340060544417156,-0.0006187149147081072,-0.00048788826313739264,0.003118368412003747,0.00022612987527281803,-0.0053781724297436995,0.0002215124370650301,0.032601839359017504,-0.002244664389991158,0.0031789307543022005,-0.00020587505014191265,-0.004690994427164696,0.00041655865175016515,-0.0021323428497908026,-0.030667052213402712,-0.0014319612268991477,-0.002564227511612671,-0.1977968482055985,-0.012381563525877937,-0.0018635193555383012,-0.0016962564235143418,-0.0030592088943990348,-0.16580988322994017,0.0019604132448876044,-0.005914233080147824,0.0118877902073109,-0.004572994841737454,0.04971363333811496,0.001689170321981237,-0.006697875490317529,-0.0010203450751760101,-0.007199738846566106,-0.005625087620842351,-0.0030298180979571043,0.007902454364057121,-0.008011531328520505,-0.16377664925812496,-0.001148678558138272,-0.005828228117479739,0.0018179091842966955,-0.005622268749448267,-0.004996480714339668,0.025925355665094685,-0.002301401192198682,0.0005318531268585502,-0.0028447999311538297,0.002873019319395098,-0.010628085708049184,-0.027886583860038172,-0.005450832576116227,-0.09217816141972435,0.0034791809496255155,0.0016077947300914275,0.0013102726064744274,-0.0013259353305556942,-0.0011058424122367683,-0.09262977893695279,0.019121473398968192,-0.042498474575040746,0.0020960478941560723,-0.0032170748527278192,-0.0063652841711245856,0.0013124127087280613,-0.00840369805246155,-0.003685000858752119,-0.0006295266277902556,0.01088727157912217,-0.002374803681391313,0.00637090466761947,0.0004658314550169962,-0.0057593805195210734,1.2428224636096274e-5,0.12304677014162735,-0.007394404789920372,-0.24646822732665896,0.008206412710308086,-0.0007623660100080087,0.06975802230354589,0.007206941812455625,0.10877992484529386,-0.005772515670287248,-0.10466917258781905,0.013279487920840438,-0.0010447639007509224,-0.0016542333197548942,-0.005368186840996714,-0.000791467544331681,-0.0005112841730579021,-0.003169215040685458,-0.004375223656779781,0.005730778456381813,-0.00043265934323244437,0.0019429167616635823,-0.00017109246596191952,-0.0012263693970036016,0.004558944648636043,-0.0076946370500081684,-0.002744555197182308,-0.018351985391376502,0.00025206895975316,0.01383517060247641,-0.010548133711381524,-0.07862713791655551,-0.0020903657052713243,0.1400094271199066,-0.006612040122945473,0.00645323077719695,-0.021312294327799464,-0.01228684326633811,-0.0013541441612687777,0.002202780629886547,0.032818274938108516,0.1991307208879789,0.0011611664924657816,0.017480710711424763,-0.020813224045696188,0.01427121283904853,-0.10863337274076912,-0.01650864757677084,-0.04209012627688935,-0.002231530536846549,0.0007633751556568313,0.0014347489818646864,-0.0025445209776080446,0.0071263121581068845,0.015269884415943125,-0.11555861500028186,-0.006540698273454382,-0.017968965528439185,-0.001980400695629214,-0.01744535032389649,-0.004160354644234587,-0.08538052289964071,-0.0001712098877533208,0.0035965326010227727,-0.0068682591926290115,0.0020099367220609565,0.00047958608081444254,-0.00383544830719984,-0.004449986024496866,-0.005699286816209792,0.003958910844403363,0.027552944834724258,0.014404026468753273,-0.007623223973496351,0.46563849654330625,0.0061840076432417845,-0.004443442272872744,-0.0009437367971258936,-0.0019413597465245402,-0.0008789538834719224,-0.001433614007282813,-0.0030891542871813726,-0.013962399585352614,-0.012356397867279156,-0.00841402502192068,-0.004912380592884347,0.0027475307515487657,0.00057265097416348,-5.170554686628748e-6,0.0334068947150854,-0.00733540919236475,-0.0034775298248064246,0.0003687072310754047,-0.033671005251051156,-0.004749057303797599,-0.00548625387955326,-0.008803429241083904,-0.0019308802868636121,-0.01657644595002239,0.09247914395291446,0.006800464934713091,0.004388179765328459,-0.0025203367413269007,0.001364225223142057,-0.0006929571877662966,-0.010239993058348773,0.0004902685227534676,0.004199016070003836,-0.0001879999328480153,-0.019970742187524593,0.00036311885926920695,0.004103708516595361,-7.978714702971956e-5,0.014499886883527324,0.0019117711337166554,0.002725966854136175,-0.01710186751620313,0.00013628421584144235,0.006337727167647245,-0.0060025081830872296,0.0004030749410048884,0.009707598508271076,-9.753875397677803e-5,-0.0069421867945038684,0.0031049705642089975,-0.004853306718246131,-0.010901855012889428,0.004532303051064446,0.020693205897487132,0.0010992288766260572,0.004547969474515412,-0.002302674686575301,-0.0006532711627187382,0.001024761626695181,-0.0007542114640273212,0.0028136059952430514,-0.0044902711456416,-0.008641322254334227,-0.014060373233860446,-0.0010776977383102349,0.0023173629010670993,-0.08720115881442325,-0.001963492467893957,-0.0005006015695698807,-0.01294609159265292,-0.018142056422902897,-0.0034517992085056903,-0.003098901645330443,0.0020065322080426995,0.006780906759786376,-0.002946628753988989,-0.004381277763741309,0.006205050406833834,-0.0023759036191677296,-0.0005503172700400683,0.016172173393556477,-0.0010733887816058996,0.001049917453258331,0.00116253699900426,-0.00016724342344787146,0.003187273703616711,-0.0027118584889649355,-0.00366871634972199,-0.005103655511902616,-0.008062701871835998,-0.05161468216465437,-0.0017672810563453822,-0.0008018149519557483,-0.007105915069132607,0.15314264757807905,0.004518273153280461,0.005309372122610512,-0.2566932655031451,-0.00471330709274298,0.0006940852709931278,-0.007215935645263016,-0.06142572134558577,0.003502759521211374,-0.009004517804442003,-0.011375169949843666,-0.0677001291136321,-0.018517996204366227,0.011229931957871031,0.008577991007314267,-0.04583265532312453,-0.007639151887588014,0.009896742429191363,-0.0007502044322791335,-0.0007918738272110204,-0.011320183787120186,-0.001961505370161376,0.0012907717996313295,-0.00202885742419312,-0.008649585887724243,0.015942040973186522,0.007866357382908973,0.0008617901681873263,0.013303900503302657,0.006525938929371478,-0.042650987880506364,0.005811410465867084,-0.010032549421339354,-0.0035868719573954877,0.020862420378307434,0.012070449726593324,0.004184025123322499,0.0035367972582207585,0.002655322006830829,-0.048278108946966825,-0.0023130926489329795,-0.09877388582208368,0.002607495672634741,-0.0006376904445914988,-0.09649302316563535,-0.05294352670853186,-0.003569470982824896,-0.012277927605566674,-0.015550615384427147,-0.00206493920333628,0.03730974486506966,-0.01891455103395856,0.00023363033915302367,-0.004676115729239427,0.0013260138795203602,0.0013964832708879271,0.009028981530718738,-0.002132506065436246,0.00032546881880080036,-0.0038899927558304626,-0.005488327787077196,-0.00537280291314346,0.0041011456779642685,0.03143116613262009,-0.0017721751446515555,-0.0021696788001008827,0.0028539991831166844,0.0010473084412296885,-0.015990192333191544,-0.005156300994713092,-0.00623678971010122,0.0007872715905250516,0.01957441896297496,0.014272697810838508,-0.04170004770026026,-0.003264392018422768,-0.003842796764047307,0.0023979367715583066,0.0006093620499996177,-0.004365802721622458,0.00013353474037103297,0.06058292803459153,0.021959202935022404,0.07064003625782789,-0.0002926923376662671,-0.007133275514206616,0.0011456765971118443,-0.0018949140114727925,-0.14750007392217412,-0.004872665220318595,0.0006856399029278037,-0.003586500676021842,0.003051323167710507,0.0029003522118955516,0.14218786425772123,0.010704021462515811,-0.08887719778715564,-0.07510765761389848,0.29809913009444244,-0.011803426450569532,0.0066224350238144325,-6.14550269801839e-5,0.0023155669323386974,0.04656002206070298,-0.016800566702386277,0.00673395215403616,-0.007908206236152182,-0.0014539181354962238,-0.001180907721902713,-0.01141714931191018,-0.008419475136179244,-0.1411751942673618,0.004469085093319336,0.05407508777386738,-0.004002390784307863,-0.015440493119285748,0.04941380354046032,-0.005712024718150133,-0.005734815551477368,-0.005814723881940154,-0.0009474111584495404,-0.12641843790061102,-0.1283749626274755,-0.0011931902235655656,0.044337112020379266,0.005689746056305012,-0.005060808974576503,0.0017662695426565733,0.00019874294571309292,-0.010459222296958615,0.002124365451308563,0.002255608907489659,-0.13755245318799325,0.0019413812118500573,-0.002726365983562573,0.27436547272952794,-0.00777609975074256,-0.002925291166320676,-0.03448874952755432,-0.0022886286996026683,-0.13560666015382594,0.002451807368288428,0.010534031626946216,-0.006382910651154816,-0.0031768288670264155,-0.0026288529670637217,0.0005742664861827507,0.005281116793582896,-0.005359110685816404,-0.004560450361395851,-0.008435026984898286,-0.00375937221588174,-0.1160367654260881,-0.12517673063757684,0.009175180708894004,0.0004254085740598157,-0.0016954064358287724,-0.008355347725682805,0.0024831549497434935,-0.002568194484709352,0.00592237754534608,-0.001803336248457299,-0.016110366253087705,0.23729287290370848,-0.005841096123958778,-0.003354283666340052,0.0169035815101779,-0.0034048484217237274,-0.04027825085586301,0.00846837210593776,-0.005050549241786939,0.015782258176841424,-0.02504042591738198,-0.002099193968660984,-0.008788542061665794,0.4774361552827031,0.0020655584744417865,0.01083200094763015,-0.14087061310237914,-0.00992957993435084,-0.013129561370682552,-0.0007203481027318048,0.0026558896616961647,0.007978087838637293,-0.00390125650204709,-0.10991179389009176,-0.015973084451161412,0.002311615891301244,-0.0029152648426133965,0.006986398551191542,0.005817130675239923,-0.005053472990084629,0.013897740434487105,-0.0022444141861797107,-0.010517808624598501,-2.2424202597903786e-5,-0.00691591058512131,4.090500601705571e-5,-0.009210601502331883,0.005626401397506697,-0.0038238801239174336,0.008369544733341172,0.006723886187955941,-0.006558214036886056,0.005441294091724558,-0.016149534005194255,0.09434788658415982,-0.0046910173279002265,0.0017121886933182395,0.00408995405149426,0.057090048084774025,-0.004496134062819124,0.0190536126904135,-0.02387594962692674,-0.005668304928065027,0.0017153896124000312,0.01494666785310983,0.003149517330712115,0.008050115544619985,0.00024745557084315806,0.018480384525560112,0.008671795023019513,-0.0003502425947772281,0.014471837598648563,0.0003822636408585822,0.0031968433572728827,-0.008688484955570175,0.0015069368145148587,0.006813515149055149,0.09120708066075167,-0.0047192327897533914,-0.003560127102673505,0.0015645207962506902,-0.00937291818331687,-0.00341956020656653,0.0027729102039302234,0.07573537784219297,-0.003996967902594406,0.002800103747404137,0.06065647158266074,-0.005242462550313576,-0.0008135750670135167,0.008799667822486867,0.003316805361691877,0.00562632665014462,0.0038349432206814527,0.014094449086883287,-0.007184089402926475,-0.015548706941672208,0.033683076663749034,-0.0008890452853620445,0.004906819355824155,-0.0021896231182836345,-0.0016247302277179188,-0.0006833553046021734,-0.00022002947230248537,-0.015861907642374717,-0.0009474588193967293,0.003344567406486476,0.004267313197942713,-0.002775603087457057,-0.008594026326136373,-0.004349057658600941,0.00018860972920009544,-0.003938440996648751,0.0010149436295137093,0.0009425497141819505,0.018014142505535347,-0.00011602725419379567,-0.0031449064256321435,0.13243649377318434,-0.006510555743560076,0.0064298711573655964,-0.008439362602075562,0.00888059071439784,2.8100953613829915e-5,-0.083541731307605,0.004948933659761678,0.021795611372908752,0.0006297490341040657,0.009325712250983997,-0.0005108398744368969,0.0005765115072051685,-0.17932748158659706,0.002327033124515765,0.0006693477503176837,0.010963393415295286,-0.0031633802282158285,0.001358479449436345,-0.1996679412593494,-0.00560167022939595,-0.004625500259180626,-0.0035501937568369613,-0.01932494731386214,0.007995984542048973,-0.04232209987731039,-0.004691631576974942,0.0006542671385432186,0.06951805906133757,0.0011340814700133706,-0.0022256856469766717,-0.05894605629481475,0.005858547116417867,0.018119507848723515,-0.0002726814186644333,-0.00038927921224285456,-0.11583794307694006,-0.007686883172027592,-0.015923638999083778,-0.013049123160726595,-0.29689304850035114,0.0035416037983395654,-0.0028270571219337626,-0.04561748298712587,-0.001888617239103496,-0.0005645459405059228,-0.060847410053611384,0.0021292893043209915,-0.0007246829487144169,0.001287792579660163,0.0008074143916019239,0.011231637585751741,-0.00859980000922178,-0.03531848163851237,-0.18930346879596982,-0.0001116795148732308,-0.002824819147008384,-0.018428064286126755,-0.010204855880147079,-0.26539193021289975,-0.030727323372502724,-0.06280882844464486,0.004143631772421941,0.002257724316336862,0.0038267027421170496,0.005802470227649792,-0.001092357314092851,-0.009144651744236398,-0.0031612208958904375,-0.044393487385150365,-0.003332684254473861,-0.006099896158957563,0.0016630297141091432,-0.006770471061372518,0.017981008702008694,0.0024119308284156205,-0.005652307272839607,-0.0018013599078585685,0.0066571453205028774,-0.004918822008221468,0.19313670610745248,0.002944409949122928,-0.0014802051259721338,-0.025905850653089146,0.0010481160725248628,-9.902915516590838e-5,-0.2394166901412973,-0.011638387544735451,-0.005428560333655241,-0.0017766036880857428,0.001516406436167017,0.0012480729024559878,-0.008072341508750469,0.0065133731945934414,0.16964826818593792,-0.21248713934642183,-0.002323648205219797,0.0010171467564532577,-0.00030208140162812924,0.005104591947656445,-0.03965257609524997,0.22468188528455357,-0.0026746421316374835,0.003795580855694425,-0.0012764116709149675,0.006468947749453946,-0.0008020636660148739,0.007189544861603281,0.004768431301727105,-0.004415158216261261,-0.005169992635273957,-0.006392318987764156,0.0031424985533021754,0.008531952131306753,-0.00662041110467726,-0.005828714941799262,0.003314262714980032,-0.004276267034583725,0.015880443073683637,0.029745129796538095,-0.031367053354415475,0.007317738950177954,-0.0014190320121088007,-0.08679352204399038,0.005073793826568362,-0.0075720998797805805,0.06833824937797317,0.0023002229039548183,0.03430693258087558,-0.009172088288323721,-0.0024212575734736674,-1.312462154601235e-5,-0.004265662110810808,0.1103623578578663,-0.008964298901219081,-0.00023388670388158062,-0.007341490837433184,-0.004136604047232595,-0.15505836613283464,-0.002365456597431148,-0.0015229729824568494,-0.00023848067598919442,0.024750024599825338,0.0029675739533558954,0.005942962765402626,-0.013635176473826505,-0.0014007941313138872,0.09699014732001388,-0.12208079412133088,2.399950562903541e-5,0.15501199163259116,0.18367950830702284,-0.01164852428200902,0.006162888514154474,0.005259638416191592,0.030591583651585097,0.007631785639148347,0.0037616860330866864,0.009364374244114515,0.011210695386125735,-0.0023843498138376162,0.003943587758385547,-0.006988800359522429,-0.006207013803077643,0.001849683100317634,-0.003917341326086898,0.001429750402053287,-0.02937212495191943,0.008769119207499898,0.005136901111256975,-0.0063604513738937385,-0.0074639006766119564,0.009088858954584111,0.0015773308377333706,0.0013890024204101792,-0.011097575624830824,-0.02849012628212222,0.004965648103507192,0.004969542556864326,0.002571538723231015,0.001134776341586985,-0.00797412335896297,0.007386661342934531,-0.014303043292670736,-0.001394088261122306,0.010612632347147155,0.0032589342740720895,-0.0019759546713373766,-0.005087951451969275,-0.014641424505271061,-0.022054453645125704,0.047397148218209395,0.0010844559055840364,0.008278190784039907,0.0019439285895259673,0.004196096100145041,0.0018844019530206424,0.0007466240147095959,0.0051803745300276205,-0.000594405968627143,0.0040983876911013795,0.005404666614140297,0.0009584383526544116,0.00338857421877492,-0.0014150321039778646,-0.0009086107265829924,0.035672641314661746,-0.013474756285859257,-0.0013112908926586897,0.0006324111211597483,-0.0035197686070205236,-0.0061681279244112375,-0.006459821184080283,0.006756257314464165,0.004702346917042632,-0.0029190657953677146,0.0288549492772745,0.010260736872965026,-0.0001897661178418275,0.002444088983338588,-0.0008892017326616042,-0.0012280190398996638,-0.00197913944452921,0.005315703577707609,-0.015702604698390132,0.004364616945167654,-0.0024320068746419565,0.012999961398350024,0.009733611062856085,0.0011798891118814936,0.002909394664584397,-0.005117378173508769,0.0009358608031106996,0.008013742465436735,-0.01175174110358057,0.012702957268857062,0.003344022145938652,-0.006926489882104647,0.004077089109614462,-2.1771113551949384e-5,0.0018130235148987595,0.0027082219278895536,-0.01499835301569874,-0.007054241696380359,-0.00273065252804372,-0.03451637836133159,0.01266707493505237,0.0008541002933384334,0.001167076620959051,0.018165064787353913,-0.0025815894243805815,0.0009267000118313717,0.0045709211513867976,0.022525305333601864,-0.007903039973797377,-0.004605762661071822,-0.0017468824611626133,0.00722485165897524,0.004030329127203913,-0.003262289319309275,2.551011134954706e-5,-0.004280804210281985,0.000352666702156057,-0.004875650470467008,-0.00016630434322451038,0.055690435272936156,-0.0025074218806366844,-0.00022078886797771702,-0.0009775272928891354,-0.0005168849774008777,0.0009004205035125779,-0.00031113747809285996,0.01603983911945761,0.0071964973576541524,-0.006326073336140325,-0.004351415034022921,-0.0009495694885970352,0.006135430732228997,-0.022358537537911616,-0.002775630520716277,0.016195709430576244,-0.011719598603121995,0.010539665402575338,-0.01868367813972327,0.0048008975615907445,-0.005222882198268053,0.014403369804767863,-0.00010178880165767623,-0.03485531589819857,0.012833877989919529,0.0075281322715454735,0.0013376333097312454,0.0006114589565981987,-8.394904830311134e-5,-0.014403346429730846,0.0036135283395424267,0.012277982129489828,0.00985568470423459,-0.006770410443550645,0.00717647416090017,-0.04328860105647436,-0.00636924431398711,0.0007269069333233347,0.0018509691598183053,-0.02037203226927886,0.004697249890114108,-0.01346354284271456,0.0043520334276081485,0.00218771321397071,-0.0014241335155702473,0.0004992755611965549,0.0024284283545057406,0.005620052333824788,-0.00583692343985831,-0.0001837904960666492,0.006791375715920367,-0.0004549328683083331,0.038010681557352655,0.008475441345126455,0.0008732360265639727,0.004575767796495711,0.007869608036173759,-0.0032779720349935815,0.0031583734116793494,-0.002783255033520504,0.013125653807264825,-0.04468254052540033,-0.010157561120234249,0.005338870704576948,0.0013260219568564935,-0.0010540278050257257,0.013034417042945279,0.0010184134794144484,0.017469532360792073,0.0008983454897588672,0.0025387907251115394,-0.014627892242174312,-0.002022234481501073,-0.004221106232080274,0.00012741269449634274,0.0018056123158203263,-0.0017344582100804473,-0.06622669910848344,0.0057603883415140444,-3.692291784318513e-5,0.0031208337083299398,-0.004400071253485294,0.003858973886053718,0.002264860949253489,-0.003572064842501277,-0.0016873923335083418,0.017325699351204094,-0.005966741136262499,-0.011338609071572137,-0.0015595597503761383,0.010490599936929357,-0.000571133321045636,-0.01301484805662767,-0.0037137568951948197,-0.0015045922075387352,0.0023170081472017046,0.006144376969132281,0.013671964828319005,0.010773103491374059,0.0022789895048447306,-0.00698637140703795,0.0010015738958486509,-0.0010433856977556388,-0.004681463949737008,0.004088672446414421,-0.033144237122996856,0.0006020472868613069,0.0005572471139316804,0.0007875757144120143,-0.005052062367667531,0.013705128664312838,-0.00073447903878332,-0.004716071483926498,0.003092020360782044,-0.013050530310465547,-0.005317041900980257,0.005723647672311927,0.007826716981298887,0.003992579630335058,0.005033797845598542,-0.0009258064346795436,0.005367069471731156,0.0016942364291878675,0.006866592213441436,-0.011700907833755991,-0.03369077828756417,-0.0003292267285814887,-0.0066063122167179245,0.0176884312159018,0.00289894882871522,-0.0009500737242547075,0.00012883454064649413,-0.008335044251452928,0.0012712626361519597,-0.008041544548291313,-0.001457314104982288,0.005566408350546226,-0.01594583051007703,0.010009467110648984,0.005782615977636851,0.001363669059401218,-0.016261437652701716,-0.0301498007219152,-0.004759709721042782,-0.019099312735534113,-0.0013258599092296208,-0.0067298788973744195,-0.026941778348600565,-0.0015731197474906367,0.0033190847511832544,0.01780843841152091,-0.0036866146722331905,-0.0064354208880104125,-0.003836862262573959,0.04002549116893306,-0.0029409409903564665,-0.0011721733135345858,-0.00037165890898904763,-0.0030774721430759655,0.0025969554782818705,-0.00699790097019104,-0.005145792705661734,0.010429623043819447,-0.039027022488767216,0.013371211123640592,-0.011279259164155064,0.02560628160563283,-0.011123534191028739,-0.0057265786678044606,0.0032799459504531114,0.0016038520681149748,0.002252492338925549,0.005559169595017011,0.0009412977357214913,-0.007925399388341248,-0.0023331586347126176,0.008450657073069578,0.00016639490354464215,-0.0161143387026641,0.02462567803740967,-0.0012899947456617156,0.010835806505838264,0.003532168828229487,0.0012956616674273391,-0.002077203702242514,0.00645954257026915,0.0028534144046261645,0.01570757908143605,0.006384570214777341,-0.004348282063347142,0.012443170361677858,0.006634232200781298,-0.0075349521752059445,0.058366274471723045,-0.006255167642621018,0.0238584575989762,0.009560191575360477,-0.0022924769273231504,-0.0017433089107043998,0.0010305098667231505,0.0066577239455227755,0.0034675492963174293,0.00967020833695642,0.013028335697299553,0.0007430626531004236,4.233442814438604e-5,-0.005846909944011713,-0.0009911146189267583,-0.00021891511403282493,-0.0013293801403051475,0.0062488541825302946,0.005038949715924446,-0.006483004123651881,-0.01732546548191749,-0.001115801076821299,-0.002875256746165178,0.002627468360515195,0.0019832645007511474,0.06392912959108799,0.008465079671168496,-0.01072719189437521,0.0023119191672549277,-0.01445356202742687,0.002334711145294932,0.0005259142441218501,0.03107992212363797,-0.014142335684653062,0.0017021387599243099,0.004391645385680931,-0.016708793761381457,-0.022171471020556055,-0.003327629640352825,0.0035972017826679803,0.0033200220556182103,-0.002635340888673454,-0.002454125934491458,0.01179919759601944,-0.01152658561068165,-0.005641634296239317,0.0030541051357886317,-0.00014026771611952427,0.0065156777782249264,0.0023203261109188134,0.0020144980716167993,-0.007253219194581106,0.02409991408364931,0.007412423342429975,0.015116070070803289,0.0027074208194903804,-0.0008877204196755528,-0.04519190919018001,-0.01773509562463005,0.006583274602149913,0.0012014732828902197,0.003054312156450578,0.013150880533430609,0.02127580080377811,0.0013444473388517508,0.002251791624530597,-0.001516982943030598,0.042785317727890515,0.0008785761389162872,0.00478465054084154,0.009123447003048568,0.0016562570410769695,-0.0064476677416678285,0.014899838568794621,-0.00588229579898325,0.012709045544397668,-0.019922279297219347,-0.005129001737714134,0.012211587205456453,0.0011457340170828445,-0.0035594585028775327,0.06704780745832295,-0.015440460028344205,-0.007100479245309543,-0.006523204291625007,0.0003308270720623341,-0.0015464143027656974,-0.0033179971953813947,-0.002290826542207469,-0.0004886994341859463,0.07116960318489873,0.0005131823777446698,-0.002725179790445509,0.00524653353386384,0.012129161510983977,0.004746313823034143,-0.03015017423615518,-0.0015693301068040455,-0.007854860004172792,0.005590648477777904,-0.01657264186746943,-0.003951815801315206,-0.005114138703049775,0.0036289409936216543,-0.0027899088330514132,-0.005272176622383995,-0.0037807616458849225,0.0010890128953633393,0.004094868089396186,0.09918206627133941,0.004895981301615393,0.00492330212887282,-0.001073747621376242,-0.000778277461563448,0.0035781865444164396,0.0002576237566245254,-0.0031658248230996833,-0.0015795339418218646,0.001956999659341818,-0.02461856950822039,-0.012377758572114317,0.02242838129404845,-0.011375328730537149,0.0016296243093165685,0.007970048442643929,0.040381540384260006,0.007112703257462272,0.002705213020590236,-0.025237776521407795,-0.019004571027380734,0.0014629105162384803,0.01320709929456143,0.0059584215780432714,-0.015912585768546705,-0.019110052026121593,0.006088227310613092,0.015585218426622305,0.0040507947483661155,0.02491679288505111,0.006519389099423734,0.0006388162856936219,-0.003287197539521003,0.01550290144587052,-0.04760473045564595,0.00947308655611323,0.0054290817574838,-0.010760730733807122,0.012693357145963091,-0.005643676581826185,0.0007935277246815531,-0.0004956247923928458,-0.02158203717476681,0.018271468284183356,-0.0010477674163666961,0.00887955075819491,0.0062019374242936465,-0.06574601949250791,-0.008718442008785132,-0.0013038216330869545,-0.018342931748094315,0.012329114866929558,-0.014935342723219946,0.004084029653824928,0.009323870002390322,0.027280517378017066,-0.0019628902641102286,-0.00029264220381719497,0.0013192514618367568,-0.0005193623603645392,0.003812331830658877,-0.010607751402858412,-0.00567778280208131,-0.0025882219262598483,-0.015059240430673526,0.008538413574342485,0.004564789388950885,0.0006374732861331722,0.0006438283094212238,0.005715804107467193,0.014187506490088708,-0.0070058129743983955,-0.005192722928391902,-0.005454260104215791,0.0003691322337999736,-0.0038953009998294874,0.002503003313222507,-0.004849814955013798,0.000210764227205118,-0.001772774772689445,-0.0027958060528590067,0.0022943962496810855,0.007374417787559651,-0.012243335035236669,0.0022025843400115264,-0.0045396938285193755,-0.00611234862526544,-0.06169616589841098,0.00028992583065701183,0.006122638518434087,-0.0018365226387686562,-0.0005521253119695757,-0.00845893255836927,0.012720366190251298,-0.006896614207107632,-0.011628527630819008,0.0038565688500966644,-0.02220310456959851,0.059382295538853214,0.002972967115283609,-0.0066591651248018024,0.030201449344531284,0.007619349572962619,-0.012146670524998626,0.008433953187704901,0.010590854572910757,-0.011006667260318181,0.0018048023428036686,-0.011268286630183866,-0.003918638927643769,0.0002180340832467209,0.00892340119619206,-0.0011196230534551432,-0.00552849830728519,-0.0033629276535975805,-0.00032535800391997327,0.00042608863122950424,0.007683349493618152,-0.02737632808930357,0.007684419904535389,-0.009574268667563501,-0.008071602165273362,0.0009406235716369338,-0.05998166109225167,-0.0011230910974120434,-0.006667181378816167,-0.001693128052238535,0.0021719673352436075,0.006591416485889567,0.012267765677279385,0.008673723401898314,0.004564239534033732,-0.004782175506989006,0.00876475312750813,0.002077716012401254,0.006840308511527837,-0.0076021614706291984,0.006257825331886124,0.003658116833321401,0.020035003165730814,-0.0016839822204701704,6.614331152832165e-5,-0.0026239485125643114,0.002528537477928694,0.00278109423203432,-0.0018640248226802214,-0.0013192207002248324,0.007989582142499785,-0.011467710249689844,-0.018226010238947765,-0.0010270302000208176,-8.555172485102958e-5,0.0026782307749044776,-0.0020738750079942747,-0.015524833801691784,-0.0015719028136800262,0.008637970622658031,-0.00634688394825389,-0.001686124507614295,0.0007073685908949301,0.01589391987545241,-0.012143536346229666,-0.0017898768337545334,0.008104652818701652,-0.005329121751628918,-0.03221345953625132,8.360516468997048e-5,-0.016925767793054547,-0.0017234097000482507,-0.024414544101944102,0.008594090718929692,-0.01157796121615462,0.02579140049169837,0.014413486352736982,-0.001216475934811001,0.003674647994358793,-0.014669888277524024,-0.007281353315690353,0.04559292011845173,0.005514211246463674,-0.0003505727164565542,-0.01930770218359612,-0.0003030855011729727,-0.015372048937706495,-0.00451258762177531,-0.002127632814946878,-0.011689990032209607,0.009188469673972577,-0.0005917734113722872,-0.0018874882971431362,-0.008803617578209355,0.003946956529944146,0.0034966266347282726,0.04455753856325373,-0.0007940831759754019,-0.00809411595741949,-0.0026504370507609565,-0.0019706846092617525,0.0025006270100220718,-0.00569802433238209,-0.0033716428606567206,0.0021584075579994533,-0.0015290960836864542,0.0007824373672065121,-0.0015974920997905429,0.0038729298476027907,0.0019568166972021572,0.0005555953641760425,-0.0015022436141407525,-0.004888054090372407,-0.007712041772492739,0.0040588990904097955,-0.017889456224565947,-0.00016044022157757354,0.0009768016425368842,0.013031517773015366,0.009471268811239497,0.0035823155869820766,-0.0059610330918076215,-0.001410042725723315,-0.00324602764158044,0.004598442248379797,-0.0016376848606114436,-0.006189970108380294,0.02353452116403787,0.006861179115105642,0.008757625621001353,-0.003230633608040989,0.014304977635674732,-0.003918596811843145,0.0034031167383545835,-0.0022368794494980193,-0.004699688405480629,0.002984026195917977,-0.007892730685860272,-0.001045799016537785,0.003162066201639391,0.005282958749049271,0.003841805624006156,0.0015495256043323025,-0.015808382752766192,-0.00646504261624159,-0.0018113371565959824,0.0010345694612396983,-0.004569736632674903,-0.0031808844310887707,0.0014835932408914232,-0.022653499111584097,-0.0047033786220254115,0.006650129023000773,0.005144301137605112,0.013251742918100717,-0.006380777066169685,-0.010688191684494086,0.016184887084591537,0.0033952038859297318,0.0008686389384706672,-0.0029554404892451203,0.003594891686475421,0.0026192631542016898,0.005532767350928225,0.0055534846333102905,-0.0020444126373604377,-0.0013120437771476645,0.0032382340430103795,0.0025310769767656893,0.003448061771223365,-0.007694092025076316,0.0030719973873551965,-0.008025878586693125,0.003045611375284807,0.003872011216003557,-0.01728463585186546,0.032515054454052006,-0.002757154849973631,0.0039733314489467375,0.005446615300570556,0.0052088381389694405,-0.0025100722273521114,0.0013777441127444945,0.003964027724123298,-0.0009073199478280003,4.6964564944573794e-5,-0.01510118944270289,0.012216115615956369,0.0038057012561694137,8.569568365146552e-5,0.0027891282318250887,-0.008114551830090022,0.0005853773154740338,-0.006501067643512215,0.005880984586156046,-0.0009359841783407319,0.004038142785475429,-0.0030867489915635815,0.0035668146155103386,0.006210070325622041,-0.047635766836719995,-0.012948730747211812,0.008838323390818914,-0.006691684030556644,-0.003753908737508027,-0.0059084088620693365,-0.0006334741869977734,-0.014112767542428628,0.010645184832696941,0.004911843743286681,-0.017122715695222723,0.0597748427895155,0.06345381043695397,-0.007590857100353787,0.007554672648666383,0.001135123195695087,-0.005985053594940837,-0.008948374509145651,-0.0031323828676725896,0.0021694024596854433,-0.002386535817549884,0.017844002664787695,-0.0082090777449082,-0.017361217092457082,-0.0207816507090115,0.004267077923941542,-0.002539469176952025,-0.005835546686853377,0.0023487360726903717,-0.0027211829847715308,-0.003123548131043208,-0.005765392216744658,0.004393714242837632,-0.0008981624198440841,-0.010043116814895114,-0.0015209853056603606,-0.009003069292703003,-0.0005333463465220234,-0.0024774232834943177,-0.014258143414735969,-0.0009507445787448887,-0.0020383534240409062,-0.006247880292221453,-0.0018101829606393949,0.0002922279483072998,0.010090255370300838,0.007802052720535357,0.09128349592938889,-0.025356816262842585,0.0017133825865585095,-0.019185169407137437,0.009683727610962478,-0.005181542857599197,0.0049020912909440995,0.0030801312218500243,-0.009846700109129358,0.00023217426877408798,-0.022460715505076223,-0.013131121861476913,0.05983504992559574,0.005455484850472203,-0.00511067995965675,0.02171989626208415,0.003939285569686035,-0.0046465467344205535,-0.00915920659178937,0.03368986580267119,0.007397002345442161,-0.0010972988620778779,0.0010300914482286316,0.00252095461087265,0.019587941076451898,-0.020519521723372236,-0.01104049757032044,-0.02782322455641406,-0.001174420968254708,0.01827214569050284,0.00039197703252114025,0.0031520511654434813,-0.0012886947873766985,0.004901804780729435,0.00938391263758831,0.0003545846149393128,0.0010386499513970193,-0.0072498421381510525,0.00012198999976931191,-0.006821089407822001,0.002254224776223168,-0.001747494415667461,0.0067972471078974195,-0.002014899143432558,-0.005526433036720846,-0.003354296198153861,0.005639435164994211,0.007713382569590976,-0.008214644111376401,-0.005629146526871409,-0.0026459607579454314,0.031178947246644384,-0.016222708918860462,0.05089106800676291,0.0014125400215334594,0.004650562894084942,-0.0011242872028560669,0.014130001136891224,0.05332614906978961,0.014682737501743759,0.008994347637326428,-0.0017108734164139605,-0.015544378983349816,-0.007218887009457831,0.008345171636392479,0.007319814228651467,-0.005206977630905385,0.006395481069830566,0.012370537810056703,-0.013098924568112125,0.007677645053263404,0.006502637619121288,0.008123327764224086,0.006747253278831522,-0.004297202943917,-0.010999075277936754,0.006002489293905455,0.015052323326926853,0.014666250633240452,-0.0017813796506374047,0.0013684083119187562,0.003177070304445806,0.003956977871894196,-0.002867765608471018,0.0014568493858746479,-0.001716856143275436,-0.10590112506974947,-0.007137935937748807,-0.004901671044081013,0.005686234814447744,-0.004913813779012344,0.0010206714439391362,0.001865599220536751,-0.0005536612933383367,-0.0004058828108099988,-0.005659004443238302,0.00508103880906674,-0.017305765256878658,-0.00394092337614893,0.0029857004815312393,0.006069740754810482,0.001837061479818658,-0.012177039636412701,0.000770966169095999,-0.004309088280649576,-0.007869119943279657,0.020418018340706112,-0.031457929438374777,-0.04328591771900392,0.011170941253794808,0.0747225295131102,0.007373183357685775,-0.006801020392686041,-0.011603915773548579,-0.011929706200930923,-0.005216191024828731,-0.01344957230548971,-0.01618645469807234,0.004594073892320694,0.02092401135223554,0.0020186487624869187,-0.043393408255269605,0.027067109781455656,0.0018770223377941875,0.008814975410416537,-0.008277163163768364,-0.005654163218423491,0.002119779601933658,0.0004229619692068809,-2.3403496697937953e-5,-0.0020360827602416975,-0.018710847250986262,-0.002551534464771521,0.0025615454469516408,0.02575217719925149,-0.002081142206407094,-0.010284426707698913,0.0728718262561614,-0.011572626323868462,-0.0134710286729387,0.0013376991930726945,-0.008550680227244811,0.009210833692122833,0.0017746396947586618,0.008651866528907703,0.002021066333327326,-0.024909349364861555,-0.00247480080730611,0.005404722325124567,-0.003898859440596425,0.008680709861586422,0.006277803296370621,0.001960740218692081,0.008268323955917367,-0.010347568252882411,0.0006635510364958463,-0.005497764321525267,-0.003064952207296301,0.001181898592676589,-0.007338798262026103,0.0022127455222289427,-0.0019549892399481905,-0.016041319671671772,-0.0010701184660319996,-0.0073195203735849645,-0.010938177158834606,0.0003500250533079452,0.0010280960382260673,-0.0019916156574595334,-0.005258507592316164,0.022062617773485727,-0.0012142023481374054,0.001402566305387154,0.00029826607897120994,0.009016143409780852,0.01772353664102866,-0.0076199993341106165,-0.007529808485287504,0.013482003169883683,-0.00764624855673901,0.007346435450244826,0.02384833671942488,0.01149920413899963,-0.0052483257077255985,-0.0032740716835633066,-0.010017210711254165,-0.001480693631037866,0.014863410194948301,0.006022579482532819,-0.007188699287780764,-0.0016759392125607064,-0.002883527234757821,0.024382847368656257,-0.0030082100247454946,-0.004387131930457144,-0.00201593601013883,-0.010510641626297001,0.02631081876211283,-0.06570610176800074,0.005950280498836946,-0.004474218873838254,-0.016841968360381543,0.009574261846182708,0.011981792532878899,0.0027034930105571675,0.005472041815664852,0.010741034990132903,-0.05301635640692837,-0.0044399665626997376,-0.016034936377764097,-0.0007391517808059689,0.0003780303160283438,-0.02460395020239048,-0.0015764403981393116,-0.0041310588526357606,0.004112041810685696,0.0032235760529601976,0.017780226613467676,0.002007343118590521,0.00871931018673422,0.0025134131822710515,0.006887130826271459,-0.0048997583900245445,-0.0012559662193325494,0.0022707438106692734,0.0009999520643759752,0.012129200964295705,0.001298169752544709,0.0004768699918713537,-0.015456970025297778,-0.007574473524755376,0.01685072879990912,-0.00407002460883632,-0.0028686629871117475,0.004974388198206725,-0.007776120744210857,0.0027691710774888634,0.009272031183172658,0.0007319040763391627,0.004406422002375621,0.020824746677931216,0.01954557175906757,-0.0007590610025545175,0.005997242912918921,0.0026100040586243267,-0.018688467256652075,-0.006782713194411372,0.05647386761722828,-0.0046326482897711685,-0.0011408580126044399,0.005304764827997133,0.0445176624771193,-0.00571977688628067,0.001593248684343962,0.005764074990224799,0.05614346354082045,-0.0031783397801063984,-0.004575699055521909,0.0008731988018553238,0.007938730286468854,-0.00034935980329464655,0.007603028684798119,0.006543100118506118,0.002072708524792688,-0.015201819876324407,0.006231820590983261,-0.009832264531951296,-0.002488591178007482,0.091666496742846,0.0031391710764410163,-0.006459231117787567,-0.001909072082597163,0.01210151413533822,0.0044752907720067014,0.04335572247919117,-0.008388904232106142,0.005611291466266266,0.004402059876383646,-0.01257515734286585,0.01090764714854231,-0.014507218831568025,0.005007501175057882,-0.015693714128531155,0.0006318467463870547,0.002851089226169279,0.010472251298779156,-0.031912119926445826,0.001652674507113261,0.004335222201206079,-0.011478562141292059,-0.0039420598550350405,-0.007564900094740423,0.010934073855423776,-0.003763547830544667,0.0016595928860851927,-0.0027319546163653285,-0.002627244817404062,-0.006508326301627676,0.00383619059425655,0.000265428845864335,-0.0009444302223755585,0.02418410575182861,0.0010054950940485696,-0.07012525764162092,0.007973054091507947,0.014356782707181992,0.0011528020643254422,-0.016910434437932054,0.00689981441269083,-0.0007245696888134034,0.002095679392311922,0.008822061200135067,0.006595711089175893,0.004933591101234924,0.0015180592449723918,-0.007454467414845567,0.0001301564469144978,-0.012361114942251561,-0.008099657113689318,0.05036958369981903,-0.012494839835042626,-0.010136785000213422,-0.0036808162030297353,0.004064809050760232,0.0036036748057881596,-0.005712232780751947,-0.007459031585852927,-0.008007984621144715,-0.00013709531015138054,0.0005408805211573053,3.1241620490618516e-5,0.0023771929561462457,-0.004640480831398008,0.00042348583855300603,-0.002250586846258784,-0.0011203750242287924,0.011134499058698566,0.005888340813953619,0.00838241256656147,-0.0022987709322705996,0.000341430254138686,0.0014439166020565608,0.004121664978470108,-0.0036417789733604877,0.012547924930004228,-0.0013505757715392974,0.005762605591485226,-0.013379750306143023,-0.008268482318726456,0.01882964586786784,0.03467669606925483,-0.0049861814262612825,-0.001675565561527037,0.015404045424702417,-0.004204245616307389,0.0033080394737226015,-0.004559844382583833,-0.0008693176121141732,-0.006643790119142068,-0.005154268204933032,0.007600220638551036,0.0019140609247756402,-0.021206894983606617,0.0037903275369899347,-0.00203507913647627,0.0049424910532707145,0.004266651465172799,0.011967564556471189,0.005577243545303645,0.005113313648962503,-0.00243502809905749,0.009985761551973837,-0.008716885247451955,-0.0020363359475936704,-0.02849486405659718,-0.02373668895324954,-0.008492220203038414,0.0007325361361552041,-0.004643314798443043,0.006540685822187697,0.005073681938711161,-0.00297470646205511,0.008933615632031433,-0.005422083319899684,-0.007298501143850444,-0.002219513823149555,0.0008914739410670336,0.009900179052237945,-0.005268123478117559,-0.0004305015550016833,-0.003600242791890196,0.0032433669128693055,-0.025350423554982626,0.0032497851232164976,0.00885259092274282,0.0014490260148249945,-0.0474631885075496,-0.0066247192804667066,-0.0006405822773558612,0.002658227661299861,-0.004699611153228034,-0.010739686147189786,-0.003089527610654841,0.0009587319258343996,-0.002011217548499644,0.002943618570839135,-0.0012695212863036431,-0.04228559677147814,0.004826848718948895,-0.002036493839113973,0.04123986963281823,6.82249165038229e-5,-0.009878526756764927,-0.004478076665463959,-0.0032652069001075645,-0.002616056142414891,0.0037385054101832793,0.03200221273482384,-0.0020560596815357712,-0.00744291977798639,-0.010760114009883637,-0.008106138277355512,0.01306080384301822,-0.005083934841422888,-0.0034547324485174613,-0.012924983342600171,-0.010464993985124238,0.0027904037308417173,-0.014415463150953656,0.011126274412958992,-0.0023757580675010104,0.003602196092288068,0.008010497710756681,0.005113411384627398,-0.017720481228025164,0.0059902813165990665,-0.009189751653138956,-0.0003099268167261471,-0.0014976385376712642,-0.0017576274364898836,-2.664747020020286e-5,-0.0026274388592355535,0.004238559024543065,0.016723624624091826,-0.0012652350226289855,-0.0001950281357494532,-0.003132629390222519,0.002676337694083486,-0.0008717388061683096,0.005767129582636699,-0.0011664594599096745,-0.009360291018310818,-3.5766915971180424e-6,0.0029331832220123033,0.013164101764232328,-0.00401988814599008,-0.005776672956017137,0.0937913826318777,0.009102489361481503,-0.0024845873037975252,-0.0008546847623875919,0.08309106183833137,0.0023652139142598116,0.0023788090566085884,0.011365023307462252,0.009974988595331524,-0.014099908567004604,0.015772725228544004,-0.00580507767722338,-0.006649527838590075,0.0015917998605345929,-0.005357602326853339,-0.0006742266130004282,0.006053890993143796,-0.005283429094333769,0.005102567871404062,-0.0029116727425844147,0.004946640778598521,-0.004409523980029917,-0.013300708146289253,-0.014590555256290827,-0.006425496633255534,-0.015441543499036925,-0.001930342336834201,0.0009398012033443592,0.0061533205384876055,0.02581012697339702,8.358383752238296e-5,0.013671517683860657,-0.004084273295916319,0.002803081050046785,0.0022928929487022742,0.0019967466281514135,-0.006229137602758783,0.0010386784315272735,-0.05342818725193865,0.0011324605857225833,-0.007576861544876579,-0.00816982757896767,0.001441887226064864,0.014532289127373588,0.003415920677525719,0.0006084111542605797,0.009527820039266999,0.010685949485264246,-0.0005376665538960879,-0.0075476504691778246,0.003507916093667518,0.0038490486581963523,0.017911545340666635,0.009789022632766375,0.000704755862670936,-0.010163754502684696,0.0034212269090403424,-0.008089111018080075,0.001814489196476643,0.007791560041368939,0.012864559498211747,-0.006073021596535,0.005286194373042008,0.018955733723487356,-0.013908363708878824,-0.011252582426095614,0.006106124975076455,-0.02017441562975364,-0.008394821333467917,-0.0049959630248395115,0.007698267668274639,-0.034978774905653154,0.00030394449595405604,0.011232537088289973,-0.005292857853419264,-0.005973673419020997,-0.00444827731382702,0.020052246295563236,-0.012104477151183346,0.014274437396011308,-0.02042645788151276,-0.005141907334973439,0.002748194840933138,0.018588944438420185,0.020783240317996388,-0.006557612943652202,-0.007119016504930187,0.007881405391515273,-0.028246420208347445,-0.005079682390260132,0.009200742807934148,-0.005900601925759474,0.043815189042106795,-0.0008618367069175292,-0.002298921993883596,0.00565457222819532,0.0044270678660041085,0.001918687498118743,-0.009294888242607158,0.004471615695365472,0.005978604643814833,-0.005057496429799357,0.0038744098901588586,-0.004659015878587525,-0.005345312522877066,0.003310010369432348,-0.028194999085826566,-0.005726201302536538,-0.0037275730451256095,-0.003963514236641874,-0.011968794368272029,-0.0011998782822502108,0.025452659962130753,0.010210010695288929,-0.006589858301595086,0.05085321359160844,0.0011698081575559627,0.01862589447591745,-0.0012620680807913232,-0.011579337398302414,0.006375508243763761,0.0005598829211521661,0.029649111731259836,0.002171147235458193,0.008969988688477315,0.009750143777409903,-0.005289248980261618,-0.01597361462927438,0.003395206501636494,-0.00039131727885433065,-0.002080222683161992,0.003801808052855904,0.007524180947768855,-0.0025181198723203124,0.0035282470662423293,-0.0172757181878751,-0.002307322889180341,0.0004681953831777719,0.0018590058095924178,0.03550747337203575,-0.0008506351322807859,0.011779706870356677,0.002720855101415509,-0.0016367851275163048,0.006777256131044851,0.045352092830626134,-0.00015484322602077327,0.0001020029094433994,-0.0019164735875278893,0.011346001066158351,-0.0009005069748582173,0.006570669977691068,0.0010193112834713247,0.005531440618028682,-0.013193945294233345,-0.002568244048688939,-0.0013733065679844003,-0.0001968877593299112,0.0014585415173939964,0.0017535867390279236,0.0033776807681533683,0.00027854865186327515,-0.030848292239170405,0.009526253951207764,0.0022651876929558057,-0.0003674494787446747,0.007778867748129414,-0.00934862374469958,0.003806918551731542,-0.009882119400060674,-0.006941496024865046,-0.006407872707768547,0.012258821247087326,0.0025975709291969906,0.004788994568805549,0.013886993213588994,-0.00902908986518014,0.005316119318877099,0.009222228528955156,-0.014250120742815398,-0.014047235171574357,0.005327309148697168,0.04970926547707677,-0.003908299325644293,-0.007588363584545732,-0.0050219592838232074,-0.002627211538310803,0.001076217119134526,0.026617560928571038,0.0010769059706490225,0.0005977188857286819,0.002851280715390203,0.005193178118389596,-0.0025163842027495775,0.013301081971803796,0.007972705160398164,0.011508776947266597,-0.005443111139697976,7.755503929729457e-5,-0.018205466209963106,-0.0016173630438061082,0.010303528749659563,-0.0005884155511921563,-0.0013821723050568835,0.02144777039393375,0.001447533325290351,0.0022112551327495567,-0.009619651096272719,-0.014849706491077086,-0.019852665859176,0.002936064325069765,0.0010732499725918387,0.0005779473258851198,0.0014627301391794134,0.004818058471187214,-0.00700104452494088,0.023661641386752308,0.0003441160936290544,0.003714623685937113,0.021555976084073336,0.005446053035598197,0.0011440156355320141,-0.0018703103905863827,-0.00042724205005861826,-0.0009084938635623985,0.009129764707154209,0.0038915818346367814,0.006604464462043325,-0.0024616671341846086,-0.00038476364034067956,-0.006681664726329473,-0.009768414063785258,-0.007079985391101218,-0.006648575734459428,0.006088708175411739,0.0024128105978888925,0.00022156979116516595,0.010794699872860747,0.008171183414560801,0.0025400429263982005,0.08305178675686875,0.0009506621692807471,0.002591475722567793,-0.02039864538164693,0.004574732165508522,0.00209379543855448,-0.0040004350911431175,0.0076431481495546905,-0.01264578721489329,-0.0005618489883083555,-0.000414081359622287,0.0006140980274267349,0.004025126551937319,0.004444520685879638,-0.004837856759877468,0.050217267565130896,-0.0023424641140081803,0.03969414803850668,0.008339924192569015,-0.0016707346949260682,-0.004264179060419537,0.023480970712171256,0.008836031394366728,-0.001035197205737859,-0.00015530848713751766,-0.016509132272631177,0.0042882257007477165,0.003154447011979755,0.00020913148034651385,-0.0016891140771804203,0.008220086984465524,-0.002479829165395131,0.0022498886255561956,0.005079441869384027,-0.002623964292524761,0.004485345902651261,-0.03843864060127089,0.00027665094773965393,-0.004025235649891101,-0.0030187410216058197,-0.011942530022224673,-0.053041975593032475,0.006458061438934237,0.027848933771338125,0.016478585680715696,-0.008014859013201203,-0.017382996575179277,-0.017032335276894628,0.0015963870665700597,-0.008716977125004632,-0.0104651421837616,-0.0003355347723754676,-0.0244890541988525,0.024808840939897436,-0.012783834589072285,0.005513691636096496,0.011271798505731567,0.005613452268903529,0.009059244734544336,0.008452625427480598,0.00410999711994009,0.011750079758598986,-0.012975309460330209,0.002126450672676583,-0.004484670201634344,-0.005248153394447286,0.0020589033379110333,-0.0008488696887525293,0.0017002399526973022,-0.02019220999591198,0.010004183456203464,-0.0020183753223363965,-0.011692490531459043,0.005861377625251407,0.035191330696761725,0.0028468809921378124,0.0021473287010849162,-0.0035112908044538926,-0.0019025956377163311,-0.008837838621047922,0.003096330862490504,-0.044755303763395204,0.013429102278223581,0.0016435408128359086,-0.028456424855903606,-0.013087325005699313,-0.014400103654111263,0.004662247744477099,0.031093857417545223,-0.006249620741300532,-0.015653643623139146,-0.030990434319477345,0.004684786334564706,-0.00044974147704124334,-0.0084469024328655,0.0008976078979685553,-0.009526875420306169,-0.009805595859234018,0.004020978059543268,0.06961005911534812,-9.495397954584206e-7,-0.002902364536339519,-0.00017284381147675276,1.6877279767894718e-9,-5.3632433302031046e-5,-0.003385972429668982,-2.039988448609975e-6,-0.0033256073461416236,-9.785983024812595e-5,5.034223560240747e-8,5.738734145943614e-7,-1.5398417507306306e-5,4.587182862031414e-8,1.2616894118008815e-8,1.2761440894237808e-5,-0.03783616342479945,-1.924621890747602e-6,-1.4397120294551424e-8,-0.003492986104447482,3.0149590966033202e-5,-0.00023519892290124744,-2.8677683303612866e-6,2.265242231430653e-7,0.0001377996135261128,-3.4237838902537177e-8,8.162889310270316e-5,0.002920734428698779,-3.519698765774848e-5,3.545605477839331e-5,1.6779505955803915e-10,5.976101818738755e-6,0.0005073675743005879,-0.0013122487089276547,-1.5442905716867017e-5,2.349192433026559e-6,-0.00042547296837369686,-4.134189727444948e-6,0.0007167940998442646,1.6905408861123128e-6,1.494567114734835e-6,-4.055900638455512e-6,7.994483766537996e-6,-3.368343075038638e-5,-9.054601008529062e-6,4.571966819022499e-9,-2.7801228830171e-7,8.418779666086174e-5,0.0003938670546119738,-1.1567682070001695e-6,-0.0002883410608092163,-0.032657191215548664,9.067217293656782e-8,0.0003804082571150502,8.685830001464723e-5,-0.0006941308875809682,0.00014355000336152557,-1.6764279654139097e-9,-5.8615567510855726e-8,-0.00021400865261966828,4.006577957227364e-5,0.027459095942504064,-1.5239901752117646e-5,1.5921708325372652e-7,5.9879215907443495e-5,4.140539136706332e-9,-0.003042705102416221,-3.387436734586524e-7,3.635692056929655e-10,1.3018028115485691e-5,0.03360504961165134,-4.674458662101699e-5,-1.6938839418351864e-8,1.8830923465884553e-5,3.730967578613985e-10,0.002476976564139477,-6.064045288134423e-8,-0.026078133906480616,-0.006336312875873773,0.0018465181924511853,-0.00039905228459247155,1.2076124611404282e-7,4.6894018362886314e-7,6.1948500071906665e-6,0.04186141552236222,2.5524774873275646e-5,-7.710778569033211e-9,-0.003267173640637111,3.2079587451439018e-6,2.6969383850998247e-9,-3.6495032976549546e-9,-4.100891470348866e-6,1.5414304319234795e-7,0.000244932836002576,-1.2864680044172034e-9,-9.005459656208359e-6,0.00015311323492994688,-2.059773222207184e-6,0.00042408025318252385,-0.0002960442217556647,0.011641190922091482,-3.527661704971763e-7,-0.0002620758461659989,1.4334340496802156e-6,-1.2388564982757089e-6,-9.478019218425726e-9,-0.0022979438035548583,2.1776536440754057e-7,-2.721703318991388e-10,-0.00019478792848559578,-0.00015287638228045353,1.3402746501522955e-7,-0.005525011705231009,-0.002042501930937135,-1.4920959086339725e-10,6.981133930139549e-5,8.441525755752827e-9,-0.0005563241043091693,-7.018212802023527e-5,7.512975028767244e-5,9.435799802393063e-6,-3.890673893128249e-8,-0.014760841270344827,1.5084459710438397e-6,0.002665687049727694,7.281365778100124e-7,-7.475475696239187e-7,0.00018500313916547384,1.810716163813675e-8,-0.0024269514869956765,-0.001969337839000218,3.3321454501467063e-6,3.9189880126855314e-5,0.00011788268102996824,-0.002627759538313512,2.097307481108146e-5,5.79292241675855e-8,-1.33605259109576e-7,0.04216883886692813,-9.076953587872083e-6,6.676884863054955e-8,0.18501267551982892,-0.0021878234520045226,5.811527201138311e-8,-7.503274252007586e-5,2.432760941859565e-9,2.067931232474507e-6,1.6655218558758733e-6,0.0002511267114613247,7.936320125523366e-6,6.991116768828576e-9,-0.00034354871741015813,-7.310649995373453e-7,8.039363879330796e-7,1.2355904194238931e-7,8.503779618251883e-6,-7.715771462631776e-8,-0.010666280444638687,-0.00426867864621272,1.1652886227953019e-5,-0.003711737273079052,-6.000122894929405e-6,-6.373345185807511e-9,-0.00211348415541579,9.167868858170336e-9,-5.146683235298342e-10,-7.736283250299458e-11,3.6578765940098457e-6,-3.7985349831933315e-10,-0.010215800851824497,-0.004988758357058032,-0.008969105853793735,-1.953905518548016e-6,0.0008220230658935179,-3.084512132733863e-5,0.06390907845661786,-6.589332331996545e-6,-5.443485243894486e-6,0.006603214057577134,8.797224960765959e-5,-0.0009763601258327981,3.119893562109066e-7,-1.8182661087884355e-7,0.00019809247323365753,-0.007250027885675081,-0.001727998271121578,2.9073253926537035e-6,-1.4097008598223937e-6,-4.604347403347475e-8,9.191302456912354e-7,4.851633600422289e-8,-7.533913839452566e-6,5.69271184636122e-8,1.2039663443671241e-8,-3.611022969263189e-5,-2.175376496382775e-6,3.3441699378439216e-8,4.906574925110825e-9,9.613449556411524e-6,-1.4674725806962385e-5,-0.00043325611757438764,1.8324296670286329e-9,9.906520872515756e-7,1.3962050027412076e-10,4.1878956389654505e-8,3.5529545584722655e-5,0.00692974028925164,1.858044691507854e-7,-0.007332855588174425,-5.077519979988787e-9,-2.478987842086111e-8,3.2284364823720324e-6,1.6046373305100836e-7,-2.389151277615298e-5,2.569291137483054e-9,4.912282669522483e-6,0.00015014523438594551,1.3128131592932135e-5,0.0022758511868232745,-4.4185994179102295e-5,2.532263333243634e-6,-4.33623756448398e-5,0.00011446831907591104,-7.17255212607246e-10,9.000069819187217e-5,-0.04281039100214912,-6.461588376990499e-11,7.692738139639804e-9,5.031614808803653e-6,-1.412330081877744e-9,-0.0005534720338360444,3.599844825075138e-5,0.0006594812584808096,0.0001721087383863562,4.932900914411675e-5,-1.2509061102505825e-5,-0.01863654687804228,2.0688889351028195e-5,5.456298094941303e-5,0.1304125700107761,1.2487671508409903e-5,-6.9391073442837126e-9,-0.06375644648142043,-0.010056630893814145,-1.479069091914198e-5,3.0032248085967717e-9,1.4045432912210276e-8,-8.344068871224408e-5,-0.00016335149556567785,4.025238720117841e-8,1.1224564148201027e-7,0.00014958936681352952,-2.063859007341018e-7,1.5552284391873172e-5,7.067358820042613e-8,3.717136148395639e-5,3.2492607360268266e-6,0.000285696659332757,5.394884017642654e-8,-0.004119528172793707,0.020408157910310365,-9.552812926472143e-6,-0.0034641555039343075,0.011394685011964611,-2.0944533702001167e-8,-9.963868957268973e-7,-0.0002325163735417135,-5.943419107562464e-7,-2.2810438331966054e-5,1.1277272129461835e-5,0.00070932064244289,-0.010505970092253847,-4.040378854153204e-6,6.167131900020051e-7,-1.4378676539417157e-6,-0.009146131199486263,-0.002539093261873404,-1.7665044800829754e-6,-0.0005454752855200695,0.016392789532119423,1.5949352710070697e-8,4.518688410115601e-7,0.03820101057499414,-1.7594569625245526e-5,0.0007293391339544542,-0.00020780483425397733,-0.0003476595208837807,8.159282504083265e-7,-2.357873251229714e-7,-1.4065152828014738e-8,-0.004585314807172836,5.8147350062709435e-6,-8.796841363789554e-5,1.807089463068401e-7,-2.112643838314554e-6,2.3116188536675963e-6,-0.008931427714742313,-0.0023685938170388,1.9278712801509834e-9,-0.1467723359564843,3.1484106432513e-10,-0.0009883515303954482,6.957118590111833e-7,-5.687668317877481e-6,-6.03686242027458e-10,0.0006782806445357892,2.4277678679074377e-6,-8.134979818816496e-11,-6.230736606305243e-5,0.0009984097381874335,-0.019141601379487838,5.405994285467841e-5,-0.001253865143468147,-5.0728400738941914e-6,-1.7268131070023729e-9,-0.004242173513056002,-1.011545418450055e-5,7.045455893361918e-6,-0.00047725343199545023,4.2676818211295764e-8,-9.451746547928241e-8,-0.0036414268227531466,4.4688458039843226e-5,0.03284280809748452,0.030804236247604422,-0.001755684981617378,3.1602412928731505e-8,2.3127209486162315e-5,-0.0006027547648836951,-4.958607504323975e-7,-0.01228428902277301,-6.657333464232806e-5,-0.00047881450321085595,-0.0013036535882520184,-0.0014229146511297586,-2.554697487155977e-5,4.763698578658104e-8,4.701722515321194e-5,3.949838790241744e-8,8.243928388031174e-8,-3.250433778845263e-5,-0.004757159149448853,1.0953226795784587e-5,-1.987732634489703e-5,-0.0001724907884375071,2.5802077909149734e-9,-0.001703981837692936,-2.777001699705295e-6,-0.0024741151361240554,-7.890094027906969e-6,0.02541539193043718,-0.0007551072281728466,-5.96256517575687e-10,7.929765462322269e-9,-0.011600414876738796,-3.96655942958013e-6,0.00010318536413933543,-0.004951962781319708,-1.241084024092287e-7,2.2644934621895985e-7,6.636659059117145e-9,-0.00026614881160114123,-0.0032278100254643505,2.615188100740795e-6,-1.914692052097048e-10,1.3139627427424805e-7,-7.476747940415862e-5,-7.800413591496635e-5,0.0063605173918404034,1.0093909907915588e-7,-0.014942594554668176,7.419572721723e-5,-0.020647742017899873,1.5227089003033711e-6,4.988934171556991e-6,6.814109254094092e-5,8.146652686214645e-9,-0.00026048256768262945,-0.0027610990523498913,-1.8515951316633306e-7,-4.725292513718671e-6,-8.46488469763429e-6,-2.2912448489620374e-6,6.9390465012864055e-6,5.404312956036605e-7,3.39905217519032e-5,3.182995606088035e-6,-1.2149773004205278e-6,-1.7739668259608146e-10,-0.00945670875836413,5.570358658059729e-9,0.003629331111369538,-0.00013565189269115763,-0.0016945506984029635,3.68492029792283e-8,-0.016454079183858994,-0.0007589743302673924,-9.216908844825178e-8,7.475940907397671e-5,-1.69547638177725e-6,3.053643315986676e-8,-6.220774525639294e-7,0.002778853312065621,-7.738032784843085e-5,0.00022118730338149817,1.770805823575472e-5,1.2856913715223817e-9,0.014256225111239473,6.731771991752566e-5,-0.00031354887505585793,-2.5923580330378115e-5,0.11280623087986896,-0.00016074416014077997,7.353550482491755e-5,-6.644001139255451e-7,4.280887111853329e-8,-3.099278559903773e-7,0.020976479715500318,8.022769615312342e-8,2.250019859317831e-6,1.2728173386822306e-5,1.6295676436683948e-5,-0.0002693879899879903,-4.912632598497169e-7,7.82986602914093e-5,-0.012565444819529148,-7.780446094063365e-6,-0.0032748110386364715,3.067206704621128e-6,-5.56325235778754e-6,1.7686409589483254e-9,-1.3715991060703203e-6,-1.4658790385420166e-9,-0.00402762747989982,-0.00033390912469144496,-5.403229654497854e-8,-0.0009428191972915556,-1.6236827704574353e-7,0.001527640914218864,-1.500935105536172e-6,-6.549168415914686e-8,9.976013926049632e-6,0.0012565318138513248,0.052855087663544964,-0.00017050606743396202,7.317419424168747e-6,9.697707410083467e-5,0.0003903666764699665,3.663495325378907e-6,-3.631610021592735e-5,-0.0008063164677309942,1.1173372843273355e-8,-1.2128879711779256e-8,1.714525828810931e-7,0.0005116289356834613,2.762698112271887e-10,0.00012395375949836307,0.0023425784584105713,-2.273393405705093e-5,-0.0011148509421445851,2.1403248943840936e-5,1.1173250916485244e-5,-1.7528178664072414e-5,-0.002477733910666302,-2.658930815080396e-6,8.162419867119297e-6,-0.0003308719309558228,1.6193783373807946e-5,-1.4163737837524781e-5,1.874309940030905e-7,-0.00023757690684078625,4.201264285422224e-8,6.212765880642124e-7,1.8637371562713057e-8,-0.003001992009785681,2.0021336643444299e-7,9.898266658980859e-6,6.998023113435892e-6,-0.0018275580700901628,0.03491120987928298,1.5382893865378833e-5,2.5924603852534034e-9,-0.025463320335802564,9.414392608281946e-8,-9.916139594445816e-7,-2.230636164113342e-6,2.16991084744933e-6,-5.687081618965806e-6,1.518174515657833e-6,-0.00011719727683612291,-0.001429397493666329,-0.003195188566678553,2.4198716200296566e-7,1.6774168776212406e-8,0.0018890459316480701,-4.3452491091389156e-8,1.3235697426949855e-6,-7.119544937796152e-8,6.800167415832448e-5,3.7563877619550823e-7,-1.3761622173844718e-9,0.0031620038130313333,0.005140464678675016,-1.1819868883898577e-6,-5.526166612757066e-6,-0.00018838835342194216,-6.063214363472014e-6,3.70957587342291e-6,8.284027375182745e-6,6.504803820150257e-10,1.120977282250855e-6,-0.0005020049889310485,-0.00017570999314742153,-1.166376843633049e-8,-8.029880367993458e-7,-0.010974199474958368,3.901653832877328e-6,-0.0030742394847038668,-0.002569688552284788,-2.0290798099023566e-8,-0.009467742675042246,-0.0007103531043242128,-0.014398935744793562,7.216095878172582e-9,5.013762915950792e-7,-3.1293633335760518e-6,2.9587774007591716e-7,8.09254062232867e-5,-8.836191204864008e-5,-0.00010052268538718323,1.771519438694552e-8,-0.00010562906686573115,2.3830307659816752e-7,-0.008705540641130938,-2.1362955404669037e-5,-0.0026939843069158087,-2.5609517506630652e-8,-4.0657048505643445e-8,-0.0033596708551044685,-2.2997799946963132e-9,-0.004056857360666299,0.00014942889490754396,1.3062784125494886e-6,1.5485193232134264e-6,-4.363072703839066e-5,-1.942266956878047e-6,-1.3578968423300086e-6,1.0634457416003329e-5,0.0019671875402309524,-4.031820188288293e-5,-0.00040395037405005496,0.027360588996089064,-0.008015360603621957,-2.1334102636438868e-6,-0.008079121164549008,0.034732907442958094,0.00012652448697281216,-0.0023006733704278304,-1.636355419359914e-7,5.455018966017688e-7,-7.005552006944527e-5,-0.0005891832539504094,-0.0005243189151542538,-3.213350277617849e-8,6.604285373579266e-7,0.00025120120152877234,-0.00453094365866491,-1.1668531346153976e-6,-0.0038969525752463596,-0.0009526771609671414,1.306225391739524e-9,1.0481407801583853e-8,0.00046776951069205097,0.00022705752708418458,-0.0007996380182362373,-0.06260266940421388,-1.3647913423581876e-6,3.633176053341458e-6,4.9157506277347496e-9,-1.0000929009282289e-5,1.295697357593011e-9,1.561129759020119e-6,-2.1276995100689977e-9,4.3076364342198303e-7,0.00029839869785064366,0.00018507631494912857,0.0006343192248436935,1.4157077125181994e-9,-0.004115612933674129,2.553455330511767e-7,-9.149486890347447e-8,0.00015619799421529024,-3.725554843203582e-5,-1.4657896652892077e-5,0.1486865361148375,-0.005950126162588276,-1.171616393269223e-8,0.010081782074848888,1.8135181826473e-5,4.022498207786884e-8,-0.001594200670211876,8.418398440498964e-8,-2.6049394445948337e-6,3.6158017611143123e-6,-8.12047085751999e-6,8.488121998329046e-7,4.975393306949627e-5,-4.8503112315856356e-5,-0.02662765549166579,-0.00015599789415432497,1.1650133172835808e-5,4.081381531850781e-5,-0.0007067578186479295,-0.001225835596756042,-4.520406610697414e-7,0.02753581689466955,-0.0022036410123291716,-0.0006837809731052857,-0.002115714108413158,7.04370332060833e-8,4.274191205411171e-6,2.2956546270359868e-7,-1.1339342935734464e-6,1.7663083730010132e-9,1.0351909093264666e-6,-3.6696290273141585e-5,-4.412948597584676e-6,-0.007226928711133951,0.19256312707511825,-0.042443459627975244,0.2364638756516797,-7.33045700158641e-5,3.346334256221217e-8,-0.04448700018087948,-6.284344344464898e-5,-1.5301784800185458e-9,1.1023649917158915e-8,-0.005043681826464308,5.023272750294405e-7,1.2021700467101937e-5,-0.0017480017129400949,1.5049329990524107e-8,0.014473936169451918,1.6605914394214258e-9,0.03754975398260285,3.459750991556196e-9,-0.00015801139242910267,-6.820672843253599e-11,-0.000919787949669626,-0.00015602334718778366,-5.470305417887289e-5,-3.2420157496104718e-9,0.00015669194842615752,0.00031407478283540513,1.8538969950743223e-5,-8.388060098951655e-5,4.695951944277965e-5,0.00029016557186878345,-7.664136690177514e-6,1.439315575524347e-5,0.023842949348363618,3.4814802516575094e-11,3.7783712727446073e-6,-2.171542346474098e-5,9.922530833961218e-5,-1.6980883976724925e-7,-0.007200875329544942,-0.008785113470366923,1.4167004944720674e-6,1.0953162190435739e-7,2.3572243018854522e-5,2.081633725614651e-6,3.543102321951208e-10,2.269966663748235e-6,4.317182292368216e-5,3.722933159411995e-8,-1.784015839501052e-6,1.4842951141513794e-6,4.064532741310245e-5,0.056711172590439674,0.00020908935493935132,7.371147466850303e-7,-1.584180567704152e-5,1.2206933071995385e-7,-5.8335118716001944e-5,-0.0005086589263783026,-3.1293271186783045e-5,2.2311818816123097e-9,-2.5150883318503237e-6,-0.008952664013577305,1.0091813690493723e-5,0.0012124965746806993,-0.0005988907541905064,2.3526555243454789e-7,-1.1977777997884687e-5,8.091490947235991e-8,5.5759370246044604e-8,-4.906841406082663e-6,-0.0021508253626052465,0.014755673646504874,-4.459111527937987e-8,8.359857641776491e-6,-0.00014889083865998742,1.4126510548243161e-8,-7.614210533191113e-7,-0.002130128753151439,-0.0004498751939365775,-0.006698057723497186,-1.4859665038446934e-5,-0.0002887159979323428,-6.369086185675776e-7,-9.786752692253486e-6,4.2719939504110016e-5,5.335441232157123e-7,-2.3165603565619697e-8,-2.1930259457882129e-7,6.002711938069005e-7,-1.6041543549061288e-7,9.314348127422573e-10,4.43382550496807e-6,-5.02898423404563e-7,0.00299873741164447,0.012266753197764046,1.3163633270224517e-8,-0.0005476379043880542,-0.001959461927981465,-0.07074932071373041,0.003007078028304022,-0.00016707136941107592,-6.136348287277826e-7,0.001553349449977759,6.674842516207757e-8,-2.73910894799112e-7,-2.600980750439366e-9,1.4146750601184976e-5,-1.2518112642162516e-6,-0.00015563195920265116,1.7378711957005688e-7,1.729974026520864e-5,-2.0521132448880763e-7,0.00018379161468828897,0.00010709783055062871,2.104025695226497e-6,3.3346741455664297e-7,2.720007969969629e-7,-0.0043162599799870804,5.0161118240410474e-5,0.0062320096276380355,-5.470212291885934e-7,-0.006184414092786028,-3.286478415594923e-10,-0.0008443705008289726,-0.0032362379806727404,1.051680418306944e-6,-1.2176553316339822e-7,-0.005113516746860114,1.113898461191365e-6,6.264393577438618e-10,-1.847653651909642e-6,2.2991091480628612e-7,6.864743110623905e-7,-0.0001805933330203402,1.0978589283982751e-8,5.428227492498827e-8,-1.183483300509075e-10,6.481583997297591e-7,-8.079932967142156e-8,8.898671487525545e-8,6.2990943840990354e-6,-0.0016626228403708865,-6.254960711188362e-8,4.906376192548301e-7,7.974310992108803e-8,0.010743733429990243,-3.568951134069742e-7,0.0022954876703806804,-0.04655728949455806,3.110465864430978e-6,1.3250063486403008e-6,-0.0003726876347531771,0.0001081000912748209,0.02204699443791469,-3.368209800479194e-9,-0.00701237433611368,-1.8000930057104902e-6,0.00184217613752935,5.281896812325826e-5,4.237471577239749e-6,4.212984249026397e-10,-6.65164528346196e-7,0.04526138606343011,-5.00532312047372e-7,-0.0025365095971210394,-6.476581316405827e-5,-1.3306250215387727e-8,3.931856235083256e-8,7.023804886058943e-8,0.00010620872767752587,-0.0022647684855456873,6.846294983375856e-6,2.896810340491385e-7,1.781790717991479e-8,0.0010794202985380252,-0.00013048036143459285,-0.00016113017915131422,6.44040244496269e-7,-2.4987137525744885e-7,8.181137832963259e-5,2.6852275372135637e-5,0.043159372648005956,-1.338302443254502e-6,-1.9724479172547604e-7,0.0007074367231325596,-0.0016916486949867249,-0.0025488616001894115,-0.0002526008367169652,1.0139406283549493e-8,-0.0015655906861411495,-3.803200206847768e-8,-6.473849211152682e-7,0.000289970144876861,-0.000553367504835478,-0.10201387150118535,-6.285091859181691e-6,6.660156905979875e-6,0.06254884724171461,1.548980349249594e-9,1.91892966874298e-9,-0.00017451123324008222,6.874727734307307e-8,1.4805406635787222e-5,-0.00030922390160981195,-0.0003728460553205082,-1.1348127498117533e-7,1.1199577375524059e-8,-4.6055169403082415e-11,5.2709899633685e-5,2.9889531928065788e-9,1.5851008713604377e-10,1.5298408394476617e-8,0.0004935061227229198,1.1039016190927953e-5,4.5958753577129974e-8,-4.045506413197231e-8,3.668857203285858e-7,-1.1531910208001372e-8,-2.842172499920026e-7,1.2658353372163589e-6,8.505079418519301e-9,2.5226636381603385e-5,-3.378654031549466e-8,1.1809971121184981e-7,-3.2151342911797276e-9,-0.0008132004390972725,2.609928974328657e-7,3.2042542196908386e-5,-6.58886606524911e-8,-0.002961778106055135,3.921781893723164e-5,-4.276074549114384e-6,-7.750218980362433e-6,3.5771681591249133e-9,-2.8997445855605264e-7,-1.8987481780641247e-5,3.988880595784394e-5,-0.0014941965542902835,3.2759628705303356e-6,-4.554578014737132e-8,6.261350904146479e-6,-3.913580328730737e-9,-3.586202301697483e-5,-0.0005120664976345779,2.405368871583047e-7,0.008333677769087444,-5.138242786485378e-7,-0.0013107470470856697,9.134427932622202e-5,2.1704159065133455e-7,-6.238469152375359e-8,-4.200198100727439e-9,-0.0005766196866332507,-0.00019112974192125876,1.656907357983073e-7,0.00011770304990932345,1.0278011126430356e-8,0.004799309925147099,1.5731730307777525e-5,-1.1648651916384978e-6,-0.00020618189324039804,0.00020460695800750273,3.982867891559865e-11,5.1905946679697834e-8,-4.1262683794229815e-5,-1.5227240084403348e-6,-4.433347893240125e-6,-3.348866762717395e-8,-0.0003245030154999107,-5.608932680291334e-8,7.218194872649075e-7,-0.00014142687305707113,-4.786635698916797e-6,9.417645983944567e-5,3.879573509379952e-5,-0.00028151420565691865,-4.873706771491015e-9,-0.00978381095774239,-0.003279708724107877,-0.03719554693543614,1.420390466399038e-8,4.246586163381139e-6,-1.0862608220918446e-5,1.8543212437771572e-6,2.578443919210027e-7,-3.938229058064735e-5,3.3894174489637607e-10,0.00014673609059911996,7.569744251867405e-6,7.418239742970623e-8,-3.778027096501546e-6,-5.0381332994398065e-9,-0.00010523709021015293,3.618493377155474e-8,1.3019286423165966e-5,-3.2656033663869266e-5,-0.00313843213234577,5.743965358418531e-10,-1.937089601500297e-7,0.007025597285405638,-2.8352596444847222e-5,0.028591061811312102,1.9158594773138748e-7,4.3659765603179523e-10,-5.812872771017788e-10,0.00013868096150204678,0.00024331709613534258,-0.0035423576319999484,1.076190036649531e-9,8.036452472381939e-7,-0.000823355590000574,7.840935777991831e-6,-0.002214558689047408,-3.371817554193024e-7,-0.00022667473488269252,1.4025119421390286e-6,-7.267193709914466e-6,0.009926299107064551,7.893285449755982e-6,-3.869181376403574e-6,0.06909111701315851,-3.6736695671613084e-6,3.68516123346041e-7,6.621038937737467e-5,-7.279796126358207e-6,-0.0003807908851172215,4.324834116525844e-8,8.35321982322057e-5,-7.259267977314729e-10,7.056443445119243e-7,8.831079726268065e-6,-1.4386403122568225e-5,-0.02157555309406689,1.4745358314360857e-6,9.67945164065398e-5,-0.0011676175472530304,-3.4169456315069624e-5,-0.0007056818365640538,-0.0019442436621375236,0.0009690064955520938,0.005081205109149778,3.0559732165647e-7,-0.05598538599281255,-2.90313234818651e-6,-0.006628316552450997,1.2958918609529135e-5,-2.2954492256532788e-5,0.008891195961041376,-2.917605293854819e-7,-0.0007062559733412854,-1.2044516854714526e-7,-0.0006885210733571512,1.9837134232147946e-5,4.100012092167482e-6,-8.537102789279993e-8,-1.441513976629949e-6,0.024964724738765653,-1.7739621030687935e-5,9.997169629627489e-8,-0.0011782743962953646,-1.5674199396187305e-5,0.0031343743289653503,2.621000440683474e-5,-0.00748002996726882,-1.7208502783340462e-8,-5.327574569002902e-9,-5.4409713075992405e-6,8.097919903349293e-5,2.827222160828313e-7,1.0514631571645339e-5,4.470923409272132e-8,0.0003032445993547128,1.424532185734153e-10,6.546828954512307e-6,9.885744812976327e-6,9.658343532237268e-5,-0.0029616438532684697,-0.06980221695175715,6.249941901471587e-9,-1.8838044039903856e-5,-0.0001730608625507557,-4.348894546910009e-8,-4.873645213621103e-6,0.00019985843414360716,0.030231509281293256,5.9435176641420284e-9,2.546554928408752e-9,1.7519154680992535e-8,-6.041666052503114e-6,8.96151864369088e-5,1.4719069841434562e-7,-7.065936031835918e-7,-0.009673242389453662,2.7390164316853927e-5,-0.0005570785656345834,-2.5260515901237568e-11,-1.3786111878744123e-6,-9.469567651132493e-7,-0.00042811951288967975,-0.0007421119094601636,-0.17630060625560873,-0.015524160087807104,-2.0117025187338378e-6,0.0007133582588494392,1.219217307069087e-5,-1.4446977313455414e-9,-0.00011184731152269478,1.9991278779954436e-8,-6.631451454897075e-5,1.2675418308710773e-8,0.018835657481190538,2.361525104133122e-6,2.076220286539865e-5,-0.004584070544751739,-0.00031761877210101375,-0.006516188611612961,-0.00011802414048744936,-8.457801618533267e-5,2.3738509931630486e-10,-4.988035608199156e-10,9.828088484882536e-8,-4.493158017648824e-6,1.4517769780938126e-9,-0.0026660315750177688,9.926905444324063e-7,-0.00014670480838674393,7.97370126912611e-5,2.8385982001388754e-5,-2.28309880081351e-8,3.413065839552587e-5,-0.00011587592793382839,2.111555942785337e-5,1.1733782433465123e-6,-0.00029025984931507764,0.006425248391224159,0.00040184212321037194,-0.03391810432890452,-2.8663392330763315e-6,-7.888644480485638e-10,9.684301598492095e-9,1.3963114968706947e-6,1.2547672847418312e-6,8.080928097899467e-12,4.0949354093711143e-7,-1.3390108098698672e-8,-5.312998965223414e-6,-0.006183098664678255,-3.152977473774854e-5,4.3050360151730693e-7,0.008562659074385692,-1.073434084553071e-5,1.7050219385805754e-6,-0.0006936051876209604,-8.27935742080399e-5,0.0011211527518071307,1.1350049344827084e-8,0.0003722106040413564,-4.320923370363175e-8,2.3836138742794333e-6,3.0640376548918963e-9,2.3368714376914568e-5,3.0911590945259526e-7,-0.0004038085052684437,-2.315060071379424e-9,7.23883233328948e-5,0.0585160946866381,7.607971912904077e-6,7.27354473040176e-7,2.1349193888298146e-6,1.1348587672377342e-6,-0.01861386703396306,3.5139846022574917e-8,3.151060675083729e-9,-4.866693244925946e-7,-5.273323295390542e-9,-0.0004290661773325155,-1.2893082890815671e-7,0.0006441907593242036,-2.3756953558204397e-7,-1.4404771409709527e-7,-9.844282895798973e-8,7.542196376997268e-6,-2.0279316698124106e-7,1.2942232793800024e-7,-2.9214678773370473e-7,-2.806332720761695e-6,0.008601867363722704,-1.218327595198243e-7,-0.0008358737541698247,0.05547545940726195,0.0014477653112408007,-0.0051294687841618725,0.003546214720699936,-2.018066580866673e-5,0.0004037450230782724,-6.889829773371048e-7,1.1939392691086986e-8,-0.0011780163517869369,1.1162385903928929e-6,1.4073988739704557e-7,4.9232637976820426e-8,7.19731951335234e-5,0.0807214877027036,3.524700050938634e-6,9.471465168137128e-7,2.903616761529282e-6,0.00023911671519272204,-9.293348913530508e-6,-1.0814659838973006e-6,-1.1738903966940217e-8,2.198395440355938e-6,0.004695081133831991,4.1616074678008097e-7,4.108126593460604e-6,1.1478674229181696e-7,2.464165496630054e-8,-0.0003886919366138386,0.006435137203709473,1.3128634056627786e-9,-2.3173043793567327e-7,0.034120803209134465,-0.00041884962368499146,-8.691307117059122e-8,-4.288397189355919e-5,-1.8109377464617382e-7,7.094864577616988e-6,0.010316351619962916,9.068725725924764e-8,0.002022864194259455,-3.699507459750673e-8,0.018743567681667628,3.0225928243600084e-10,-9.822073812060239e-6,-4.768856189940607e-6,-0.0005554081571119696,0.02804194804866711,7.502140003190841e-9,-5.330877791642763e-5,-0.14994109441022374,-7.761133460626457e-7,6.847262047074074e-9,-1.9516135761274422e-8,-1.7570822607223396e-9,6.401654594867523e-5,0.006965205552660336,-3.6007080367994604e-5,-8.96175317899317e-7,1.2075396382468795e-8,-0.0019318833431043458,7.253901503023741e-6,-0.001254048319907497,7.247385781089521e-8,-2.770109767125106e-7,-4.5550821392570384e-8,0.0015657134581488208,-0.017284694167756243,-0.0007832033064119059,2.441362323135632e-7,-4.188119385961642e-6,1.3627187154495457e-6,-1.3331842384722847e-5,0.00014345381872260532,0.0006550253197588063,-1.6020078071402044e-8,-9.833566384787051e-9,-0.00524336734673625,-2.03268485954311e-6,0.0005315474835327905,2.777829191495662e-9,5.941365228967488e-8,0.00043371245197931785,-1.7059754856604131e-9,6.8530136134725694e-6,4.6866182290550285e-6,4.4407608416952016e-5,0.00012558744682422684,-0.00014932516562282672,0.00029193539276661795,1.32563657401219e-6,2.2910977284101852e-7,-5.287466589704026e-7,2.408519851523341e-9,0.0020984436368962633,9.966533474070616e-6,3.613479159086941e-7,-0.0030095073188931565,-5.44906095301112e-7,-1.200182238125791e-5,-0.011260139659185597,-6.019373681095952e-8,-1.3939632071691133e-6,-1.1263173359948864e-7,3.102144068023449e-5,-3.743710777850701e-9,-1.0657613214171135e-7,-0.00011771836028273697,-1.7714092978571294e-7,0.0006206075926797894,-0.006878580851662264,2.2675355233617907e-10,-1.1987004882030305e-6,7.541440839864411e-10,-7.500360369760983e-5,-1.0068377834238085e-7,-1.684625748898938e-7,0.00014124116923142083,1.911075937166551e-6,4.578522207025759e-8,-6.974671424142542e-5,1.2637938793884883e-10,-0.0001181923609721025,1.737839398252561e-5,-0.0002616537139203956,2.762767674635569e-7,3.053209755507491e-8,9.301942469619462e-7,-4.228481540735629e-5,0.0003726586393213438,4.94441224786063e-8,-3.995602045579749e-8,1.4449509601333066e-7,2.903410695241984e-9,-1.750078495454943e-6,2.5277673433576897e-8,1.096300594083388e-6,-4.917909614432503e-6,0.03029036860607448,-4.9441057263344135e-5,-2.9658111543040544e-8,-4.4992440328961436e-8,4.939297581874058e-5,1.5357268081661601e-6,2.065398176272215e-9,0.0021642913663981744,6.39958252079964e-5,0.000528378670821894,3.367973900481047e-5,3.500408367607122e-6,-3.539633530169617e-7,4.384096059961706e-6,-0.0015979570912350027,-0.00010821973150854092,6.077725911990406e-7,8.570104463589967e-7,5.200276232741885e-6,0.00016872240889642676,-2.3236240290387677e-8,-9.529711734046487e-5,0.0002479718051802138,2.133045633279096e-5,-0.00011764441092054767,7.739596784295255e-8,-0.02606218680011807,0.002438232214558411,7.269338252874347e-9,-1.1427917037155899e-8,-0.008494732750477851,2.1318730603070435e-7,-7.98600717644149e-6,-0.0031582983962152866,-1.4518224678017333e-6,0.0001526169422447765,1.7997125029145522e-7,-1.8710905329462346e-10,6.943493320935024e-8,-1.1171552344535485e-5,-4.898514907480944e-6,-0.006584640506844153,-0.0018678008092365417,6.668084204242142e-8,5.838923896828163e-6,-1.812348600083169e-6,3.1667902947174476e-7,-0.03664559959543112,-1.1868161101796781e-6,-2.859271166499866e-7,0.0003334890578798877,-9.101812317169333e-7,-0.0004075005275581134,-3.6521308264259034e-6,-1.0642616810330185e-6,-0.10142018075339365,6.290142124498743e-5,-0.0042053312622556405,-2.2096258425641224e-5,0.0035304658631503116,9.826325017558979e-8,6.312716819764641e-9,0.010686173969588708,1.330901194718237e-5,-9.923233263542386e-6,-3.0314469979392245e-9,-0.020266692474251613,0.0007147971541314746,5.117113991559563e-5,-9.203661337827546e-10,-1.1551025546219923e-9,1.378139159215197e-8,-5.961060896286785e-8,-1.8911298055312997e-8,-0.002033135540727926,-4.2639277992861935e-5,-0.0005271457586673023,-0.0007612824622924563,-0.00023066259505455378,1.4778891106459469e-5,-1.3822918487615965e-6,0.02950344377222791,5.411887866180187e-6,1.729562713848054e-5,1.1707036071118004e-6,-0.001270876196485915,2.094073826786058e-5,5.977509647703272e-6,4.829072141540602e-7,2.4894293110255816e-7,-0.00035722662130410754,1.0173004288405174e-6,9.837937534484809e-5,1.3408720018343034e-6,-7.479843476820847e-7,-0.005410291858424898,-0.003711683407232158,2.5766739895516366e-5,0.0004251269160704396,-4.476214592208372e-6,8.457933819983054e-8,-1.3331232249840994e-9,-0.0013461312648814783,6.41813987955933e-9,-1.4157036257067546e-5,1.284091993828296e-9,4.4391044529135115e-5,3.670709917413806e-7,4.1235631508766e-9,-1.3261831714392325e-8,2.908756379649269e-7,4.031096505750266e-9,3.479899296054967e-6,-7.001254412664082e-6,-3.318182191236474e-5,-6.203670649540527e-5,-0.00534851046154472,-0.0004730974847007019,-0.0030087545845844943,-5.89637525654288e-10,-1.1511454711676805e-7,0.00036955544550210107,-3.0878504070352975e-6,-0.0008029099881596835,6.143066651032036e-6,-0.0020285476346089126,-1.1458079530513032e-5,1.8853356652891022e-10,-0.00016985161562388384,1.9969986105733417e-8,3.1423204966074536e-5,-8.846999452645499e-8,-0.014448555855778977,2.6672905498514865e-5,4.2362273256868303e-10,4.579298791718145e-6,6.549337069200467e-7,-0.00167007195750557,2.7834114491032125e-6,2.1497302831186005e-6,8.505672987979551e-5,-6.863532291845331e-5,0.0032947066356427968,4.505974843027616e-6,-2.649462605835984e-7,-0.00011320290114724685,4.727113965541374e-8,6.116503449837829e-7,8.284730584762201e-5,-6.212798433580247e-5,-0.00010950808176346527,0.00013448922845604727,-1.934586641283431e-5,6.23777996757724e-5,6.70203404995462e-8,-1.7848167488399014e-7,7.220462882173706e-5,-0.0005566403535794961,-5.365929258149826e-7,9.318845822781086e-8,1.722239432311312e-5,3.418394094900634e-6,-0.0046754958375458955,-8.768776535106326e-6,-3.963757301939097e-6,-0.003779074134399707,3.424905289328706e-5,9.234612561082045e-6,-1.6769117041626203e-6,3.7306926856661704e-6,-0.0034271999611519277,3.9048015972653616e-5,9.677092174342761e-5,-0.00039333265522145666,0.0001827603824722246,3.965276585138344e-7,-0.00028217117142048664,-5.626075098297267e-7,-0.00012947529040729933,-0.00019262156394006524,1.157090692593954e-6,-0.0006694873617902886,3.6687751059794743e-9,-0.004514572865446098,-2.9359755855662417e-8,0.005000837722036522,-2.2760364105575692e-9,8.008777260215538e-5,0.001815794786580227,7.066469131622455e-6,0.0004662205267322861,1.713281433087313e-8,-7.663001190394425e-5,0.009183553243929055,-2.7184170106608896e-7,8.966431738061109e-8,2.1141154535073777e-10,2.292013066451659e-5,-2.5239833251200494e-6,1.7466690268620744e-9,-0.0012376507715430307,-0.0001332386011796416,8.08333490809332e-5,-0.0007326688792090863,-0.0016049943309326409,-7.758541653915801e-11,3.5684909022393185e-5,4.479522107251905e-9,-4.106108641765971e-6,-0.03569619279005565,-1.5395157134889814e-5,-0.0008737956302411476,4.9549070827228925e-8,-3.6545014445721336e-5,1.097055280091519e-7,1.948131692769417e-7,3.4943103690565636e-6,-0.001633442353636383,-0.0002720272845238014,8.055031321418937e-5,2.3208716894151937e-7,-0.004657826641050633,-0.00011136902435282536,-8.328053775130684e-5,1.8828127470449374e-5,-0.0037915951088507427,-4.422475150846206e-9,-0.0037327341133277514,9.272195984522114e-5,0.0013215716480772244,0.042546925018541515,8.028849928898296e-6,1.4206586928448665e-9,9.230535188420319e-7,1.467333652504935e-9,3.7908710499574665e-9,0.008530745308235055,0.0032659146199875977,9.523642606201754e-7,-8.848961971161251e-11,-0.0011386031774005545,6.010799342348605e-5,-0.012721344770397991,-7.015800257414995e-8,0.009950681183454435,-0.0013849436199961929,2.1505898556428704e-7,-7.730519900661648e-6,8.885047043808228e-10,-1.4301606794830946e-5,-0.001249101934263308,2.0438201391720368e-9,-0.0016263178970277181,4.329866362673407e-8,7.448371719569256e-9,1.0540306760731255e-6,8.117365936366472e-8,1.5910815220898655e-7,-9.053287147731126e-8,1.9392820640451447e-6,1.34481773284012e-6,-9.944305937731324e-9,8.891922765319471e-7,-1.999523590923147e-6,1.1665950547240641e-8,-0.0015082862453255075,4.53493609504918e-9,1.046231355272386e-8,-2.013888265040009e-6,-0.027185456317965873,-0.0006445125837899468,-1.9720138133560994e-6,0.013495874183718115,2.1970045477705865e-9,-1.0306639396162609e-5,2.420994255625253e-7,0.0006674157182260387,-1.8916887711384334e-5,1.381129524913316e-7,6.67524764752514e-6,3.7731326860246384e-5,2.0142092688191227e-7,5.5531506756523186e-5,-2.8411399334515863e-5,2.1823446671120905e-5,-0.00500234103310504,7.1238088894661974e-9,-2.8798649708505764e-5,2.7206594514599114e-8,-0.0015678249578741088,-0.003066709833092318,3.095045291779709e-9,1.0610293719626185e-5,-0.013292699215526227,-2.5699327774360292e-9,6.0295478419014614e-6,-1.2838637512141426e-7
0.0011434231855673715,0.005806814535844751,0.0021149221242922067,1.3194150028539298e-5,0.00029199010262459524,-0.0010786440681158638,0.0015812686002902865,-0.008632449503693351,-0.0009552053444394915,0.004888013044364925,-0.002670726706583082,0.023811480855442824,-0.004053355647016588,-0.003100886341911746,-0.0017887058444898685,0.00823921392225202,0.00011041638572351076,-0.0038336795244049426,0.0027250962739344686,-0.09511438037088737,0.004181948570931127,0.026263976484734997,-0.006045986894491762,0.024880727143226977,-0.0018481291258467536,-0.000961464213560248,0.006278132803799963,0.009772121647927179,0.004142737944221153,-0.01040088288300467,-0.003667830886115553,-0.0023715740560419363,0.005782117820672283,-0.0069480155588905745,0.001786376263225975,-0.006023702520678853,0.007675483361140323,8.974213392320962e-5,-0.0012607975447451736,0.002712929513791096,-0.0070994217894622125,-0.000372125751461283,0.032414222188776876,0.0054930275532569794,-0.002403229583705979,-0.04943610992768299,-0.04123065612020582,-0.008604320400991128,0.0187981662375023,0.003720518785485183,0.07174160459817358,-0.03365524086802907,0.009266549371886867,-0.009410057509512626,-0.10093404684585039,0.009196995521961071,0.0008246379226193312,0.013693290556034299,0.009426020894807152,-0.02367848853509713,0.0057210553773074935,0.006033683510821675,0.017623791478399653,-0.003165811870530888,-0.0075589918491800745,-0.07155926953146263,-0.004500220358750084,0.028509227754398125,0.014088703894231003,-0.005511126561941637,0.07072019915312922,-0.003917876110335783,0.018105161047060392,-0.02210935096832145,0.02174928095882933,0.011637268998356376,-0.06733491673077197,0.004549704856572134,-0.0011061964160035131,0.002154138648620574,-0.002672934575457475,0.02375667200033149,0.013433063798402145,0.008223681031154229,0.009391747715881138,0.04629868926258496,0.010936629181628632,-0.003564235543308314,0.008178642516213586,0.018890882365980133,0.0038269283786576125,-0.016983905278721068,-0.0165945120897959,0.007513381444709921,-0.015602958289377966,-0.03517296962581895,-0.053648039395284286,-0.019171051547800744,-0.0017184071252813737,-0.005070977016657707,0.005467478064360876,-0.01638485330295225,0.005953790371677314,-0.0013282175773383642,-0.0016061470569184166,0.053432430741395365,0.011720289653567306,-0.0013885635412407282,-0.011180577320374141,0.002474166539741418,-0.021964434874007566,0.006864457778647193,0.013575868462680774,-0.009056262231297296,-0.006871192917685676,0.004957981774168729,-0.007448521915648598,0.005376375869332151,-0.027718738762899875,-0.01009612426264539,0.0017240790898540581,-0.010459186611001314,-0.048948809406283544,0.008589314119831215,-0.032416067523627135,9.790343256099732e-6,-0.01781394975978401,0.018876748493198647,-0.0018788769615412093,0.012860663206765821,0.0032228107693299535,0.007651305260878871,-0.010963325678005731,-0.016291312059536267,0.00014976268175814766,-0.0173041219723018,0.0002511775210223277,0.22671268860608507,-0.020109602467982768,0.008895858671166934,-0.0001382522063408942,-0.00988754501031508,-0.021283444420760134,-0.001744056939969596,-0.045391829766003866,0.005991304306689926,0.02573275408576592,0.06139566847559763,-0.0007943928743543438,0.030010687038156902,-0.09949409130015852,0.013469238293964736,-0.027429034469378166,0.006243210338652716,-0.0006595641267495012,-0.004084260210220236,0.0016483610456816677,-0.00015660300442732478,0.009225749451161391,0.022741420178590488,0.0010114730948771467,0.022273883523212135,-0.0040510356420782045,-0.007027897882380785,-0.008720917604478018,-0.004420229960032884,0.028514147670648526,0.0009763265987885461,-0.018649049684881902,0.0152705955761121,0.03930838113546997,-0.008868607686906671,0.02303723218142295,0.02989920492359488,0.0019325631915307895,-0.004929283471369672,0.011656221599423588,0.03955828486687096,-0.0035144534414257578,0.010576692327958881,-0.037496652656045626,0.006441948077736015,-0.24518736881282166,-0.0008385687165173294,0.010347099596401677,0.003951039457660954,0.08637630095881832,0.0007169636061234996,0.007125903318410565,0.012048169549416343,0.0018907894564108574,0.0020923693391523557,-0.006672683599504126,-0.0007596594135748092,0.008210388814262615,-0.0035210224086767994,0.031694785852778296,-0.006066983521122893,0.010142656489335877,-0.014005515700318938,0.004467300558189891,0.003347121006299858,-0.00717292580168305,-0.0026404567538520496,-0.014350058005675237,-0.010078879659886297,-0.0392930736584276,0.04897406277268601,-0.004892737761963417,-0.005137401071579006,0.007661416497739992,0.011120587157165573,-0.004561016896104775,-0.005717671407865055,-0.0035974503794022894,0.004186325184946327,-0.0012423168005852858,0.006696320709124848,-0.007054041210722062,-0.0022978918400440307,0.0057426641214988194,0.0041845979819754575,0.10140241650469761,0.10423192067196396,0.023603616058608168,-0.021578286733983987,-0.013651423446845001,0.024946111758708867,0.03276181329977135,0.0034112760372408957,0.005252260426459543,-0.0006865466990291225,0.022094698559158132,-0.006056513577732403,0.02251444502553568,-0.08507419658963045,0.002299496387877298,0.009552778598276745,-0.0348545006072527,0.021795541941173724,-0.011499331018967496,0.019824306434657046,-0.02230047904259891,0.0013424383068922907,-0.013075635502900695,0.0116589366439257,-0.094020662510502,0.3535124832260408,0.0011313125642118393,0.005443682664918015,-0.005922406102172317,-0.005745968612700381,0.00016865589407188963,-0.005972638829916832,-0.00357122828518186,0.0017750093948052381,-0.003274003247042856,0.1514207129839633,-0.13292123674818868,0.003763209080602792,-0.0024547463799535763,0.001156733567881929,0.005635460171845352,-0.015182345267930941,0.004091135061230489,-0.0027789630931067677,0.0063240209851755935,-0.03561667516072475,-0.03378018539660843,-0.01454046120466046,0.005239338514911651,0.003092209598435147,0.024282734181042542,-0.005584492422940457,0.005271541005640756,-0.009338681805502347,-0.002679833423371747,-0.0006022029760970327,0.03666095541279901,-0.018351245831127017,0.00018175830842892537,0.007902458363446385,-0.0016945829575831795,-0.01881452635370806,0.013039017602523018,0.009694785978808795,0.007130414326184109,0.0030928359438462394,0.012853940233753747,0.0028839652345595823,0.01131654494383838,-0.0004414842442201916,0.00048729281979831285,-0.0003931915878183645,-0.004928666607156629,0.0010071319993585348,0.007075381458435004,0.004853264375014987,-0.06567173875464505,-0.024533976618840825,-0.002867103820790362,0.03226121081183919,-0.05782410265805993,0.0004795345375967486,-0.0012336682927980291,0.009889582879623049,0.0229286825148165,-0.01383943591258685,-0.0023042636321406462,-0.007317807705021551,0.005281327009811321,0.009281106482376345,-0.003078467502973581,0.006355286453063158,-0.004615229067894688,0.0018196084160990722,0.003790638565988047,0.004074788405773688,-0.001612191294952936,-0.017047635401212347,-0.022381353166110785,-0.009664427360405625,0.005109863744060306,0.07539317528062384,0.007889172147770296,-0.0034631142389116576,-0.0019028425359692847,0.011286306276815594,-0.0004814780966739818,-0.2954780380041484,0.002985644189266168,0.07275003369068145,-0.008707184599188622,-0.004913370027111341,-0.0016332346490344207,-0.0017562874259056116,-0.0009379951520713803,0.016727350235214544,-0.003922001761338834,-0.19399681507297828,0.007046945213005529,-0.03870720964641805,0.14563759850773295,0.035316502028308605,0.010529932808253761,0.0025752803186378515,0.004330454068849576,-0.017221388272446347,-0.0012581189621414524,-0.003975135405653418,-0.013470451530423588,0.016680785699008993,-0.014487941526226678,0.011583010931190074,-0.008702152639671112,-0.0034046575779314026,-0.008757842656905268,0.00266888465739612,0.0026622912009770516,-0.007909514794391725,-0.006132869340945035,-0.0035929514642702998,0.011352899596886346,0.007614295068378851,-0.004942453504895639,-0.08414899282252009,-0.006493229496300046,0.0020960884627925225,0.0018795248942709009,-0.004692436993991578,0.0403332567364032,-0.0058607707763727035,0.0014011005180520897,-0.009044752489444363,-0.003988082800788106,0.05568726486444575,0.0006838280205556657,-0.017178313911244913,-0.029323518407181837,0.10703658968668606,0.010969202574869996,0.0009300786368839908,-0.0005549693127022692,-0.016275477776616754,-0.01628754407590094,0.01916326646687594,-0.04869178280387132,-0.005589393112515495,0.010165014428253016,0.0004402547959898584,-0.0044806994674218,-0.19390152937194216,0.06292370626101729,-0.000992975830740761,-0.0011799800240623881,-0.049671165158756025,-0.004295390418064926,0.0034062562299368437,0.003340836993288576,0.006273888636769698,0.008646738373045082,0.007053884260471932,0.0005079848824607325,0.04401785948471115,0.004380177170105526,0.00971602863478438,-0.003057854449195929,-0.007624571402288893,-0.020210591418617696,-0.01209528938989024,-0.01127585196036307,-0.03391941226504969,0.019706845901737324,0.0021093198281505465,0.006468449137173593,0.012910335850847332,-0.007335405684898433,-0.007379657370620407,0.002218959273022847,0.0014025781919713154,-0.014343656535857008,0.008639807150785828,0.02124398257728899,-0.007490166058232717,0.0016163377922566724,-0.0027514564217199222,0.0034326253078802438,-0.0436111546030844,0.00764938914016966,-0.020844477606942746,-0.0018556258596618136,-0.017000115200289656,0.015516417562594143,-0.02380852656369825,-0.008993056438612257,-0.005624890663739279,0.00216779486146379,0.1116953396685858,0.004706434646550406,0.08806435039241478,-0.008763713937923967,-0.019132323126427764,0.001930790402184357,0.008749772916758047,0.007523483919612772,-0.005421417834440945,-0.012923939257348138,-0.01265921459207675,-0.007787304474948797,-0.0055807006435770745,0.0017429421466204076,-0.0007973348576797434,-0.0005208448769735696,-0.012121447229901605,-0.0006297941350794645,-0.006330029145601657,0.003709796838393231,-0.05643181318964707,0.013268661858433006,-0.22756046641688954,0.009882554390514997,-0.0019405556566880477,0.0281052626176006,0.013603792936009995,-0.03783559777548362,0.18367134793288642,0.0032660727051734284,-0.00938905274051649,0.005434036444967205,-0.012361843552753271,-0.004379559878429973,-0.004880495023371623,-0.009575730439792096,-0.005418342944722099,0.012960395267555214,-0.006269137778872391,-0.022506192420337356,-0.00041402905679888136,0.0018125548477883058,-0.007473882938938914,0.02743264634773368,-0.0014114497386685798,-0.02316914556104166,-0.002305694149072224,0.021203924514679784,0.04638009861128012,0.009213316031718932,0.008565474493025249,0.15490986532779516,-0.0009240038571078912,-0.011069023219533847,0.0009776532822343142,0.008685637458256679,0.07494473083625053,-0.016284594589706103,-0.002838843378413003,-0.015318590094466344,-0.000834385438594154,0.012058883719873847,-0.009760803586686961,0.0018977907207045064,-0.040201962700166405,0.0058668208057497395,-0.04980282727069607,0.006624615069995343,0.014438881465594022,-0.002884815164406973,-0.02094791903573423,0.009906342660542578,0.0016626846002054663,0.011027061055528975,0.0025347210205382,0.02235946797793531,-0.009138922072338573,0.0018778999112214478,-0.008492580548590922,0.01136674074405164,-0.02403611968338737,0.013434945497465378,-0.011937012362750465,6.163297405237245e-5,-0.01794062518820283,0.00412605941454558,0.0008095184637113562,-0.010946087775977276,-0.014739686513962624,-0.0016709897408873076,-0.0027189144614112593,0.002888720300688874,-0.0064478562230476655,-0.017358332202093152,-0.0012782091766894155,0.01331631782977638,0.001991122934214218,0.002153296443623276,0.003245297231899258,0.015833289817237528,0.0020811815338674933,-0.0048855947710535474,-0.002668747508892011,0.0008113683363717428,0.0039722181390970945,-0.0034598692665923636,0.0107448800996508,0.024705699835067207,-0.005514654649232398,-0.012151703793222168,-0.0001991472281588358,0.0032991307419791838,0.03719402080855616,-0.0080028324146042,0.005827493033848441,0.0022776727107611805,0.01666340512201714,-0.006805131145029009,0.01726373994279129,0.004222120916665517,0.01590893038545005,0.0005186867750239799,0.006936278307421162,0.04621078466880135,-0.008659826487246391,-0.02412332086942115,-0.0004626591892247234,-0.0013262946966676736,0.0073150153666574624,-0.11310117382436147,0.012411871155791232,-0.010033230342287425,0.003207885495271512,-0.006929610146812593,0.004208643221772945,0.0027140008796777693,0.008561955356071849,-0.0043176193498766224,-0.008165245691088785,-0.0017867856201974064,-0.027110077679253664,-0.004677094941143878,0.012660407885505265,0.004104427564840307,-0.0001908556660055183,-0.004274265404802691,-0.003599896233367872,0.008611631524672703,0.0010832342522917315,-0.0061589347471908695,-0.0008672957037560991,0.005142310206565526,0.029665905944966653,-0.009569342044414952,0.0002268284454771674,-0.015570349400832129,-0.005714513865655135,-0.006564080146517881,0.0033996575310482058,0.004392392979298165,0.04470685374326422,0.018461045764297523,-0.04554419692021838,-0.006255105416787643,-0.0008170012952177785,-0.0034013586776779903,-0.034384887358555716,-0.003419416691940569,-0.0022942474085994036,-0.03322665356517973,-0.23501517059776234,0.005678694853486377,-0.004501071146023605,-0.001582940100433916,-0.06277397824487707,-0.023964868487382773,-0.015164988792093936,-0.20653827680689574,-0.0008011140969301778,-0.005198854921218299,0.0005683418195303602,-0.01765950492108459,-0.010792766058784764,-0.06474518200741386,9.834808588493615e-5,-0.0013978473739371111,-0.0025146782639922094,-0.01891133323761096,0.020494785873012233,0.087746074802169,0.018305085256088205,0.0009985511434820182,0.0003553107098923647,0.07014309048918221,0.006730160117626838,-0.00781672733137384,-0.0993240693449664,-0.005035301521729707,-0.003356933629561354,0.08391021708666813,-0.009415035002916738,-0.0031474933459776366,0.00720526592567694,-0.008959918800428568,-0.03947819928180252,-0.0019085819768740464,-0.013098408069708967,-0.01890804956201464,0.0014397945333257667,0.014718979231474805,-0.015420401468759337,-0.08273114194525988,-0.0006294940305906493,0.29231764420728723,-0.005199616301069909,-0.003069020283703594,0.012457791987117162,0.0034374482025896214,-0.007630378589951192,-0.009205556508049995,0.016992838884533512,0.006545349034126957,0.04049162915225679,0.008783133150245703,-0.0008784922465565614,0.002897212861597609,0.12489184550213395,0.023329700254180352,-0.050199567252491306,-0.006335098580620979,-0.0014137995719920582,-0.006919741155797965,-0.0026833147549041314,0.12104889760485094,-0.00038063593865445,0.012877276290225836,0.0041518020479998086,0.002679907212424837,0.0019852401609909975,0.010318535901433279,-0.011558189601601043,-0.017769687043255544,-0.02195294312969054,-0.002953768908582788,-0.004330311670855735,0.001006427313086533,0.09132244604597872,0.0033859091556678322,0.0011068162511946866,-0.0005150114393472904,-0.001983497162086678,-0.00043396484397817403,0.00632491243129607,-0.018464769663296465,-0.027112513063002552,0.0035309108604906214,-0.0038729613062855606,0.009098415203879995,0.00689938575578708,0.011801995541645738,-0.007893414372574625,-0.01134351175824122,0.0029378933161297027,-0.0007752824660975932,0.01457963223333536,-0.004580934076784615,0.006729640550474869,0.00327201846994285,0.0003807458319897705,-0.007693850579471473,-0.011309919693388792,-0.0004944881870869722,0.09290215352848463,-0.018047616775220376,0.003103789701754067,0.0004703869153672713,-0.005185764545785787,0.015741133723167877,0.03206705709953894,-0.006329163424481976,-0.02148984006498722,0.008756383494073816,-0.009443834486432934,-0.02070668716351065,0.00396837532889549,-0.006869160879176661,0.010036394590315467,-0.08691103394448874,0.02612045975718047,0.0016620573611874079,-0.010807312223676036,-0.0030093147433944978,-0.015244534021348954,0.006660315865246957,0.0034408694700687192,-0.0012160828110054922,-0.00316247549955051,-0.001766390432294429,0.007017511297362944,0.001122156949577402,-0.011570051858143415,-0.004141954408169113,-0.0018509554083721014,-0.02307670906907333,0.0037596278984892706,-0.007132836032440082,-0.0009453563980059698,0.0017863178145489655,-0.006431590952047372,-0.017096612426087177,-0.02753384475772691,0.020901056833281473,-0.004932704730748583,0.006685072979053075,0.014787816173338797,0.062338533924048534,0.004129810937570255,-0.045884953846325516,0.0009803369518976979,-0.01498148768757801,0.011174448894053057,0.009477613877606927,-0.0007292729460459668,-0.1310871151780475,-0.010515349292859355,0.005198584195738931,-0.00621474465197025,-0.12687426118645817,-0.0029224021780009934,2.8388560252778916e-5,-0.022649427075975836,0.0050603893255356525,-0.03219881465520302,0.015450238725122745,0.00902374499673897,-0.01661245459854399,0.06051042526485162,-0.06492853214469108,0.009501603957971838,-0.00038973911159700947,0.013068700721056814,-0.028764199152647052,-0.002104998279492065,0.0019126920184362461,-0.013394525396506651,0.0003855431377814966,-0.017248981216198445,-0.00010779575598007796,-0.006617460467850833,-0.008921019216472814,0.014300179396741441,0.0021437859568322892,-0.007092214220392634,-0.004817141026023819,-0.005332739153118382,-0.01179529321143491,0.05707666477673001,0.0011991892541516336,-0.0019478281042211165,0.0017932916955487599,0.02796331672152519,-0.015831302775040967,-0.005865504887317741,-0.004335252363944164,-0.007163097257432582,-0.037702043017034725,-0.0019079254427651904,0.013759909521468217,-0.15648527819234914,0.0011046424835967628,-0.00012530990579762147,-0.009176329478350453,0.0031333117685790057,0.012771756671099865,0.016936585504481627,0.02027307034995829,-0.00015872222638790845,0.004795578518383081,0.00680306816002485,-0.003998892985691782,-0.013570946924573946,-0.0057119954115023575,0.10049966126871368,0.10789818748276048,-0.004347139573383174,0.007074884937765091,-0.020219920148520032,-0.016861553401213314,0.018206790350632218,-0.007166033067733224,-0.01592662839800596,-0.006766155016521225,-0.008240211881457071,-0.0016169588770935661,0.0027482132366003498,-0.0106594886037783,-0.0330045005307511,0.0047958918859194455,-0.00912207820670119,-0.004476023754477865,-0.007975001724844333,0.048010293521201675,0.00018001507936560301,-0.009565199031385418,0.013744208328944296,-0.00376650767020692,0.1307007886827023,-0.010726249103186092,-0.028131259380813844,0.03549497460608109,-0.0008508311821060488,0.002774775685793429,1.5282074173228466e-5,0.032652927646267926,0.011897043049430067,-0.0026008268612542906,-0.001309311049453754,0.0074078054265100945,-0.02541276307412943,-0.004141335723289785,-0.00560971266463639,0.060804314269034876,-0.003933911664489642,-0.1104517022613436,0.011309841230513484,-0.0067237186049169395,-0.0035679983345744404,0.00954074573564867,-0.013765834997684578,0.006600804094432533,0.010154750401397905,0.008547311545044067,-0.003575612368877046,-0.023666326642626245,0.002696409261830013,-0.011573032025921748,0.012930390751535015,0.01765256497833434,-0.009835604176259949,0.005983138007422895,0.00816961216423806,0.008959068384228885,-0.005850656134043675,0.024540157054502743,0.0007660207147637266,-0.00431693526938659,-0.0027904057415071293,0.004529863993980143,-0.0030065585664260652,-0.00041662255443952745,-0.00578867097976854,0.010437736541007325,0.006716199282664093,-0.005879178103214144,-0.0018428434964334883,0.00286399773631274,0.015089719682691793,0.001920469901051547,0.0014883934379668062,0.04932349754972165,-0.0006836897750872595,0.0004507319561071199,0.12273672579203776,0.007088698543611827,0.005109674325467495,0.03144457867477968,-0.012163944001770233,0.13865127865119575,-0.011545715504325926,0.009546259531362011,-0.013256005244329572,-0.0007521854060428268,-0.0029679525935080164,-0.001996960404312631,-0.002680415904706024,0.0025635759858460005,0.007289532295999379,0.0022626610640372746,0.005988834093386686,-0.01304954277793513,0.007715325878962176,0.10206283518073178,0.006331772615112641,0.0034966736161550216,-0.009175358729180516,0.002183659593356424,-0.0012036876178171951,-0.028849857037130278,-0.009901581011490634,-0.017136207481144083,0.027336979959727614,-0.0005610308005543629,-0.00459949725518527,0.026834546653731195,0.018906558496382786,0.021186701466831437,-0.004646183771001233,-0.017638565813626883,0.0013254509747184784,-0.0005382187034967956,0.0010018590888840606,-0.0045501475572109484,-0.0031283688322787384,0.05105206768166681,-0.004021676083539205,0.02464965977924294,0.02059798684240377,-0.010936210239151478,0.005368193315916869,-0.006715300277051028,-0.00029853857211037393,0.03155911435851522,0.003987966462887016,-0.01719647751951925,0.0008155073105626798,-0.0011747308844860527,-0.001626278546609683,-0.10967805449581647,-0.014061433224924258,0.1954737238065718,-0.005447416215588419,0.02042753088102245,-0.028164094508596804,-0.024493860887105257,-0.014892159947521577,0.008852545709487458,-0.015058581911034707,0.04164538642771731,-0.005116547642558089,-0.016395949084198946,-0.013297151260076134,0.0019142702603858197,0.0014789480906642893,0.007328590712234018,-0.007002704212482058,-0.001987483851962679,0.0005309963066792989,-0.005797897180741529,-0.004012111018710129,-0.0016833969219831602,-0.005113916378149952,-0.008241452043876052,-0.0008152487197321534,0.0032841582142424386,-0.0012170922407221951,0.004719542893496964,0.009133077347087237,8.669791077409172e-5,0.0011655463515580777,-0.02144055021017266,-0.0021915786221597955,-0.004361522233693904,-0.024681569608219434,0.004797732286078826,0.00703420647096209,-0.012459783786198386,-0.001920475576298486,-0.11769579686097131,0.0035293196688144235,0.01386311603437207,0.026420781982324115,-0.013615732807011227,0.08962698211462339,0.0029921339436782546,-0.0022310383783405996,0.012245502146470244,0.01227545585061307,-0.004293822935323988,-0.0013458216417348012,-0.03889348502798384,0.01293979387901345,-0.04272288667789326,-0.0034494515418828087,0.023497098495539603,0.0005701193420009076,-0.0038448487389359798,0.008511196302492863,0.05414088510769943,0.009237389396957951,0.008173829696090706,-0.002389655968727311,0.010241523899821914,0.016736771183104793,-0.0005406411852391102,0.011922744878802405,-0.005826597422441182,-0.0008797366576800414,0.0020541043027151318,-0.015150880396276989,-0.00022774415174353635,-0.29539312566657827,-0.019076853525803017,0.009482555422891892,0.0027726375810743775,0.009838902244155179,-0.042852268222532075,0.006789378961912007,-0.0009012473818756916,-0.00865016746092806,-0.0013891529147258552,0.011529095978403348,-0.00029085667449635366,0.017348551873965334,0.012253814651103312,-0.013750742325100873,-0.0006244929439844782,0.010599257548165042,-0.004729945918443779,-0.0043907060334049675,0.013111120635329598,0.008037876512162256,-0.008491991241953656,-0.047069938977756465,0.00036960457805435,-0.02521938887025499,0.012613829983820324,-0.02563328451651614,-0.008365132856170021,-0.002514258855171647,0.014238336700827858,0.00180845992781542,0.033884678569052085,-0.0007150275910134951,-0.0013985492174413139,-0.0024985228153724393,0.012167365410277853,0.0012085700630564133,-0.01449169863053612,-0.006680592751820313,-0.017683111907217608,-0.003180313165678683,-3.568498235639872e-5,0.04046076606073257,-9.46470936469268e-5,0.046690276974459266,-0.004748917075801273,-0.003956529216338822,-0.017665710681569635,0.003998828658779985,0.013677024518983671,-0.0005785259577351098,0.015632064483725117,-0.03565263152722764,0.0035782331688096747,0.026397866379738844,0.0011819203126322009,0.014849184741706267,0.0058688812552532,-0.005557827866596199,0.01026844325269849,0.001215997177951067,-0.017211722488355008,-0.003266530485234398,-0.03337448124329967,0.005134317278248091,-0.0010148864907932875,-0.004795957094756886,0.13321160127543408,-0.011276995759544661,-0.0014537117866098015,0.007922105598936469,0.05292117187582335,0.0022649167076451704,-2.9179343528085155e-5,-0.012045654879102585,-0.023758577785883972,0.0026732697119769,0.0021132208262315544,0.0017072441855816578,0.00013563307402364444,0.0008077268843180718,-0.03220594991557846,-0.008902427414341219,-0.0009595883595352461,0.0040329725600258826,0.012167024660243442,0.0016752625880371852,0.04255626306576232,0.009423860637980397,0.018599718910991214,-0.06038993954825855,0.010010501297983865,0.011529498254276405,-0.005561882816891739,-0.025324304080186266,-0.06906712376985524,0.008695972102941596,0.0005585376945873577,0.21565750163108532,0.012419291954302025,3.569397927094542e-5,0.02330917260348997,0.031163705820290488,0.004196267020688538,-0.008295805778288923,-0.005801852612165703,0.010044363299812176,-0.017826407928282606,0.0038567785260283927,-0.0227534250905137,0.0437352379613003,-0.03221607921705072,0.035586782740210765,-0.004525787859165575,-0.004975134916776369,0.005090012156529156,0.023252825096278684,0.002744789260532343,0.02679782668747066,0.0069032276246616675,0.027637614188734005,-0.0019882567926288175,-0.007309598708559406,0.0003235461635426873,0.0031883118458608806,0.03317587677156553,-0.003707691828822135,0.0053980619904905325,0.00026410152577227564,0.03246331261925661,0.029332783642530558,-0.0006228057593489211,0.03907017705296312,-0.007966975863382686,0.016046641451829657,0.005516338994084435,0.07877110037543389,0.00026910033980698245,0.0007995016026143276,0.041378387689064766,0.02522840417259431,0.003207858971791211,-0.005630473211908793,0.003420224514684378,-0.0001876531473783416,-0.016591862708082772,-0.02461919358893283,0.023353920029421715,0.00956745875703291,-0.007402871062254235,-0.011702454406076868,-0.009883713543331396,-0.013893349419731749,0.008862198628776241,0.0036589344958883885,0.01493549455142329,-0.00015755556796648307,-0.014351294585367214,0.0027416434941187617,-0.005221069392064237,-0.007096976042703318,-0.003845562547667214,-0.0013742626501880295,-0.011214758729465757,0.0013979998784634518,0.01645366953653138,-0.0007248108395288,0.002134960791863705,-0.0055058434359125386,-0.0681190224919419,-0.0009071491181202873,0.0006357777569974132,0.009286392630656337,-0.0006732162064508884,0.007560950091829,-0.0018892333605435851,0.004717049585906352,0.019374900525917838,-0.0432019846402909,-0.02094931709712,-0.06276289693801118,-0.005022944567510734,-0.006019481317707687,0.07706014973661013,0.016232538077929348,-0.0062523223721484555,-0.0062903535546183775,0.02804764176516983,0.00257452136406755,-0.11627921488991433,-0.01190098169081466,-0.01578939821183667,0.05567510727928493,-0.2273480630569793,0.009139280834460806,-0.0028416574059519917,0.011178591084330947,-0.021811794805671525,0.005836709357481595,0.02765725418294096,-0.00022664741845801473,0.0038555659748453763,-0.026404479543543857,-0.004873493290801889,0.02326865717441251,0.023439669318577216,0.006395753750439326,-0.00785369817958781,-0.04784800541077061,0.009544825461034634,-0.005523695020656305,-0.0069337422239641455,-0.003388066799743683,-0.0006680394772047293,0.008070076182320918,0.00493142779214395,0.13516280340127196,0.016940151898616307,0.0009267369739092146,0.019792805154665416,-0.003675633276998269,-0.00023111803761821648,-0.0029100052549893007,0.007941875773212814,0.0084377613147808,-0.00733295841801862,0.023302240574963662,0.06433094824541286,-0.006671941521062763,0.011473608399228397,-0.1916288309380434,0.0010611636541852931,-0.0006754266046300472,0.023999521806217672,0.008363764487512526,0.06434956415387205,0.0015210418196147657,0.010923803727678205,-0.027330107062198294,-0.01451806901945929,0.00127226550512205,0.014757941358539028,-0.01629847640299431,-0.02954542596222609,0.00888600959933683,0.005270086523523787,-0.006081267198169371,0.08845711584672244,0.06167281760281185,-0.007655032361753911,-0.00155413424050721,-4.675789341490599e-5,-0.00894312651735163,0.008011573916405723,0.0029028203393863805,-0.009067565555028523,-0.006838350865336906,0.003190720677594072,-0.07366961701791297,-0.002757489998884921,-0.008698836720213876,0.013678468064426852,0.021265472382765438,0.021641177755100216,0.008721997958379468,0.0030042497028262005,-0.028255551336769713,-0.0011368315797426476,-0.003994407479012807,-0.004664532834340207,-0.3617140574747282,-4.8482017973583424e-6,-0.01635288124998624,0.013498526963303448,0.0024234065283508244,0.03494710328376982,0.023204497122378598,-0.006236337889049537,-0.004960005822340463,-0.0018719820797628017,-0.007459454219770123,0.021978101101012726,0.007904975118066204,0.00793503122349648,0.0018157973289874008,-0.006446726143167325,-0.003926629863144626,-0.01613432030293893,-0.016626774703809133,-0.003046323938633577,-0.001019169683331711,-0.025821940924288356,-0.014242465364759482,-0.006610090601043339,-0.013565833613483846,-0.008140502487947288,-0.0024538517054679687,-0.004227509870361246,0.016016332027902536,-0.01387197048188682,-0.0075699840610923275,-0.03273719632392158,-0.00809790479820549,-0.001627464590001182,0.0013226854676986477,0.009072456104604498,0.003412502300161435,-0.016594376150578682,-0.03455271881830413,-0.01329723307093289,-0.006862258671390009,0.007538396464042307,-0.004822212140425108,-0.0065502722070505115,0.008831113465475937,0.004652777010051068,-0.004581743089829615,0.00758859571760695,-0.03099335712613538,-0.012084904071400615,-0.0042501136821329055,0.012095370104987069,0.0004354321768218483,2.525679852283247e-5,-0.03842329361486918,-0.0003763357730548478,0.0034633478437626763,-0.0015715926590473828,0.006020888552939141,-0.0010481309263923322,-0.016056250817200635,-0.09214617053294205,-0.023359288684105195,-0.006326326016619532,-0.003925872189938673,-0.009188794609372053,0.0037859254175600654,0.025526042735620535,0.003462573120032175,-0.012379653926927858,0.004870077518717153,-0.02708630625556907,-0.004904901611553214,-0.0008218307921197265,-0.016988087454706147,-0.0026924598170126046,-0.01738767148219722,0.013686493764907937,-0.010287062961765514,-0.016385922901974936,0.0008038204182412301,0.023002027969596384,-0.0031827476676369315,0.002635592001411169,-0.012652884791350516,0.003082838162754342,0.0011003134031852824,6.0720885812770575e-5,0.0017098383120099925,9.095207485643186e-5,-0.000577889677344956,-0.006135322493719286,0.018537544372065895,-0.012716937468212564,-0.010396646040589985,-0.07414551305305395,0.003960561752208491,0.005096121630799644,0.0017253775367862545,-0.020513308825684362,0.015034488591027184,0.037223791600581535,-0.0024453891164739616,0.008034067035623593,0.006570136069001364,0.0019601412877818802,-0.06047851462176368,-0.0036699592608329112,0.15137662567531152,-0.0008257476993094315,-0.0056050820585369365,0.03765078843161973,-0.01760089455092384,0.012426193529790908,0.15089259831825075,-0.00025497685419395566,-0.00423599692692278,-0.006051103360277921,0.0015976262268395658,-0.010672682768927189,0.045074905530782416,0.0005492706918630574,0.006606872148040566,-0.008432325219871473,-0.0031600153978388335,-0.0017219902475744675,0.016160567605879805,-0.01767107828419512,0.00422698251577458,-0.0013506353225238854,0.008700860532485422,0.07519997750000584,0.04778950848685781,0.0008030678573049954,0.007857510573558102,0.2092388329010646,-0.005498485283624177,-0.013373420142244186,0.004514286003235668,0.004135910545073784,0.0008340107524418272,0.10920993975196325,-0.004366913396552263,0.0020587589887099966,-0.004227169909881923,-0.0022465118408945273,-0.007063491881126538,0.01074927399201897,0.014377992352024194,0.12026226597436107,-0.0032040537372495237,0.0067501435996746295,0.04629623631808499,-0.008262528521299828,0.19965010647320014,0.0497862146139596,0.03828249201143308,0.008520333982914963,-0.0037581011396241593,0.021871050643085255,0.024599508891924415,-0.00643459108823663,0.011289588184354216,-0.009952712332051306,0.000268551503722847,-0.010649953589336292,-0.011623732403904796,-0.010240446283660276,-0.01834580864851887,-0.005536018114526087,0.00128424098971891,0.011582992524722613,-0.0005812302961203386,0.013259264846368524,-0.004643225891641123,-0.10272050033472624,-0.03171275619388325,0.006904472173118847,0.04371635986854017,-0.0028381207953316334,0.0034970877092064256,0.17447536729468993,0.003579209687814,0.009505083312888019,0.01670006713902694,0.005935576445835977,0.00029194807646604204,-0.008956789936746645,-0.006461002928517701,-0.12674157723085955,0.1446103491323356,0.026284945036877616,-0.002300449725225917,-0.0020640428858769155,-0.012797245184628991,0.017934492411768588,-0.15999474957607163,-0.0040762268805707436,0.0038619693691543944,-0.010666365113593201,0.0045243640797707485,0.0014745012363164278,0.000547865100998024,0.004212666234707285,0.0060504405093979585,0.0032278401590701833,0.012603628640135867,-0.00024584413313277764,-0.030974152417911682,0.0009501957513293746,0.006050117346148909,-0.0050321729465849785,0.0074866502593522455,-0.006206216069358561,-0.02300630891431865,0.018475024532108364,0.0018184028726864199,0.00158668124322503,-0.004767307564634393,-0.007876492529248935,0.006948327576765223,0.01526936321215544,-0.014086480276546354,0.013721163221816823,0.003952774265599146,-0.00421467518776808,-0.0032954385242192075,0.0018296163834747858,-0.029788789495341916,-0.0008621811289231118,-0.03416465978671113,0.001062393056969313,0.006136841242295077,0.057464584955596365,-0.0011787628059209965,0.005958128719157685,-0.00034002644861175213,-0.013347526715961067,0.0053104087983228965,0.0012701121831923956,0.029300223049858687,-0.0022030936037253923,-0.019913486382421297,0.06455732569278894,-0.027374964018235914,-0.09537695041143479,-0.10884146220678304,0.001700604447250953,-0.10279009361420322,-0.019113280312012648,0.06808457238162191,-0.0018226505526399706,0.0027413044025479394,0.008116377332044067,-0.014921648577001179,-0.004430507784832116,0.0004537012428045273,-0.005327526951077743,-0.006391171952145669,-0.004833415452594636,-0.0016677773419360165,-0.010210443339929043,-0.3208414337608474,-0.0023107431015887414,-0.008911248378410619,0.004693887929988705,0.005593003279500408,0.004273341543154174,-0.014395058190984855,-0.009008310066406011,0.0016653536769126731,0.20121451523027645,0.0070321311445695756,-0.009585242472894606,0.003998264102619942,-0.002763303359984093,0.018612435577324504,-1.1150535101478454e-5,-0.02562866266328001,-0.0032894372895952984,-0.016647903731154656,-0.010020047860052728,0.010287484527282231,0.01910883074015146,-0.031011165250220074,-0.15102147987352055,0.01810273620822045,-0.0026755925919133006,-0.025889350423312862,-0.011223440507365012,-0.00174114101446321,0.018032830800166266,-0.003740868445675005,0.0045107909313628625,0.013665002824495787,-0.019719208258720755,-0.005283465663524112,0.012993597865715856,-0.015283431319062402,-0.014791828535180684,-0.0046707952624274185,0.08744835416888463,0.020271107357530127,-0.021553654433773772,0.001029976419886225,-0.014109316572557873,0.03945782755545224,0.015163920644909012,0.0011360854259692132,-0.009678295230855838,0.0033917066093636095,0.0012214525477247662,-0.030541440510205575,0.00037707640444750723,-0.007199351646249852,-0.005469459150390321,-0.001410646747899591,-0.02978071793086201,0.0028857637764758692,-0.1789562037865835,-0.008935006154842995,0.001666160015247442,-0.02631041993799954,0.0011466493422744861,0.02036298166058259,-0.005054120597378642,-0.0144557654170967,0.006189815957441169,-0.004410500760968716,-0.27080764972924953,-0.02769419268997808,0.005052152064308757,-0.015603616789292118,0.007201247267403232,0.0062792486387479585,-0.0055585805105806685,0.00755113781201544,-0.08919935512722077,-0.011229490602318037,-0.008474852913423092,0.0011819168703368632,-0.0034077609107043827,-0.024176995869538587,-0.0008373222131012881,0.24627139725271263,0.007043120884759446,-0.006050687033678059,0.010418068171730965,0.04599943597213496,0.010314606727092723,-0.001500607053458225,-0.005257073804972201,0.006249439964904013,-0.001461375443398083,-0.0043287663334012905,-0.003980499736957466,0.004366281557281582,-0.00850657293040058,0.011786964429575164,-0.025748087309239054,0.40170104595745215,0.0022499691172015446,0.003914404287797879,-0.07658814944397818,0.02310893294043126,0.005561364667755697,0.012202884462567454,0.014198981095432828,-0.010390953026217176,-0.0007765487338247112,0.004087574247137127,-0.004645263111285658,-0.011777001001519238,0.06489275569038,0.004133201801437281,-0.022482084192233742,-0.008768264574314344,0.004681102717768226,-0.16632867429166254,0.007424168231224826,0.0053813223539691535,0.051465956810034186,-0.011663975490591838,-0.23724612268711098,-0.09056206827062852,0.0030237754472182132,-0.007849848935620685,-0.008148234820410494,-0.0012329683152074722,-0.01751501178887338,-0.005646701065998627,-0.008641255813927273,-0.026282341633304895,-0.004217981095735013,0.0023432772120131062,-0.2859220172604182,-0.007162571999288048,-0.02835625125499064,-0.000643525012947066,0.028105817051937265,-0.013252236559765151,0.01652854171652507,0.0014289302796441916,0.0008762285970078665,-0.023763634876786455,0.012117463034883258,-0.0010783930802062969,0.008574547160378643,-0.0053705349159827165,0.005198955920604931,-0.009323513561412256,-0.007374306895087557,0.2566455936057537,-0.0012443327073015098,-0.011936959764170751,0.0020814581881722916,-0.0031245485803310658,0.003996913776063593,0.0001305385913497048,-0.003740410263276317,0.004316195170758874,-0.48828696605846744,-0.013109705003728322,0.0014122431011855952,0.004914972904316528,-0.007485919921322193,-0.0065877066017492325,-0.015064019388773886,0.081730133766996,0.006990457326992328,-0.01156454693455089,-0.11890239697504512,0.007669570721191121,0.002305978703816436,0.006122720545363336,0.014420430387531269,-0.005909980232218004,0.025820637758215526,-0.0033012727431014355,-0.018069520534709227,-0.008710361729999505,0.004972060120962851,-0.00031271010414002376,-0.007624237005188661,-0.08054972841409835,-0.013416307665352178,0.011521699379045458,0.018979793499511288,0.04272749098890927,-0.0018886173766077263,0.002818829034367809,-0.0026772320370014313,0.0011220394299016334,-0.04591956281547027,0.012665567739077233,0.00096204173348724,-0.0018445549839043451,-0.010111891150017982,0.017502930140835815,-0.01000871306962381,0.04849350843232969,-0.01711918960123171,-0.003432629214842109,-0.0034448203307420044,-0.013965371356789547,0.009869585217529675,-0.01267682020227312,-0.005917628803331354,0.0062643321143696085,0.027643201841328846,0.01807441749204486,0.0034610682246238866,0.008201697507502104,-0.014267587373865354,-0.007711264875524648,0.012812749577278737,0.017246088870706444,0.004420498628178393,0.003204157874051816,-0.000551183907845143,-0.010094912566955827,0.024707198607586633,-0.015697433766604263,0.016134867319692603,-0.13908882495309172,-0.01109830511995824,-0.0010010189172362516,-0.018497605716220278,-0.007757063283861498,-0.0336111608248757,-0.053722530442485095,-0.005566383384575602,-0.0006784296829209779,0.007716113283663617,0.00012904579807582195,-0.01697430344484019,-0.010943805004444584,0.00847266884579767,-0.0005615967984340386,-0.07043267386484331,-0.005230694270267122,0.03516150497398485,-0.5440851911298523,0.01525351193890856,-0.00048617353468216606,-0.005138673156579898,-0.00407973717369714,0.20517976303472096,0.01163657628603687,0.016211802569159772,-0.021338254926376976,-0.005221166531555355,0.0035073073127023235,0.00038197145659069065,0.33361591763878096,-0.007183986835570977,-0.0065922807434617425,-0.03395424498648936,-0.009844732595031047,0.003933938782893165,-0.0034527413165506005,0.008764156523739075,-0.01981287453600089,-0.14780825704508516,0.0022884843779991115,0.001852093119168785,-0.03685046073314879,-0.41541342265190906,-0.008818399563551793,-0.008582064406255085,-0.003097465819109857,0.005936158173881267,0.0005093320303330984,-0.01841627540375157,-0.036588019434930175,0.00419988214815703,0.005668054586408289,-0.011377249795714306,0.011554087468084617,0.004075055267549033,0.0018071630913709669,-0.0058349449275283405,-0.005151425743861182,0.007743971365016478,0.013944928876981066,0.00021025157047915854,0.0014048990306037012,0.003368580877349814,0.0009494923690454016,-0.0082475229874035,0.004421903017956197,-0.003954141930307742,0.011322857715754253,0.565227638992269,0.014776706151678809,0.2121737903122103,0.11151046913062146,-0.00015074018574523507,0.009460707502512378,0.010103309769874613,-0.0056345017876537895,0.004980757895850729,-0.23418844910656844,0.0039091718967938505,-0.006023398030720273,0.009302276405833254,-0.01865198823634273,-0.009533562979271437,0.0007196612366442423,0.006577072142590623,-0.016831569233772825,0.0053155217262883525,-0.004004470687050343,-0.11624181164916081,-0.004644065542606768,-0.06378082743867708,-0.02507505868015869,-0.009485396200432206,0.43917978972240235,-0.010681290942557098,-0.010758014962902962,0.0035583843191488995,0.07334475393518147,-0.0005060162038716953,-0.006735546627169242,0.14473204515672933,-0.001974365197128236,-0.006938927998589861,-0.020519535019047908,0.000551753827835455,-0.010074471515963523,0.012209699474624358,0.021545751380017464,-0.020592156213524504,-0.006626069706044291,0.008249042444731458,-0.0035460652419487815,0.01990666780511674,-0.004526197948734989,-0.001228005307211788,-0.008993527068923868,-0.0027936018186665024,-0.02300267649138732,-0.005365349827599175,-0.004935119870424387,0.189358551915916,-0.01335748923452229,0.01737806393828123,-0.021146973158693072,-0.009306445133901775,-0.5293755627385508,-0.20822563973979413,0.009801166663066851,-0.0215305851568246,-0.00430760933613783,-0.0018409005679131951,-0.01925521474367997,0.017898472292017686,0.01102393776000099,-0.0019548947161638353,0.44414403811427405,0.024901276744685674,-0.000816993959233514,-0.001533880092210893,0.011020593074363205,0.01170952944085002,-0.031108833120015333,-0.003439036549480079,0.004318086445891822,-0.2593327725320478,-0.010957398268601537,-0.005669301350280875,-0.009076948632042559,0.02559251117804706,0.6296388805208153,-0.4058860178820396,-0.01697594881989062,0.008686618632054888,-0.007096652876896314,0.002101471550986389,0.002399582801899669,-0.005102560777459075,0.015303474098573133,0.5083014801330137,0.014250361916310794,-0.004120394681763173,0.023404981530802615,-0.017492405022494495,0.01545166904134021,-0.009761381621729015,0.05162138541936656,-0.0005155932743150515,-0.007336287790167262,-0.016515741372359116,-0.018851809676618814,0.007103910788259782,0.02100905844361023,-0.010142518893928809,0.00659891196960416,-0.002541141192750729,0.00021370442823354097,-0.0019308452199311432,0.7257721239042212,0.004857669588773206,-0.0033570395114566054,0.02046655264621222,-0.004053049572803502,0.011923175417450693,-0.004980116798833478,-0.011749664529361326,0.004607557881172397,0.0018347398963669548,-0.03297857632173873,-0.1135568249413268,0.03191856521880254,0.008746085068196408,0.0003671925942398957,0.0028264140771625534,0.295711774142319,0.06831908144522458,-0.00992346350369644,-0.002621709128106886,-0.23921490850989358,0.012945605109962344,-0.014759592460109161,-0.02367950137659136,-0.0044747134888893925,-0.018527759976656455,-0.0017109190156929799,-0.004951091094426374,0.009577976200148441,0.010306196480996732,-0.009756985467788581,0.004383081241257969,-0.005011879966787092,-0.3328316515126062,-0.2774277010260562,0.02645988722997572,-0.00028151689343758335,-0.0007360185097695648,-0.007615286868713156,0.005822149091954998,0.0036616323582165933,0.0008134086206155189,0.006849077114338797,-0.031935302700276225,0.004764898263147188,-0.0006684953038700314,-0.00701693515838997,-0.7196085994000896,-0.019340946526881453,-0.0009808301188058977,0.022663561538706745,-0.00482754662800744,-0.05746235132437505,-0.004641575696268774,0.004041128685912554,0.12548914641320152,0.006192823184278495,-0.009394833544092762,0.017626867968829174,-0.002478012424944609,-0.0005725644678022945,7.05008988006739e-5,-0.014881440627732445,0.00022719799312653777,-0.019580506796955888,0.03790794477185955,0.012470279545595986,0.0026229679265270534,-0.011960809305037401,-0.004273207940059365,-0.0018089749007685896,-0.004950705429514812,0.0016668562339248183,0.0339369995326706,4.469680766305828e-5,-0.020037199213675194,-0.0005419781577984395,0.010407655484996295,-0.008960989636932482,0.00033535617194502265,-0.004573168705064745,-0.00505257923850877,0.0060507723405862635,0.1834589594159297,-0.0009306840356657631,0.011142376795760356,0.018014055396179174,0.03768158555794798,-0.008014965254233175,-0.008495705032942169,-0.008910057284992945,0.003386682681593811,-0.2517867051437861,-0.013765871612690717,-0.08460392699453223,0.0007043801219879242,0.0029869305399188306,-0.003742537681318936,0.2806261738732019,-0.01167964265732735,0.01217453977005789,0.009416757520284591,0.0037410176115599825,0.007437173466087188,0.002600156430617062,-0.019690774906848674,0.0032889732139551597,-0.004879203961536405,0.021765208766737487,0.00736471291656926,0.0007786002818761517,0.017400385381165506,0.016352805715087015,0.0020679408446540037,0.0007215843643280095,0.004211170789858443,0.011478759688543505,0.008963936691543495,-0.1627681849640794,-0.009690183068414626,0.011393156842757435,0.010940680555904692,-0.0007537455527995007,-0.4981242380818003,-0.005022420286934448,0.003440393044911616,0.0047581056189756055,0.001708651944909434,-0.002582344687425575,-0.009273654733988224,0.01083341529192694,0.00681502042698412,-0.006414388437178786,0.009475307960286727,0.0042273675289159485,0.0044232126529095694,-0.02983594064778572,-0.01804822188205435,-0.008205499386349402,-0.001989383148611523,-0.005088766953804225,0.005426220061735876,-0.036206100272465847,-0.019915836660857167,0.005784712173067419,0.001616381434359937,0.0007399727887786867,-0.006989253874962742,-0.025667116919521504,-0.13852343518095722,0.010219494813782148,-0.061708094449841155,-0.003682820052972602,0.0014575989982859028,-0.2170193684307833,0.06115883130360089,0.006836586728923066,-0.0038919530923067214,-0.008674383290554033,0.000635423310711758,-0.01719712809790508,0.013379711251673143,-0.013809309194584785,-0.009998640354979216,0.019415627985381434,-0.16732883571603452,-0.0016106913125213396,-0.04096063815859452,-0.012257926414804388,0.008586620116375343,-0.004570698331804124,0.007743021790133753,0.002587269335435849,-0.02734771012251258,0.009649356687075894,0.0007982180448209419,-0.007823221255421231,-0.0019441648117890509,0.04886018541310477,-9.42606177432026e-5,-0.01612945012448108,-0.0010923873619503865,0.006475463123933878,0.0033817477210504876,-0.0020505418910943263,-0.015290042418484973,0.005444554564746795,0.003188208865140041,-0.0008794219504295597,0.008945891906023462,-0.11180572445817916,0.01051081642117424,-0.002204061883730901,0.07826365995668993,-0.0022347255119825604,-0.043412084385863636,0.005860684511844738,0.0008926059621217064,-0.0009110440713584467,-0.052715066067904104,0.002353364040118322,-0.028221206994203385,-0.014810276654088739,-0.007858404922444606,0.015819930256384396,0.007454374847611689,-0.0013934264870840707,-0.011285149089871993,0.008979903794170241,0.0023730379136281954,-0.09417093594925063,-0.022549964450718107,0.039985507674828114,0.07183374306271162,0.020941659042819083,-0.016173020549103967,-0.003116923167681307,-0.013519749604711251,0.009573530212946935,0.008299516566921739,-0.013610283193656869,0.014751535793848802,0.0002994605954427243,-0.02062583910446847,-0.01522847376372738,-0.0050156849227960265,-0.0025299500603068736,-0.0029251329431190243,0.022443387088060263,0.0005844653117605958,-0.008546058741558227,-0.006934000945079788,0.02570271501554089,0.013315506272192579,0.00028063492266383605,-0.01150827434207713,0.0008107378566819534,-0.0044079914079020455,-0.0019332655465404969,-0.012892991077933402,0.0017198906441535655,-7.436754094669595e-5,0.004064400340666907,0.004606367727774341,-0.007770396688101755,-0.006403553880289792,-0.008278214147139806,-0.000976527438069752,-0.0013283816297189333,-0.00030124070690362714,0.006852452888210792,0.0273624432655879,0.008460978163384425,0.019813147040622425,-0.015919654152412477,0.005096028584830492,-0.0004616025166797044,0.00420934730072986,-0.006123092314510359,-0.0010724735079747916,0.002523290443264159,-0.02681042077119855,0.0982590069388607,-0.0025326394854801038,-0.009120129703433122,-0.007549575391863073,0.26960748134683854,0.010055281312816078,-0.005173770736448091,0.008811707959239357,-0.009700139186520573,0.005545348095211011,0.02031139633163548,0.004716561006716802,0.008672808598817028,0.0009192340663162213,0.021160233493901615,0.006320009988030506,-0.0014048946461002743,-0.0030244283617548717,0.017759445014235098,-0.017870480963665614,-0.0006751551857746563,-0.0012048208773194347,0.002914638571382966,-0.007291446928775258,-0.0013296396730311244,-0.000924023514471628,0.011493838009982937,-0.039906941752406055,0.017901516202073253,-0.0006043134658284544,0.009869960596915917,-0.0049362157546966046,0.012442932730891698,-0.002109853423689856,-0.004456796292060972,0.04098632250770606,0.02736455401964122,-0.00043946846471953904,-0.014552820477319983,0.012311801257965271,-0.022363172321320235,0.016894300400508655,-0.2226023579842149,0.08108490643940058,-0.01731659967521182,-0.01229268092674829,0.09125958275831181,0.003405957103154833,-0.015077632796987928,-0.007464700240575439,0.0012723496653279653,0.008013011734419706,0.09135837196959073,-0.018338026335804614,-0.0032750322383208186,0.006679655934931361,-0.002907731177401729,-0.008729102497866847,0.017399825127995427,0.018063174764023415,-0.0014713264990859898,-0.003173449614848778,-0.04401676929842324,0.00857829894198403,-0.0014281616829521226,-0.012130378645451856,0.0031656550944489936,-0.0038860831507463445,0.002338087370389985,0.005551903681201509,-0.009304943122288023,0.008527669404884364,0.0058243189349482805,-0.002232597333204467,-0.0059242473462290945,0.00289285796553429,0.006375345719106917,0.011045364967458227,-0.005745228693285753,-0.021735512649001976,-0.0046926640171705,0.0010718154840105854,0.3790132748466135,-0.10611694185718079,-0.008563018105178344,-0.008003992151770944,0.015504334711408774,0.0016001869653337053,0.0008794588455884877,2.72262341241003e-5,-0.016434631765619656,-0.008880554900542847,0.01589654473673363,0.01618270814965239,0.26180700439726934,-0.008148540476668131,-0.006603790894473605,-0.003144779740978265,-0.0020117644544370705,0.0020467762846010373,0.014779724255845395,0.09795081249649229,-0.00770816812018893,0.0004124424840483698,-0.013397888313193107,0.0136699225713528,0.015520800319336558,-0.15255518497087905,-0.0002988703708979301,-0.05348767097939344,-0.0030737922543266905,-0.017654139235659727,-0.010709455094314535,-0.003307401928395848,-0.01843697697756852,-0.015461307898135601,-0.00868074052425527,-0.001014662717579995,-0.0006417839640562306,0.0025602468589340788,0.003611479026758957,0.0009602752679711557,-0.0005586990537267411,0.009158297046269581,-0.005313866339747619,-0.0241196114086506,0.08747906695134589,-0.001268899869046436,0.014267940600802831,0.008418367469911203,0.0015144350304581167,-0.010707512984026835,0.009549334290568368,0.005778308381195529,0.11442758804145114,0.12427596688758058,-0.008569555477734525,0.000331896424995648,-0.0026491007415643253,-2.107902878378809e-5,0.4504720665655668,-0.006829910841588571,-0.002471620844538336,0.003361963201314211,-0.17413325202164742,-0.002720317890180013,-0.003973139089794131,-0.023189983911493073,-0.017444179155518214,-0.0004347511321611819,0.028443356417028554,0.013212981077231234,-0.0030433118195105635,-0.19651298447695353,-0.008529388492661383,-0.004500928244851821,0.008557432673796939,-0.08118478617507208,-0.015970348926430233,-0.03136952919612668,0.014133873729633706,-0.004299906061703496,0.010765614975753124,-0.006381709968991345,-0.0003402216634640354,0.004241649850428075,0.0017350870657537598,0.012660932620292442,-0.6099208677771912,0.037305977825440095,0.0013167748729756568,-0.00425717412326776,0.0015444514601767878,-0.004615305647348578,-0.00259013603135827,0.010290019004287387,0.023466620756153134,0.005362993277955752,-0.014299815705271612,0.025893015780184214,-0.00932931493889555,-0.0055410850663975,-0.008130020125463489,-0.005965921173356037,0.006453581957657661,-0.038958186955042606,-0.006846029583726931,0.009210640321498431,0.24435614049343712,-0.4020810961023926,-0.16129038613144075,0.34471336948763565,0.32868925692582707,-0.0008983010329757235,0.0010698124542614096,0.022030879742032994,-0.008687145515523298,0.00018653448660188587,0.0029496598076548253,0.016104592898045667,-0.005398282023520551,0.009071131009932287,0.004529561509343694,-0.7495797935121118,0.01295515711990447,-0.01658126207166788,-0.03575027525698715,0.01100416030726592,0.03257941090805616,0.00018175407211629135,0.012469034877312879,-0.019568893506800578,-0.00760158414595935,-0.0049574911699892255,-0.0033980581479795546,-0.0019028388351216563,0.13130990125227981,-0.0021886323384023854,-0.14993998469572034,0.5381985155270712,-0.05140673523010264,0.00183079064663616,-0.004009297935795075,-0.007273457534438421,0.0002226957949460484,0.0046609350924882165,-0.020136747697961255,-0.005862430878551095,-0.031135613198784995,0.01469523662501615,0.01439880788643677,0.006709410970643148,0.0019597346720559017,0.0024394673093866004,0.009427553406567313,0.005989520424691364,-0.0030153434327075956,-0.002372105801669022,0.012148767230044655,0.010473078287304816,0.0018046424420390395,0.020150560758338543,-0.2233456833926084,0.0008331698936672183,-0.26843939614445844,0.00985160212712799,0.02569129650373725,-0.09990666453811059,-0.004060567338910914,-0.003135536458557908,-0.007925327009786542,0.020471403174269653,-0.01546446368092802,-0.0002511484067326819,-0.017960422837290935,-0.018636442832757893,-0.007868393813623697,0.006104282476712797,-0.00767892542194204,0.0008087449668892077,0.12777027545075725,0.029453403528350464,-0.0004042726466195745,0.1665514286648886,0.016234513703238918,-0.009778087941413105,-0.013216602376587616,0.006605099170229778,-0.01010943622486593,0.006213823988787226,-0.016565769246881246,-0.007388431458821287,0.019726205705282496,-0.005570234523702311,-0.0007837936927899136,-0.010129275263807358,-0.006888810743305385,0.0005226701205174322,-0.009955590794106683,0.003396249891466141,-0.0025108595887104457,-0.03104379349224473,0.001215889321429131,-0.3134725521972541,-0.007723123759205919,-0.01810854767836645,0.003144482263166992,-0.01727501457753533,0.05721887952677207,-0.33176235080713923,0.0026023424761660863,0.03266137224591148,0.004078647099220234,0.007560220602726986,-0.007424832519973279,-0.021269319702469147,0.0015030493400445266,-0.006907699131716072,-0.009958058832125971,0.017593385658983607,0.0034748472464798397,0.005999823878482857,-0.002784806931174444,-0.007323736555918003,-0.012111137800502547,-0.0062479853991135315,-0.005249867922884732,0.02823771686416876,0.0031666834620409645,-0.0030082879159181175,-0.008653946247932254,-0.017110274682636373,-0.0006692605168154842,0.008661950185341993,0.01927893965239491,-0.011313468313801422,-0.001222265319483995,0.013398696961758105,-0.001404422073733258,8.751765267334122e-5,-0.006561117172239506,-0.009990618000301765,0.01307690661496963,-0.0031318842048904116,0.000995770064946555,0.002308368606378508,0.0045830641874999856,-0.030130971832022624,-0.006029682720964047,0.4018058657754864,0.004493739222652948,-0.011782187510107178,0.011991752156973234,0.19951835897234105,0.018994707148976886,-0.018008871808206095,-0.008083205986849862,0.331225979765577,-0.00033412953621336783,0.006502214394913608,-0.004697702287558059,-0.010868945013953635,0.0023207758385979105,-0.014005441509652883,-0.008683842406753683,0.0020708710912913375,0.006741878980847105,0.00039468612521886826,-0.021597594278318866,-0.003413228065483054,0.7009154204209835,0.004263786775027256,0.006281787961597729,-0.0011249327433660028,0.007489015402597943,0.012465980079468864,0.20806137466638575,0.019462105796719698,-0.012395784765431017,-0.001255885803630008,-0.007564778952371398,0.07595610008252152,-0.007794226034093299,-0.014322984890085877,-0.1323124825933064,0.0006831347160698442,-0.030091140325566812,-0.014066699517684356,-0.2735478633349828,0.022692578946589492,0.0015605258298023728,0.006991929582000012,0.01046636406158541,-0.010300266333636898,0.03286133465462626,0.003042217986376272,-0.012291949861946705,-0.0038059103479781697,-0.004235636548628463,-0.006122611029240943,-0.002380972735409159,0.017039043357499395,-0.00034539495004537457,0.47038989479187876,-0.01069495279003263,-0.3915946205743239,-0.0015575463887671503,0.012237594966791221,-0.008152374439760024,-0.003102845201283344,0.0060661258651180106,-0.0076470135965607255,-0.010130181495014767,-0.011918817850528285,-0.011597183892718022,-0.002165782726933685,-0.009245630343684752,-0.008148463719408028,0.006731645964123345,0.01826078261768771,0.005282299137888913,0.46434724181324327,0.01531909274368104,-0.00841816023876163,0.0033129690481246143,0.23013343441562029,0.03964474869985679,-0.0022078459878684953,0.003987968150397592,0.13366003261398873,0.006904296715902092,0.009793061271466286,-0.04455919368410832,0.0006452534744312288,-0.002282353368514123,0.008703801231376929,-0.003761879782075539,0.002494915083126159,0.0010445873774642678,-0.022952147955493274,-0.0038478265191770333,-0.0038406272002475816,-0.0035899897570743633,0.0027167161073293755,-0.012855918499326435,0.006058012227185827,-0.021202985021773202,-0.0057212294553039555,0.0006287134813192097,0.0027533000432526933,-0.00941787366537028,0.007176516908998565,0.09218527674511279,-0.002363739694828837,0.010087201554597414,-0.022072047721394483,6.2366695772198e-5,0.0010539266731939279,0.0029185690927988617,0.0018195791778907733,-0.014772062003657993,0.01704934923475321,0.0076456234430679615,0.009767562876390912,-0.28707990522889304,0.00689209334905172,-0.00028153559037491505,-0.0008711225532351818,-0.018013406752970695,-0.03566816186867072,0.008642657019663602,-0.012259671805395556,-0.002413847423667903,-0.007063157585747604,-7.560543321005753e-5,-0.012086013526641182,-0.2767413132115166,0.042070462691299326,-0.02316779227180632,-1.1299399943709432e-5,0.008664587118119016,-0.003978549299063161,0.010523678418906002,-0.001964129601105924,0.0009450177972212259,0.02211822175740963,0.002738692790217101,-0.002084086739415625,-0.0035689947668515742,0.013172144048439804,-0.002573958735410997,-0.0004361832079666783,-0.008487921167102286,0.008546162135402824,0.004089309049959411,0.009368348493808298,-0.028276944668505166,-0.009389279475726653,-0.3472326377548143,-0.002448350419626877,0.025882207935865154,-0.0033757120829704945,0.001069289888619096,-0.0021716453757107956,0.010745607793523959,-0.005422128079885624,0.026194551732260152,-0.0029439848337915464,0.02992990602433565,-0.3040324797008882,-0.0006654148783127312,0.02205087111224202,-0.02038956572596362,0.001164400488960382,0.0027006599086689675,-0.0008168755341557699,0.0023296048386569623,0.007654313122088752,-0.020948636150933453,0.20779471467471922,0.0005239720230640899,0.019276455070666998,0.016492663512707395,-0.00839957780704026,0.017027331056851835,0.009852670361851779,-0.0026823293605957588,-0.016044838923335192,0.002007658148158953,0.0025041188205250364,0.00890648578803166,-0.02402893030661346,-0.013215280659551354,0.0007888294687745656,-0.002841455606528598,0.007314510689411691,-0.0055151959486465785,-0.022791019885517017,-0.047555520313835586,-0.004380708350140594,-0.0015516078415203083,-0.004705809697441055,-0.002074628145891211,0.009060240558937949,0.0050228581180817855,-0.00997335541251232,0.02417564016036522,-0.001809627972988892,-0.0034196224382867513,0.0059926640351477545,-0.0010782363388841532,-0.263600175939132,-0.007922019541183545,-0.26111580498741205,-0.0037010859473411983,-0.036481095091403404,-0.008736874668102246,-0.0010656379899955937,0.016965678976703202,0.7278508458494457,0.0009015597381392126,-0.0016851784200753173,-0.007797455512957185,0.6861577932304499,-0.0038774587893044554,-0.0025086574769375147,0.0064452248507222976,0.049622883792153516,0.0233184221197007,0.0002751202973740874,0.005567060419707559,-0.008836781838454044,0.005268581238169645,-0.0037894824275781502,0.0043841555893777695,-0.006130555440904573,0.017022632842326857,0.002819554099517063,-0.014248848331362751,5.522566223703507e-5,-0.0085218051344782,-0.3807299896670884,-0.024132529018061177,-0.009218526516633574,-0.000951228696067119,-0.005045309326419556,0.01421840047396472,0.006831593152128335,0.003830057086929628,0.0009211950102780975,-0.0018208835185760108,-0.0007405470415733362,-0.0038500834668866446,-0.00487390236504659,-0.0022546343739122676,-0.0012574076795317524,0.011616514414868107,-0.11963153763372247,0.006516190914226172,0.003739520678777808,0.01015642299580577,-0.001861496243691363,-0.007837369730054888,-0.0040869287900022755,-0.03076658292431489,-0.006659150329994645,-0.025129937255542245,0.001369713489566493,-0.004330095255681954,-0.007634684131744507,0.0011803812469679542,-0.001459843192151311,0.011165792992926526,0.001229149639584648,0.0044360812189552234,-0.006339897579437093,0.017265748874706333,-0.014687522554595489,-0.002295240059538628,-0.017647262396167207,-0.003641533757900106,0.00020442501488560083,-0.02468076831428334,-0.015906711598972834,-0.11441353696318401,-0.01186600340838595,-0.1532483075025084,0.010001266624385607,-0.011813213304321835,0.015978373709913285,-0.24478879236005469,-0.033307385207535845,-0.015436327031920882,0.005042249758844264,0.008821258047646552,0.0027637865983365373,0.006285096203100693,-0.0018750446295143774,-0.0009530052307127335,0.006450196308833256,-0.0026045188271837105,-0.002298933148267679,0.013675428369197107,0.00032264133119497274,-0.011287275684480846,0.007793892045810935,-0.002893866282079216,-0.3396515963472666,-0.006986226657318184,-0.00992092129035882,0.0026547294419287937,0.07965157782837196,-0.020565593809351412,-0.004992452954525106,0.17989597470932495,-0.009689403398169816,-0.002776304550934583,-0.005665077195317281,0.0009757713164617599,-0.012870801190047132,-0.012040873497426219,-0.011288445839454653,0.008124967605340316,-0.0047537810323774465,0.019055050156111975,-0.10546544703174732,0.008792706625854407,-0.005952947066361958,-0.00024615437626085424,-0.009655714602786247,0.030842096257401863,0.008819830166206799,-0.002279966534416644,-0.01576882669724,0.5698547650627006,0.016645452722514165,-0.0071989689745350915,0.004854509409597085,-0.015340464836754109,-0.011064154844461882,0.004489840503083542,0.03725017395663599,-0.008821611338134971,-0.0022520239081131876,-0.003350976644696857,0.01193524461632478,-0.4895598604020961,0.0027113070833593156,-0.005995443871597672,-0.011516445936194941,0.014398457136053366,0.006267008763927606,0.004562521917932827,-0.016165997287544087,-0.0023691156272889202,-0.004995026476763087,-0.009587014568296581,-0.016580283957409847,0.06514995766337961,-0.0020703382059537034,0.0036766948253443843,0.0031068505720668327,0.14756462300397288,-0.013281328974699136,0.053186929071493694,-0.0031202381661934453,-0.0013076276750325633,0.007566266493370222,0.002488165981048951,-0.0021611433671751,-0.0007744298401917149,-0.0017177741333398444,0.0011182450978139968,0.00692480808493201,-0.005341072672763403,0.01664878278370452,-0.03038934838377827,0.0015607156228725216,0.01789983699433151,-0.01572100695568679,-0.0146205237194863,-0.007819375146937091,-0.011475869854621124,0.0027467794088522623,0.009530919451663067,0.0014473909877779079,0.010504277285804164,-0.003655195240867215,0.03782760711709443,0.009437845572165315,-0.008911079999279536,-0.009546627253257611,-0.03119953407099274,0.005459492564240165,-0.023927575094944586,-0.007503442699771767,0.09214760634460362,-0.005977979531195388,-0.2407801406927348,-0.10214646335225552,0.008129877813416897,0.24482735541573675,0.002521658072964783,0.023258703821511517,0.02302219967975816,-0.0013601578284578864,-0.022970049264131376,0.1686933762211993,0.0026925021425086015,-0.008781579011383656,-0.0012137858898313425,-0.004237781988791767,0.01165760483320355,-0.0005228610425547231,0.007622975322931325,-0.013572719046351267,-0.0023100347112290365,0.019923293069950887,0.018962933213757083,0.0027859312931468594,-0.030578491537653463,-0.004850939418247435,0.0020252315056268344,-0.007360548192082206,-0.002224996082986763,-0.006679738121704304,0.013461058457323816,0.021067569502974948,-0.02509235855140446,-0.0020460500929289083,0.006390574048964481,-0.04362519099023743,-0.004552275057097432,0.0071983985037604725,0.0035217810269614347,0.07360341082676314,0.011090953631764933,-0.012256736360541254,0.005784860199810282,0.011946261186267293,-0.007082162102278744,-0.0006489133534159919,-0.009959464677649521,0.00587390310806768,0.011930094671924962,-0.01545913329709947,-0.002387116160662117,-9.306024264787993e-5,0.03277611040539341,0.0035696847235158202,-0.016771294806744663,0.01806083086057697,0.014582805130174847,-0.00013444230989989592,-0.0008206780191812868,0.006440255667712336,-0.0006539422959122021,0.0005435263901745202,-0.014178306502117266,0.5595455568777652,0.017130982761784708,-0.005131305785710083,-0.06308918546346831,0.0014308697406022475,-0.020745549009120623,-0.006116072469794176,-0.017353825606051032,-0.00105377928815642,-0.010104245057837247,0.0013449614796172682,-0.002130040187466875,-0.00693365005065516,-0.011329613376574343,-0.0015456199789696257,0.3031877908788374,-0.015709187458924134,0.23668892410387343,0.011998298171874922,-0.005471502848877208,0.010965230629338407,-0.008873976191352995,0.0028869700149698474,-0.001674493711334435,0.017125510465575644,0.014875669724006002,-0.0012743543593387585,0.05577157392360732,-0.011793767315452897,-0.007444665262028138,-0.008682048326136282,-0.1834695413076588,0.0034102678600902436,-0.008836695505578973,-0.0010378452634540736,0.011545108075097232,-0.009385185618157266,0.0147172661836521,-0.0019363956942584082,-0.005902124853037094,0.007718731761997333,-0.2563121149714789,0.03293005788600567,0.007306830559627997,0.025701045719642934,0.008216404497943586,-0.006241621783374285,0.013921278007728688,0.00804114895481689,-0.005450494908473047,0.04481589173281009,-0.008090751359986825,-0.37796621568315913,0.07813425790718043,0.019631141495210613,-0.01003440055228566,0.004017875251975056,-0.0037545325170640353,0.0007503404849558137,0.01096323756610218,-0.026239635547881335,-0.06595067049715908,-0.008089476321174516,0.004121383586607408,0.00010656889996596419,-0.0006981766568685543,0.022931853392037738,-0.007999211549304164,-0.007057725101731194,-0.006854653573100222,0.2073301239365719,0.023936952028407177,-0.013326760110430769,0.0025407415646441223,0.025302701176769915,0.009804381040794397,-0.01108325617542505,0.0006070467763947818,-0.003904140412714696,-0.0009304849393174663,-0.011916256182757934,-0.4344329761829613,0.008601884051131492,0.0026785825070874125,-0.15495525471533256,0.009314638536579878,-0.010411258346721297,0.012157846477521161,-0.024494567302099313,-0.005000401151846745,-0.21797895684397872,-0.0894749442447349,0.00927248005700676,-0.011567103897050401,-0.020243149097268542,0.006255409513869381,0.025728508474458067,-0.00440826030808239,-0.0021115477907187596,0.3761663084023894,-6.508711519748189e-7,0.0018736258241460746,7.43511982363998e-5,9.951122211134238e-10,2.0357252455305286e-5,0.0012976211733075615,-2.256708792058859e-6,-0.0021454822276609775,0.0007095175511437901,-1.4060500783896757e-5,-2.0834512404199756e-7,-1.3279744708327712e-5,-1.376895353705221e-7,2.855139715832178e-7,4.873492958523684e-6,0.13280312554707052,-7.0493595756282446e-6,1.4955656387621863e-7,0.0015156370964177768,2.934277327426571e-5,-9.906616398325241e-6,0.00012071451544670708,-1.2245858216353156e-8,0.001350170521476457,1.3419361297086624e-7,0.0003111535019826306,0.021280244621721067,-2.1348092733575186e-6,1.4060307343299883e-5,1.3903008224389925e-9,-1.572093472379521e-5,0.0062838110284246795,0.016771793564657855,-2.963580636716756e-5,-5.515722094906472e-5,-5.2222201745166785e-5,-1.5906596360082403e-6,-0.005762969539546248,8.618522827075203e-7,-1.2052285454977607e-5,-2.5580837457184202e-5,-0.0011940557845377953,-1.9772353326175107e-5,-2.8036871291270415e-5,1.7843129185290962e-7,4.192934065061493e-6,-9.63621284322258e-6,-0.0001223481618524147,-5.0022138555760876e-6,-0.0021771378801531682,0.029875813423132058,-4.321530690243325e-7,0.02736005782844586,-3.705701294975938e-5,-0.00024199591427986888,-4.998260651234432e-5,6.726423333689585e-9,0.0002741867682463095,0.022602275192184607,9.189356248384684e-6,0.0006578977208846482,1.2286827222318664e-7,-3.540169407900695e-7,7.637866938381421e-5,3.9014289826121845e-9,-0.026501746877329424,-4.2257545626589454e-7,2.7122356858794334e-10,-2.6931597449930678e-6,-0.023359018196060788,-1.6372195899450048e-5,6.982615458452426e-8,0.0002022203143381418,2.056679250137753e-9,-0.0033159024224005407,1.9615819792095923e-7,0.03326882006035703,0.0038887734627905957,0.00990277612254431,-0.00056508603910288,4.0391665128147736e-6,3.295845196760183e-7,-1.3358218026837676e-5,-0.0872039568494074,6.781687726942209e-7,2.811259042570513e-8,0.008356644645346023,1.5275492438737714e-6,2.833939601000132e-10,1.1036778877100695e-8,-2.2937529000066625e-6,3.967268691340564e-8,-0.00041577223646882544,5.352129859583724e-9,-1.25938376998036e-5,-0.0006414595898149855,-4.381567032751832e-6,-4.237503299009404e-5,0.00010222898981737671,-0.07341214097687043,1.6753832941418523e-5,3.935348845729436e-5,1.1876737240346102e-6,-0.00046624893263924605,4.814910801315131e-8,-0.0006111136516651072,1.2137309453597034e-6,1.0780261953296025e-9,-5.349332263904216e-5,7.305521116052205e-5,6.987884931114463e-8,0.01804827364776429,0.001366612990068461,3.2635571124012275e-8,-0.0004491599529288237,4.4679450287091194e-10,-0.0004338456080290598,9.034764485704727e-5,-2.813756659492128e-5,4.434241765771674e-6,1.2625524068582417e-7,0.060306346818833845,3.928592300084244e-7,-0.011593193019649561,-2.676674719266636e-7,-5.623871973448047e-6,-0.00041916540965303284,2.9682153263044242e-8,-0.002840476486198895,-0.001436430350622686,-4.7443774631172886e-8,-0.00026831102735513923,-9.941348557518381e-5,0.008172431346110898,-6.953604508641575e-6,-2.5371390821593565e-8,-3.8299645351014266e-8,-0.012259028600055899,5.94611375603904e-6,3.471916192043789e-8,-0.29901941739808535,0.031858297041253536,5.879064608471651e-7,-8.445841130111376e-5,1.0669349387814296e-9,-1.4507683934184001e-6,1.5534492447955017e-6,0.00015718556502974934,-0.00025686838214511454,4.822984500385541e-7,0.0006046748592893891,3.889930802580821e-6,7.846695031510365e-7,-6.026051658641896e-7,5.693486646940471e-5,-1.984647017214125e-8,0.006181237883538415,0.005363357955047832,-6.59539589591418e-5,-0.0023960842891028733,-3.6840394065096316e-6,1.4830964080100872e-8,0.013639976517879404,4.7873237029108506e-8,2.261737919076034e-9,3.1973830466949793e-9,1.0573970562699486e-5,1.2930321382836549e-9,0.015948027573813306,0.030531086600603885,0.06773564164177515,6.024491102651908e-7,-0.002349932718971104,1.156646485256374e-7,-0.08195836243987742,-7.212908740505952e-6,1.545805379166154e-5,-0.008232053271512996,7.091605180242766e-5,0.0020599502736331488,5.522316911032998e-6,-3.7079267006800976e-7,0.0007467453404288449,0.14978728552523535,-0.007155729693977264,1.8108023587259936e-6,4.4028228791126445e-6,-1.1572506631862822e-6,1.6632915608383314e-5,7.064537368289825e-8,-3.530280619834514e-6,-1.9779695405869324e-7,1.0925638983751065e-9,5.262913178150086e-6,-1.8627090015987946e-6,2.5354284493087076e-8,1.2467839375935458e-9,7.02366687832523e-6,3.4008367819637897e-6,0.0001323903066179355,8.945954641675392e-10,-2.020539738412097e-6,5.996629985106916e-10,3.041758698564545e-8,-0.0025901520075422013,-0.0005261966575744736,-7.229203432615461e-7,0.1924391056618333,1.5374895113995368e-8,6.002907754210085e-8,7.320554894940656e-6,5.0625137554272115e-8,2.5061530530834375e-6,8.655526994444385e-8,-1.5715799012383513e-5,0.0008945125271111465,-1.278249297120837e-5,-0.015935981323309534,-3.148657231566432e-5,-2.2432864240862216e-5,-6.756385870509973e-5,-0.0017058360119079907,1.8063993843223016e-9,0.00010302165065922964,0.04099102027839763,4.141140735229934e-9,5.7157646601857515e-9,9.997172651932118e-6,4.129152937539654e-9,0.00024155465003872223,1.876703838377125e-5,0.15421309482735523,-0.00011068980456485633,8.480306253488834e-5,4.857004160552236e-5,0.07134556687833538,-1.3516765540622089e-5,-0.005076903060398763,-0.06501964408926142,4.861468049455198e-6,-1.1682468361098874e-7,0.0878844204453344,-0.011009152285623713,-2.133384789004822e-5,-6.891876221191279e-10,-6.347058678982109e-9,-0.00020416524162669702,-1.5384131302198512e-7,2.3892977242034874e-5,1.950150670419412e-8,-0.000702884652852731,9.781474302646143e-7,-0.00012198755203129963,3.2319589643448055e-8,0.00010211813009419757,6.237455161706151e-6,4.151890180992268e-5,-1.960516783222621e-7,0.008687673644203642,-0.0923565981005936,-4.907516771623932e-5,-0.002360680535730353,-0.005171866400360159,-8.205497384165816e-8,-5.555420704989045e-7,0.00011274159633423153,-1.5780028883582986e-7,1.4349366022514687e-5,-3.290819121559707e-5,-0.001529993822941833,0.0005256124150037067,1.3246900609775736e-5,3.85528607066421e-7,7.190243862559287e-6,-0.01327508349550044,0.0073641974842217905,-1.422302154274746e-6,8.559981185385368e-5,-0.023316011649058055,2.249059064636169e-9,-3.2173663320200774e-6,-0.11014022368908627,-2.4274857484130052e-5,0.00029312846385209923,-5.112959983222254e-5,0.0006137661398781802,2.562943735351375e-6,-1.996991562253081e-7,4.7546639788537126e-8,0.005382637503316801,5.026582676759261e-7,0.00012079640719520057,-5.041305636277471e-7,-3.232960351651215e-6,-9.863200958193374e-6,0.011881018946041877,0.0016396508035541046,4.8340838419008714e-8,0.39399868082273315,1.3294265198242339e-9,-0.034472474950234755,1.6177575389297871e-6,4.42261175155334e-5,2.4936659769438443e-9,0.0001815197502992305,-1.7103258724837644e-6,2.8849144596929544e-10,0.0001479312233101382,-0.005554690648978067,0.04323355228279979,0.0001059638456695211,-0.0004281886803596535,-2.146668589331213e-6,4.818812766784614e-9,0.004408885497070969,-2.5983671946505638e-5,2.286256304273593e-5,-0.000303502713677517,-2.9285012040358716e-8,-6.13776189317683e-8,0.01652450194967514,2.4036272176175544e-5,-0.06488437718508067,-0.17062542921848944,-0.00028803059495885464,4.243522209838868e-9,3.7835384084417e-5,0.0008067139158782766,1.8525242823363985e-6,-0.002597650175630406,-4.3234721047724634e-5,0.0014585141065452945,0.00035955960947831045,-0.0020987736393180967,-2.573396008287432e-5,-2.2315701839886737e-7,-0.00015553454912264897,-1.0756958631480407e-7,4.8496586736029856e-8,-6.57864177959766e-5,-0.09183724391914438,-1.7092261734852343e-6,0.0001983553086830625,-8.752162350766923e-5,9.994357661564576e-9,0.0003997677234792718,-0.00012675611973023138,0.007012876176986538,4.307186031304866e-5,-0.23762443362284102,-5.5617450129830104e-5,5.207572087906256e-9,3.7072036836172106e-8,0.0501892586289614,-4.012399730246585e-7,6.137633808833698e-5,-0.002891070182840849,-6.396048467943727e-8,-1.7133463874330346e-6,-1.241155440576125e-9,0.0003101046349733849,-0.016354344739738735,7.550776752740518e-7,7.160401225940471e-10,6.472368692909958e-8,0.0007433774798926152,-4.491682080498549e-5,-0.013141140422703756,-1.2355842842204368e-5,0.04422665711172158,1.3736983131451552e-5,-0.008843906067340868,2.1428375280851952e-6,-2.233062619483306e-5,-0.00032548531730469676,3.045801965674555e-10,-0.0013897971288088229,0.004746633268041478,-6.437090057098693e-7,-7.07053194548557e-6,-1.5220500840129603e-5,-1.7466600269244736e-5,3.3580097211771687e-6,-1.5901212113145213e-6,3.34122037450868e-5,-1.826246380787211e-7,-8.641629691830133e-7,1.1707151768332183e-9,0.042231281384829344,1.9362355177304433e-9,0.01665844379385817,-0.0012312440637742839,0.0007308035548447833,1.9451335832179964e-8,-0.0018373956936557079,0.0005414652090394156,-7.583241559000475e-9,2.8425949942345596e-5,1.0510551880282826e-5,7.912820272071297e-7,2.1415362443655273e-6,-0.0017990563505918544,0.000347800562451539,1.886037594545087e-5,6.451473408120023e-5,1.0505672554768017e-9,-0.05809245508862659,8.585549530337744e-5,-0.004339803855373248,-2.6375949117252162e-5,-0.12482871363681625,-0.003403177017133885,-0.0002518844620311711,-1.4501755422058338e-6,2.8750905533073134e-8,1.2174955403287946e-6,-0.013931459398008883,3.810070462739734e-7,1.157983687605224e-6,7.4513382748442325e-6,5.2822664832419264e-5,0.012825023489313025,3.2201165760525896e-6,9.507364283578568e-5,0.03808958478794011,-1.5108366911764648e-5,-0.0035818501830817695,8.90122097541024e-6,7.098095737845256e-7,6.1144874340590336e-9,4.742496879095448e-7,4.581050244603212e-9,0.003713803695518436,-0.0003087369487388969,-2.2111936344437755e-9,-0.0029486152020581358,-2.4842513012046652e-5,0.0074443819801217614,-5.962365135503411e-7,1.7032727281374171e-7,4.26963265764968e-6,0.00038239199511735933,0.047332716741379954,-0.000568359889371095,1.936318007267346e-6,-0.00033501836571048216,-0.0014920375115252682,6.074232150599101e-7,-2.717258324835825e-5,-0.0007382230011216961,5.836706280792914e-8,3.322687497711585e-8,-5.420962484459224e-7,-0.004007221292297913,1.2718278171071351e-9,0.0004244559756330091,-0.01584480852670822,9.955385245064008e-7,0.0009569787970349353,-0.00016678797022962044,-3.029935546905449e-7,0.0011568360673592792,6.316163535302621e-5,1.836444078562316e-5,1.733956423777272e-6,-0.0004139980323003556,-1.5262851906783226e-5,-1.4844685948256497e-6,2.2701097055488617e-6,-0.000104753198115759,1.1541998815034482e-8,-1.5335285933337772e-6,-2.2751615892657728e-7,0.001970439433989668,-6.29290053968945e-7,1.3445369019815523e-6,8.648068927641361e-8,0.0005579949029197451,-0.05364221660056501,-8.294128971542136e-5,-4.6426179961533975e-7,-0.0035630095644592075,3.701409153657187e-8,-9.288234070203849e-7,-1.3141618877554606e-6,4.4256033149281393e-7,-4.746346246520261e-5,-6.593009321820276e-6,0.0013573590065334429,-0.01045634816364327,-0.006951552728423849,7.243300244874629e-7,-8.982122190470676e-8,-0.006416560630441381,2.656338402157177e-7,4.56358292488801e-6,2.2261804707643384e-7,2.083166092958777e-5,-7.207564460265381e-7,6.124566989196625e-9,-0.012139068426677113,-0.001534718504672128,-2.941444786630498e-7,-6.922517975516129e-9,0.00044682784437100054,-3.7764135525364395e-6,2.284747541492216e-6,9.400009366444806e-6,3.58572856086134e-9,6.811790554672736e-7,0.001329088687100466,0.00045158374332832096,7.373366235088018e-8,-2.1372827824217566e-7,0.012681693689614804,4.216300263842898e-6,0.037741533626103774,0.04724748026183079,5.820590692588723e-8,0.05335765409836313,-0.0004779740782510089,-0.016783101367764175,1.17697626991764e-9,-1.587185131768365e-6,-8.0770517245643e-6,-9.289943745955515e-7,-0.000624665944485514,0.0012012085428523278,4.975274485730097e-6,-9.212361073204084e-9,-0.0018900975974247558,-1.4350823691056114e-6,-0.012488821959777852,3.419129681958566e-5,0.004830486348055274,-1.808975055861417e-7,1.8919743074302664e-7,0.014319263974130081,1.666237096290945e-8,0.013150796247543894,0.00024144677158233208,4.248228878012128e-6,-5.14705544851779e-8,-3.9484062625660954e-5,-8.16432882980167e-7,1.5716252144137854e-7,1.0674196726512264e-5,0.003330367799890155,-0.0004133063021924954,0.007456622240511024,-0.013339625467779115,0.0035940659427069477,5.066430365241459e-7,0.007929896341011045,-0.02397157552331919,-0.0001967150290624886,0.003193219162767491,9.203299590476721e-7,1.7509062902459904e-6,-0.0001996194064872725,0.001314807255141659,0.0006345770195821387,-3.509557365956404e-8,6.777541206037796e-8,9.061485427253047e-5,-0.005696103175978351,4.847633798488182e-6,-0.002360572484349177,-0.0004561679256767093,-5.485674073324454e-7,9.292102974654132e-9,-0.004465537157898325,9.830844101088587e-5,-0.00012827869852571894,0.18521107897038291,-4.0246158695966816e-7,1.9252187843932234e-7,-5.533408977331442e-10,-6.130918439817279e-6,9.37514592894888e-10,9.34186903611689e-7,2.033859244237636e-8,-0.0001301411761538418,-0.0023061054225763655,-0.0012546401885344949,-0.00048459251922849944,2.2074106206110278e-8,6.483238394139335e-5,-7.050695426114029e-7,-4.218346854711896e-6,-0.0009502025191636676,5.213069817600058e-6,-3.585965634300692e-5,-0.10643074949257425,-0.0027847822657349752,1.2361450044129363e-7,-0.013783624504867475,-1.2136490140868261e-5,6.240960145897922e-8,0.0005316869716125439,4.0889324037785e-8,-1.8433676949314304e-5,-1.606690667799171e-5,-0.0001928023409654145,-4.116283966737466e-7,0.00035047221146555785,-2.4002415512924813e-5,-0.04531888856035948,-0.0007519328175646933,1.20967394021676e-5,-2.0923083640767004e-5,-1.832319537697913e-5,2.6403300807942287e-5,-1.5019152017625714e-6,0.14032257707731333,-0.0053404859945658245,0.00025203902841042236,-0.0037227362035991973,1.593494779683624e-6,-3.249342130473565e-6,8.388845157067393e-8,-1.0127526500980366e-5,2.5741684834060252e-8,7.544081549459847e-7,-4.481535148670446e-5,-1.4255997389800434e-6,0.05900908457897458,-0.44893428472278174,-0.06748292682459578,-0.40347056305472506,-0.0001290289095834396,2.0937828547340498e-8,0.06953217759291874,2.5870780859804654e-6,4.436482313680337e-9,3.2243422222553303e-9,-0.0004074325624969788,5.744511894639759e-8,6.466529386983666e-5,0.0008468880648706545,1.2572952730587755e-8,-0.013785737188754865,1.2775041317771713e-9,-0.09883886490570148,6.705851960525644e-9,-0.0008665469644597579,7.950705736413811e-10,-0.0009271197470752668,4.523365455355588e-5,-8.682268780546565e-5,1.2986437947920537e-7,0.00013103031618300065,-0.000266181780318675,-1.0331859714440839e-6,-6.885841099091294e-5,-4.080914472126551e-5,-0.0017057250047400885,-1.735768371535773e-6,7.757659939855444e-5,-0.024088898216177768,5.241823207587613e-10,-7.10993133878901e-5,-0.00025159140384900525,0.00017107148702422137,5.208401096412629e-6,0.0032155524249901646,0.03278092290202039,-1.8178982974959013e-5,-5.350921501723338e-8,-6.54104140167533e-5,1.7182139788185502e-6,-4.907016332329761e-8,-7.3663969761827985e-6,-0.0016874096614287737,1.2626671586340316e-8,-2.6264218453420085e-6,5.694755488505621e-6,-4.570694595429359e-5,-0.019918548086934607,-0.00036048910689601144,-2.6958553795974893e-6,0.0005583613966280154,-4.6951289421615083e-7,-0.00032669144918884285,0.0012787176530792976,0.00022766781393457336,2.8384255559670002e-8,-1.4546095039591478e-7,-0.004528998519162997,7.862974872985262e-6,-0.002273685990985541,0.0033765874013624853,1.9628747053093698e-8,-4.174307371762609e-5,6.717699083482777e-7,-2.492220664909728e-7,2.7284308592889772e-5,-0.008603491424764798,-0.011053624753913027,2.617374548589957e-7,4.012117083340705e-6,0.00012993514320136512,-8.414538583707137e-9,-2.4666172471488057e-6,-0.007031872618199486,-0.00041193047816534545,-0.002206400295108324,-3.358308055290138e-5,0.00046705726083473564,-7.510550933953475e-7,3.5756082361615427e-7,-4.729637076650306e-6,-5.062721249449176e-6,-3.134779186925174e-8,-1.33911923724285e-7,-4.705997011800189e-6,-2.2261479553531416e-5,1.9390768470615473e-9,2.4555337967413493e-6,-3.1899060438066174e-7,0.01712270631753654,-0.031926809508149745,1.5155509165351577e-8,0.00015954176487209537,-0.0017184134438821275,0.1848992171289865,-0.012091810922811419,-7.297868406652697e-5,3.058441415793034e-6,-0.00012162390407866042,1.9978788512453605e-7,-4.825635679939211e-8,5.610670320704836e-9,-0.00019190767027055244,-5.059237174719067e-7,0.0005727054641226914,2.335301802075529e-7,-3.686139466552163e-5,1.6885680419465032e-6,0.0005457049710457795,-0.012521924776137894,8.17340411962686e-6,1.4378638221040907e-7,-3.7612320946678324e-7,0.02193100137401416,0.00013901137030103428,0.03541184989296653,1.9097591796302105e-6,-0.02223011271416908,8.311972022668514e-10,0.003040345962972424,-0.001583804795245669,3.6451083514243976e-5,-1.0626625206178186e-7,0.03379802174094948,-3.9454813097195007e-7,4.774981422956716e-9,-1.8118739342209977e-8,6.3352966818142065e-6,3.065208062702496e-6,-0.0004362892116986927,-4.653642069786523e-9,-2.3987935084124334e-7,4.440003135118553e-9,-3.675672758940429e-7,-4.458058051604041e-6,2.643311497116385e-8,-4.720166937310921e-6,0.00402039386584363,1.4200788098217565e-7,-2.915200555231312e-6,6.343182974016814e-8,0.0251161262349342,-1.4113510116708916e-6,-0.03306620837065566,-0.13014128061513475,7.619251760448975e-5,4.034821434073521e-6,0.0006134941109721126,0.0005776715588439174,-0.004547939031908754,2.9641165751048693e-8,-0.00218497446053334,-3.206691977508669e-7,0.002097998240742527,-0.00023863540890012302,-1.6641087060564885e-6,3.9896722743955814e-10,-1.4653896038829828e-6,-0.05355763434818073,1.6533490898515413e-6,0.0070427339755951834,-0.0005125472969211842,5.640721523376968e-8,-9.25887945913556e-9,3.4743927965555366e-8,-4.625047363759904e-5,0.0015766255125697626,6.252526804928493e-5,1.055223472556932e-5,-1.5154694493670767e-9,0.012994858269848919,-0.00026668436228760584,0.0008395047735234584,-1.7474598553446352e-6,4.212173442708078e-6,5.884039666170793e-5,4.623863780750526e-6,-0.05200342512625866,-1.9428985477132343e-6,-3.5667506281811256e-8,-0.0035123794186802115,0.006454209057437765,-0.0016197333370655542,-0.00013029409836917694,4.823158032847812e-9,-0.004932904734232579,8.583605402845418e-8,2.499954733226062e-6,-0.00047866902536952693,0.030271299518062733,0.16727672027900553,-2.700355616780392e-6,1.4738895131927165e-5,-0.04960621716509195,1.861206385680384e-10,7.933327660710095e-10,-0.0001578453455408635,-2.6006264555733516e-7,3.226260228750277e-5,-0.00024307308206061862,-0.0001310271893544268,-4.507199511533111e-8,-2.2511116317368296e-9,1.6453673577418709e-9,7.976486139149586e-6,7.727788172611286e-9,6.227120985606007e-10,1.0541000603197376e-8,-0.0005590381292677193,-4.778552264994573e-6,4.858025439563596e-8,-4.4756431970272015e-8,2.596001378099566e-8,6.189092380259886e-8,8.59001027364581e-7,-6.164116195916947e-6,-9.030153985678524e-8,-0.0003429096865943393,1.226092123385314e-7,1.290557472138909e-7,1.860901525929659e-8,0.00013172168016239993,-7.030906541416471e-7,3.5476708164061677e-5,-7.96185671905758e-8,0.0009086451509574545,0.002226453018636221,2.1106502622103562e-5,2.715332634295464e-7,-2.431913667839958e-10,1.3837550401074594e-6,-3.218466374121931e-5,-0.00028465334244742735,-0.00030643311004041607,5.533389391132459e-7,5.566242669008403e-7,-4.319543139175153e-6,3.21296923112141e-8,-7.012225883684664e-5,-6.649527665558708e-5,-1.7307808991562368e-8,-0.0175063738317931,-3.1386951793860307e-7,-0.0027764840555164483,-0.00013633338159024788,-1.043107447563918e-6,7.623890275615386e-7,1.3602247164696624e-8,-0.00018989719500694946,-5.77027842609823e-5,-5.9819003212169264e-5,0.04209309276484419,6.461961611528393e-9,-0.009302896753069945,-9.549367074868087e-5,-8.61672720890716e-7,0.00013376475262560916,5.2302907050716385e-5,1.0603982373847938e-9,-6.290167427480675e-7,0.000230165338845012,-4.195124439165809e-6,1.7816302469997325e-5,1.2102204779290693e-7,0.0004361362244260647,-7.370671555387287e-8,1.8921879979538758e-7,-0.00019389750053733223,-3.4545960290621736e-5,-0.00024311930150133776,-0.00018321111410557478,0.00033722628645449504,-4.27843338748346e-5,-0.04514761395694222,0.003283048478351702,0.028439598164027302,-3.2715350914425123e-9,-1.0514790667492946e-5,-1.1886971261532153e-5,6.267147314442667e-7,-1.4734763608137413e-6,3.5932544442118797e-6,1.3116518912670294e-9,-9.434173816202929e-5,7.104024686732657e-6,-4.543388618105659e-8,4.355510390396944e-5,-5.4624329195313015e-8,-0.0003445180880987664,-2.338110418831363e-6,1.2438306118411901e-6,-9.729161204319325e-5,-0.0038925452636249247,3.763653057286577e-10,1.6538854297198924e-6,0.012519260220074102,-0.001045345968378797,0.03919992322789767,2.2937715754567378e-8,3.343568776069481e-10,2.4626005927378194e-9,4.43153376608052e-5,8.463579388262588e-5,0.0039447485678465455,1.4769855656644368e-9,-2.3325174090871315e-5,0.004853804164667963,-3.9813137583166736e-5,0.002868890282115899,-3.9787450530764934e-7,-0.0007238020009765478,2.4961905189968547e-5,-7.25670822721014e-6,-0.008920623460653587,-3.4698896688029057e-6,2.6294859178932484e-7,-0.11079601332494349,1.7338953377521449e-6,-8.663117477547555e-8,-0.004319523994126939,-1.2473498083309664e-6,-0.0005902077796804406,-1.4567720851843546e-7,-0.00020637538938217403,1.8223337779109741e-9,-1.9781008003816325e-7,6.416717777013581e-6,1.141777705715441e-6,0.03346062200353117,1.7973263605197687e-6,-0.00014047710189046825,0.0037810955611803365,-1.690986564284458e-5,-5.038225640419114e-5,0.0016824806317572438,-0.004042593588337695,0.009305971240678446,-8.102459865960698e-7,0.1774751901612035,1.604724564813198e-5,0.01165275662606291,-4.357161206769433e-5,-2.814518985161385e-5,0.0053958568914822536,-4.3614803163158355e-8,-0.0008695686503301658,-6.715151907310535e-7,0.005890317337389206,-0.001115846563152445,-5.230442588832762e-5,-2.0666150107179204e-8,-1.3032530576384538e-6,-0.10314891093275946,6.246221227357296e-6,6.338896497114221e-8,0.10376621333813318,-1.4256634770504206e-5,-0.005476295427229161,3.522260814392553e-5,0.0037755988416847686,-7.262270766347778e-8,1.1576500902332754e-7,4.697767471695258e-7,-7.664630451387211e-5,2.9213192975774405e-7,3.6812856142987016e-5,-1.4286608653740762e-7,0.0006057325043933304,7.455804199398876e-10,-2.5527570942429634e-5,-5.430509186510335e-5,0.00021739935864673043,0.0005293164958857233,0.21935653506807284,1.982757846796801e-9,8.761216389643889e-5,-0.0013062812885209496,1.9711779132569607e-8,-3.412235858313295e-6,-0.00011551419044053546,-0.002195018955717387,6.541908369878113e-8,-6.332921663205343e-10,-8.569366397037648e-10,6.663072866786024e-7,-0.00015120860394723934,6.420729503631151e-10,-5.029538817069579e-5,0.03475284344767715,0.00011149360913309536,-0.0003217700505047105,4.210526430570294e-7,-0.0044146347459559365,-1.0399429635765678e-6,2.8731165002682246e-7,-0.0027644518218608027,0.3146720084841945,0.04929809031455079,-3.586973540553595e-6,-0.006252999135540449,1.101916436824224e-5,3.7905487865284165e-9,-8.343212836336988e-5,1.2872655682713563e-8,-2.597131341630643e-5,-5.007437456003294e-8,0.022035467795603836,-4.748589222280941e-6,7.64324444446629e-5,-0.007018673423317523,-0.0018437317791040186,-0.025874729848055722,0.0001695135155266314,-0.00015570302224432453,4.5436402345633634e-10,2.461419641676052e-9,5.1565974018563665e-8,-4.3144286654417385e-5,2.504256502904381e-9,0.004850132790807038,-2.3196795700952677e-6,-6.864863505029462e-5,-0.0004186518791406968,-7.155418853077578e-5,7.578632002860908e-8,-1.700349965716441e-5,-1.4303777421176278e-5,1.3914553995686418e-6,1.453017809960322e-6,6.387214875047675e-5,-0.02059037082699433,-0.01571463675099949,-0.0003607263479352696,-5.599485588092534e-6,1.475272381470591e-9,2.2003819068021346e-8,2.5904318342595545e-6,-3.250748016991878e-5,9.762929678287877e-10,1.8708894616858984e-7,7.651706581540685e-8,-0.00024099399213639572,0.002827151646670245,0.00023040406779450961,-8.813715535183064e-9,-0.023010603852071654,9.981219826471488e-5,9.440418748951629e-7,-0.0006521027312942351,-3.815905807869058e-5,-0.005874265797729095,2.4948829165094555e-7,0.00086430398050652,-2.9169792180230164e-8,-4.2728064497676854e-7,-2.5671540767723683e-9,6.317153144763665e-5,-4.2570070746261734e-8,6.740532728599646e-5,5.853236542154028e-9,-1.6999754670621314e-6,-0.09001099889428588,8.783436684645096e-6,8.077998578381873e-7,3.7485626811495365e-6,3.2608722599913875e-7,0.05855214577767498,2.0824947790515358e-8,2.797815872534158e-9,-1.4362481975949137e-7,1.8162211193328837e-8,0.003988963055576278,-8.583289611008293e-8,-0.004755957033196978,8.105778113911416e-7,2.245531496858355e-8,3.29027625761355e-8,5.864293295854139e-6,4.37834926803049e-6,1.0083967474927569e-6,-1.595788369501694e-8,5.237796521745386e-5,0.010001520224250271,5.355690557845572e-7,-0.0001631714741279211,0.01893750360386548,-0.006986186844187614,0.053114782091824964,-0.026136537722777575,6.983727179488142e-5,0.00018831993475032505,-4.139407288494823e-6,3.268694317819232e-9,0.00078749631802566,-3.628691665424899e-6,-4.2795841617877806e-8,7.802554730790279e-8,-0.0022727145268106597,-0.28484720912820194,3.472408872440269e-6,2.3621872874413086e-7,-1.6500033060973252e-6,-0.0032733371626818553,-3.444662502349871e-6,-2.996210861361259e-7,2.0777324676382602e-7,5.540574967710654e-7,-0.028991534531087382,1.1144824807185483e-6,1.5310100617282885e-6,3.448683608409109e-7,1.5461510308612675e-8,0.00046774062184340437,0.014941014856958645,-1.715952387473796e-8,-4.707685474780732e-7,-0.03451374537235097,0.0011861582587471275,5.372821147431317e-7,-4.6283067987928916e-5,1.2999525928619748e-7,1.309571231633555e-5,-0.06765201955022349,-6.204249942964868e-7,-0.015923334367471398,-1.6482354418811962e-8,-0.047307536133303074,6.970356783084219e-10,3.184977096992725e-5,1.7256160123046982e-7,6.052561155911462e-5,-0.06699465237943514,2.534972152763021e-9,-3.055364474313649e-5,0.15410592327589256,8.178754244636544e-6,7.853887718130281e-9,7.122966088138338e-8,4.386365885311952e-9,0.0010312387649946686,0.007017840292974142,-0.0001445851705668133,3.512346245571063e-6,2.9410033242083244e-8,0.011198179575103495,8.449217343553528e-6,0.0001283478382561043,-2.196013589028656e-8,-4.978290847959532e-7,1.0338056211089963e-6,0.005993973292333976,0.06784185892502137,0.0018878172954259753,-2.706300937793671e-7,-2.7584042325834446e-5,-3.2773205461966715e-8,-2.0716392988617827e-5,-0.0004440951331901033,-0.0019835093838764806,6.532861769256715e-8,1.1311598182434102e-7,-0.001466128599872718,-2.6147049810631984e-5,-0.0019319179395154151,8.580156193177535e-9,3.772431396431575e-8,-0.0014804387672029407,5.782783172886968e-9,-2.062915834599721e-6,7.429950872328561e-7,0.0003373037697596004,-0.00014034743873025946,-3.773079998481421e-5,-0.0015165384744477706,1.2029775073446602e-6,-1.0682458479686213e-7,-2.879743091627196e-7,6.428829753702542e-10,0.028979652393900324,-6.742965134343137e-5,2.445190444566592e-7,0.011923390587980975,-9.056020846553992e-7,-2.9039459006341417e-5,0.005147350435663611,-8.195868060958955e-8,8.227771242097504e-10,2.988965398173504e-7,-0.00039553452086238394,1.2849586224585909e-8,1.806757013445015e-6,-0.001904317873588468,-2.4928263928913896e-6,-0.008742572691858186,-0.009527557593173697,3.0828761790027866e-10,-0.00016848911270628264,-2.121718417277818e-8,-0.0001107613533406493,1.9035176547776977e-6,-1.13888899333503e-6,-5.7918048760541296e-5,-1.4329389630418632e-6,-1.1343893737553179e-8,0.0003352882646368016,5.527341740910055e-10,-3.1677816423325567e-5,9.734162216545883e-5,0.0005833517781752562,-1.4942120232230849e-6,3.2190079414409593e-8,4.705816345929037e-6,-0.00012416663827252705,-0.0023129300782329665,-1.4304887069674366e-7,-3.584252152282613e-8,4.7533351338335805e-8,1.0348291336901086e-8,4.321943450413812e-5,-4.309308338553558e-9,-6.667123252590557e-6,2.6956803841127197e-5,0.11547125490687904,-3.7617415701074464e-5,-1.580433956621663e-7,3.6014148271923396e-7,-1.4180399134033905e-5,-2.5032269745928204e-6,2.780819687974584e-8,-0.005283979466639721,-0.0007200195165140144,-0.00015030739348276256,6.031612372225936e-5,-0.00012819594483648444,-1.771823068125178e-7,2.9203851190651164e-6,-0.0004583472741614969,0.0005711811971522707,-4.6353138605237376e-8,-2.642380707074121e-6,-1.114759198017623e-5,-5.3544684920581176e-5,8.739347996580132e-8,-0.00029585313033919647,0.00021677958486066018,-1.2569432261244629e-5,0.001366332444206364,4.8317484943605216e-9,0.08236768801725702,0.005088813897543787,5.6951282315087504e-8,4.8800631096898583e-8,0.005384651775784732,-0.0008178738553681342,-0.00733388946616742,-0.004629272198144463,-2.0710875441309895e-6,-0.00016702774613008842,1.0002575934198177e-8,8.847603965656328e-9,-3.1268541655915527e-7,-0.0002220469855274132,-4.171599826818806e-5,-0.03312643402841786,0.005406667937791099,2.0435786412045798e-8,-2.929116851291269e-7,0.0008433207722760017,2.43475765715484e-7,0.11669413624258596,-2.949436819707496e-7,1.475594391009416e-6,-0.000705910868191495,3.090246999626345e-6,0.00025181491133707823,2.5224539783597066e-6,-5.785584619028006e-7,0.2333832902318136,-2.3413266699634505e-5,0.0032994321868500265,-6.723796825092165e-6,-0.004891781523610916,-2.995320335721918e-7,2.659949140289275e-8,-0.018180322331318166,-1.6058246921524244e-5,2.429755466870631e-5,1.3115472001414691e-8,0.010636915310897166,-0.003214569438171111,1.0496323586295375e-5,6.692526311998306e-9,5.958288801580225e-9,-4.273468213848719e-8,1.4919528145036776e-7,7.364992964510684e-8,-0.0023385006170428824,-0.000651722492676754,-0.00011408871768026074,-0.005017514056362415,-8.276319201172555e-5,0.00015238490622238032,6.184630171102157e-6,0.03485191100207885,5.841738464074098e-7,-5.1678752097217284e-5,1.2126458065475632e-6,-0.010443005455272214,2.22167662817796e-5,-4.112711082182585e-5,1.195224179142973e-7,5.049731416351122e-8,-0.004926670593590643,7.598846100131951e-7,6.003907393647978e-5,-1.5665656877272838e-7,-2.3570158047547807e-6,-0.003198064214302576,-0.003608518012924833,-0.001619874727396109,-0.01840730215280928,-2.993851373589429e-6,5.5173368302963155e-6,4.448293426857243e-9,-0.0017722029415381257,6.018802326110059e-10,0.0001507393411337432,6.820450824073215e-9,1.6996471190466877e-5,3.5911498585949886e-7,-6.060729622163474e-10,-1.1085996335855053e-7,-1.188182505829083e-6,2.5144095364831864e-9,-5.297582875707363e-6,-1.1943335513464604e-5,-2.454745227353783e-5,-7.716876440611031e-5,0.011956735663488871,-0.0010973982604696175,-0.010994370242087825,1.7576653841698715e-9,-1.0991163669482606e-7,-0.0011902370530378903,-1.4345983632146897e-6,0.0004889766544238228,8.296047490863323e-6,-0.0003814094404788193,-1.388392082368739e-5,2.5249314396824074e-10,-0.002706373414355312,2.1492391824584622e-9,-3.965482909151774e-6,-3.6116779497663565e-8,0.08287758578080684,-1.1352973075418049e-5,1.29078349557824e-10,-1.303380489847683e-5,-3.4459050324286977e-7,-0.0006474860647358582,6.249071967889819e-6,6.472520774458701e-6,-0.00029605009317634767,2.6003565690047026e-5,-0.005408288576290943,-7.395345514993323e-5,3.176513072022935e-8,5.264242547298181e-5,-2.7241506855846254e-7,-1.5111102519282937e-7,-9.543746260476382e-5,0.00010815143252784765,-0.0011566658127009077,0.00011512971360483348,5.031761938312229e-5,-2.9997611129317647e-5,-3.628794529864088e-7,4.229459318771944e-6,-0.0001486881848649091,0.0008575992523560672,-4.228111565862669e-7,-2.3839310076684272e-7,2.7590199358940026e-5,4.246915120909023e-6,-0.002069924789793731,0.0001068330251356997,-5.902609998997832e-6,0.002067139229438908,0.00042553850802562465,2.4797725581005015e-6,9.594137188928542e-6,-2.6017557005153513e-5,0.0313196734059602,0.00019843440922961975,0.00020381576968020454,0.017007203645334812,-0.0005517808335753216,-8.954071549216458e-7,0.002386688385740854,-6.925294741000343e-7,0.00018537599157752993,0.00011497945928340414,-4.565318975746635e-6,-0.0008427052566730708,3.4832835960237063e-9,0.03521863493369892,-1.2075338999550933e-7,-0.02902192594774533,8.78014577449654e-9,-0.00026870732693851096,-0.0005119842817293829,1.6476012227872872e-6,-0.00042175783437414793,9.798610716219014e-10,-7.60349819017847e-5,-0.04211243993631797,9.160687885478858e-7,-2.6530894993437304e-7,4.2284616915766807e-11,-7.516446158017942e-5,1.1375125915646933e-6,5.717941921161429e-9,0.0020750239047515606,-0.0024010449719753524,2.0804770159088548e-5,0.0024918318621018898,-0.0032515392746290672,1.1389887288128274e-9,-1.9612560741677498e-5,1.433349084496889e-9,-3.86227909432435e-6,0.05582359654363245,-0.00014690977940290395,0.0011948171450057998,2.7227244365352066e-9,9.786564203295711e-5,5.4375327337985446e-8,-7.780941871371461e-7,5.1637021336148337e-5,-0.0019079123397887088,9.199082410304982e-5,-0.0012684314324360457,1.6745514380689386e-7,-0.001588546423590742,0.00048423121006635483,-0.0001723480488635687,1.13604337013129e-5,0.004974947045411682,5.3012811251917924e-8,-0.0012813461626137723,0.00011991202489980424,-0.0046684913177159615,-0.036883973923977464,-1.5769484617900176e-5,1.5516222526658699e-9,-5.155550655278063e-7,-2.9488246263212337e-11,-1.5995675631480868e-9,-0.031398986211570445,0.016534754307940602,1.9326319046220064e-6,6.805306967906308e-10,-0.002959497177641879,-7.766722697510886e-5,0.02166054246481508,-1.2917684383967343e-7,0.008997929467113863,0.0029418367230391596,6.526836173748052e-7,-4.012771638528534e-6,-2.9719205040163767e-10,-8.82055189244113e-6,0.0010724973071774002,4.75722743966886e-9,-0.0006112831889026893,2.204657668647414e-7,3.5254928364668314e-9,1.810920828582141e-5,6.884575132204418e-10,-1.6264676143684653e-6,1.7930080586925357e-6,-4.5341596127679296e-6,1.573068457716431e-7,1.844677197798683e-8,-3.8590630702106665e-7,8.499294649855216e-6,2.8601127995912107e-9,0.0005896787272376969,2.9721789845255087e-8,1.916479059217019e-9,6.895002543361173e-7,0.0723518070881255,-0.0004023776666599588,-1.7543169670286574e-6,-0.007568633242044598,3.544861318098189e-9,5.0879771006151486e-5,-4.699932013713104e-8,-0.00040523149505133915,0.03930353017130983,-3.9886791827759005e-7,-7.864266992285707e-6,0.0001439538516407879,2.69808497377344e-7,3.775450195320218e-5,-3.125977359275112e-5,-9.920974140342764e-5,-0.009408931146026589,6.3049527996520555e-9,-0.0001310740406097466,-6.770858575894101e-8,-0.003801741357165156,0.005987944952721591,1.6797214172966507e-10,2.3109872504534223e-7,0.053828574338695034,8.933899481311514e-9,4.322740138285042e-6,-1.367457250212034e-7
0.0011487844076327747,0.012327442300829716,-0.0008589887129346607,-0.04075730613323003,0.0020464425203954306,-0.002452261026405722,-0.001878263041419359,0.006116922328146757,-0.006516686542909156,-0.02652891524712686,-0.07237694520335936,-0.006314081461823662,-0.012452780510443517,0.004008398522728385,-0.0038196066752789193,-0.009874926673546724,-0.007846771535241714,-0.008416761063017475,-0.016835747998811712,-0.20935044889392884,0.004067987812504725,-0.08824247767961424,-0.005930870131351185,0.04691073675712687,-0.01474572470124258,-0.0035586725111897977,0.09550358134038106,-0.039115031272558554,0.01286577036808012,-0.012550124336485169,-0.019894810473488178,-0.004086199548964942,0.00013688257604371756,0.004863276364176272,-0.058897554555187526,-0.011771575893362751,0.008516385322195674,0.0025325570547920506,0.0037424851077503263,-0.013761202129671801,0.06313296534972324,-0.026314474950680733,0.08724632776466024,0.02232611683371033,0.011796737045415284,-0.054649725225345946,-0.19420959556555317,0.01049480670462799,0.050778669752617134,-0.03327842947692261,-0.14087106350598333,-0.17473936826445424,-0.04442688925132643,-0.010016477538329127,-0.17178217790251438,-0.025343044371766155,-0.011063442221256992,0.0352873029435159,0.004097950189134281,-0.008532685822501662,-0.0017250030696231988,0.005367133601794194,0.009088905977357342,-0.0007492331055800605,0.02816347648149531,-0.04829092173758909,-0.0020717321676784195,0.022897475061313344,0.013542767568921477,0.011983942880078757,-0.12995784807935706,-0.02759053457975824,0.003762961741813342,0.02808419341198487,-0.06542267507393262,-0.0494424484013507,0.0308078535867935,0.01111448504116197,0.002729199192174292,-0.004750107014842797,0.025615445410039683,0.06539682430212679,0.010631055391968403,-0.006299752248423829,0.03168113469791933,-0.042896059381746454,-0.015434654471164322,0.04742508441268001,-0.03579019739163414,0.0544384822817392,0.01288212012036638,-0.018668662909817613,0.0515872859089086,-0.03550800098491891,-0.016720356843507034,-0.06039691115086043,-0.09032301550132615,-0.02281938774876835,0.006113354898616308,0.042401924326441076,-0.0010126984709586395,-0.014355077300024277,0.0024074066699313335,-0.03459571731127653,0.027713831936694078,0.0025945435239644876,0.024492084598932706,0.010213343149555243,-0.03652838701714245,0.022530929982167436,-0.04380489393588505,-0.005730418758957967,0.017934195189354796,0.011023057689556026,0.002086811770368513,-0.014460142702631629,0.0035028265847358853,-0.013656306888151448,0.00916813053657961,0.010780936109426875,-0.01043367240254156,-0.006632180125734521,-0.14329822440981843,-0.0015321902441201019,-0.022913383755870598,-0.012362739280433743,0.006241732292664892,-0.09923419061354366,-0.005991389434456096,0.026080573555191222,-0.0163277960546111,0.001222634320583893,-0.0018175714779999907,0.0009401913584952126,-0.013656381604619128,-0.022799947048497415,-0.03837130351894302,0.49801110802764015,0.05510913814214291,0.009408808729062912,-0.00900827948589722,-0.00293807799289425,-0.17398559306866446,0.04718393104576535,-0.05965037727582967,-0.001078635434851094,-0.023025155659979646,-0.2022204779218555,0.00774850405809957,0.03246604374362505,0.04677819933021965,-0.09369940899523499,-0.050436144286322815,0.023102316640688514,0.012529372875633271,0.004813543120235408,-0.029973770871720262,-0.021973358404466126,-0.017225428915821794,0.025138970432124097,0.016134779461935977,-0.006158418207746763,0.00805531990823738,-0.0022657822737528477,0.015415145372230654,-0.0015933230035898305,0.05953399155509942,0.014325763945066683,0.008203332922221307,-0.06014747425524547,0.18037220796009024,0.007937062305927611,-0.14813070944182982,-0.08699175712126817,0.014451517641646205,-0.014683986212276068,-0.004070265878908685,0.07563416699940717,-0.009141793822209365,0.0032087261167816905,-0.12353524578247743,0.016947835657447285,-0.5403388338552304,-0.006036319262751277,-0.009902078721097496,-0.02655146650840834,-0.006876741679661791,0.015300058886793977,0.00036263747688281,-0.03979557078241669,-0.029878772629217565,-0.026518770573602524,0.00953876180193447,-0.038851092074992266,0.0017333993764623301,-0.022604884295105876,0.04972840920709132,-0.021458324776176596,-0.007967655820948494,0.005793177692567042,-0.02101190529174346,-0.014137667070826865,-0.007494454855986987,-0.003395683279450168,0.008765227020376187,-0.028995795026730775,0.002557412220085098,-0.008727378988623968,-0.0031496557917307655,0.00904060309039778,-0.011877060960046038,-0.013644288029809104,0.018564498470453827,0.015259143344025006,-0.016911214353172,-0.011357657311009461,0.014867316748677695,-0.04032777599741166,-0.00431491740164347,0.036862887395500366,0.01363307984183848,0.0776797699763847,-0.3107945414549249,-0.16606747729110793,-0.01858403222877314,-0.00727199358220787,0.011583807523038558,0.008113452036923263,0.013700538436552279,-0.010639082089710428,-0.0024559057919759653,0.006546854223984155,-0.06023144567416239,0.017624969380335642,-0.0025360308970903134,-0.1765645672530809,-0.0181547209922428,0.006555771313742298,0.012768054224579828,-0.014434345537438276,-0.0427853933535971,0.02166702222615413,0.030759775327169336,-0.009934565245430349,0.030282541389169637,0.004406104024837987,-0.29450528198003667,-0.5247688987965375,0.01040612560154841,-0.015071358200657414,-0.0038780726927143405,0.003776988663389602,0.018914558051221775,0.014485775796856615,-0.017300658098179156,-0.006455445898950529,0.004258831356310111,-0.3367121958781354,-0.07497262713877717,0.02006004984741594,-0.00795788918821927,0.0016510545833625656,0.01199183125777381,-0.10300394189448525,-0.011116006796328293,-0.0014809834174229763,0.0031404632778162522,-0.12604478669436503,-0.08073139560383424,0.002452965445627342,0.009498533079522531,0.033734258204731304,-0.016027486702114402,-0.008382768288811349,-0.012586734516844444,0.005775574676590622,0.013515734671301516,-0.006263911290716351,-0.031093132037540272,-0.01099885475650808,-0.00127141803716313,0.0029041027374887562,-0.05155237889448472,-0.041168988213485136,0.02090264134494646,0.023809951051816824,-0.022808768233971932,-0.015606853183896874,-0.015254787309913809,0.005841817996952159,-0.013576981771848295,-0.011134063984627574,-0.005985747904674099,-0.00939757210494463,0.025755105934877065,-0.007993970760935554,-0.021234770334785935,0.026249338654679377,0.002306395872437861,0.0019815059085885878,0.009572595448418042,-0.009744649378262693,-0.33599664774374105,-0.002421254403039086,0.017383138062996295,-0.14265069152315846,-0.13181897992308222,-0.03462606163077453,-0.005306023459525022,0.011068843757129798,0.009738665560689697,-0.007419599646709685,-0.010189406033532578,0.009265719418181106,0.02105643766992671,0.001374505689000216,0.0056177282990574895,-0.005110235915708472,0.0018142175675848193,0.01811386053265096,-0.007063817783546256,-0.005193153925574734,0.004066810319955039,-0.10186501902717282,0.002607105888728256,-0.008064184876445779,0.0022229507123938674,0.0109520636040088,-0.003485120083894344,0.2997846870603098,-0.025815958156272245,-0.3745435962337069,-0.015146334092719371,-0.00047319688883362687,-0.005442304384018826,-0.00912011735181295,0.00471693044892163,-0.05590150275929773,0.021737534193870367,-0.47525385502012796,0.05549932574649574,-0.01987094318246818,-0.2666185807088368,0.06939021266680356,-0.001953302368065124,0.044053528316965185,-0.013656618706647805,-0.04621618098917679,-0.013162998607640475,-0.021162815278330527,0.014475284430318425,-0.0869833984734214,-0.030369705986856843,0.019533755563998056,0.010813598914864997,-0.012869767422898803,0.006176539764055633,0.02002496461955161,-0.007176576428037151,-0.008747149868014503,-0.006723382022755686,0.013484163331668242,-0.008891333563497028,0.03487513823142763,0.005957053318866201,-0.26366168207005103,0.014021284361660946,0.008087821891649583,-0.0015101080162480685,4.179493021183589e-5,-0.014146114572213264,-0.007939380917775907,0.014618269498896552,-0.0024734621845823312,0.016215460708735918,0.01681608046965266,0.0015166497672680634,-0.013564431172198965,0.00857538614582154,-0.03125444225577212,0.026536518123066344,0.005844162757568938,0.016900271866688854,-0.0210981885320507,0.003421533133405319,0.02856141742404361,-0.09883988983949621,-0.04144805665328022,0.020958010326921794,0.00537357331415933,0.017062068283394183,-0.593333992245789,-0.011941370115437167,-0.00798286672403492,-0.03145547308895402,-0.09728617031476006,0.025252196841904606,-0.002827980521487916,0.021278393285683705,-0.0029427106844650552,-0.0075674660070035316,-0.035149675781070755,-0.01652941011616349,-0.07853348424487194,0.0232281510861867,0.012936220902702189,-0.07011876822980412,0.03770224922209309,0.032211331762937334,-0.03467303731576976,0.0008746158064241172,0.012014701612315548,-0.013702288199965551,0.03965802389143391,0.004309079516900738,0.020032334817187802,0.017393825202361768,0.06611245802832855,0.014457429163769575,-0.020998237600224456,0.011490300920627305,-0.03212635468116787,-0.0885505934384696,0.04296367183803795,0.038411283308960265,-0.013541086642362643,0.01568221739398723,-0.3376459019907543,0.030058562120757415,-0.0018883069039929978,-0.0869899915305723,-0.07299763483297284,-0.0039075521017366555,-0.003302306273326394,0.021911084512339585,0.03182492999894748,0.0044191416336616385,-0.20132236251356517,0.0021154176597519836,-0.1739930255425861,-0.009348210370717425,-0.01443205865643904,0.013162875908165006,-0.000496743922042242,0.012474135967750044,-0.0026223922637882424,-0.0400458689680363,-0.0025514307899356936,0.009288236307156694,0.02526919219235424,0.002891601761803031,-0.0026852969931496773,0.023434440233359055,-0.007482944095499988,0.01950265815412422,-0.010959058084381468,0.011789547956141178,0.010353999495237076,0.01935760715878132,-0.5675686351935383,-0.018033137935844934,0.013630423912445622,-0.022934286633471856,0.007114368088878109,-0.05651476904779429,-0.36128167346669215,-0.010307250550340541,0.009144323272266774,-0.041877068865233014,0.004723455646853836,-0.010322670535060752,0.014997968790339655,0.016821752372834453,0.02154331444944546,-0.013682013809557247,0.0014900568321536412,0.0007661144691155641,0.0323521160466953,0.024516559036783292,0.017451828629418742,-0.032039802369581594,0.016141689520964064,-0.02501376704822178,-0.00575691284302593,-0.11910009015468859,0.10602375496182503,-0.05761781545515987,-0.02049291130333586,0.2093668730412901,-0.002422514832687739,0.0037664175524696475,-0.008341620720329956,-0.022491459622870025,0.0009861777639343927,0.008108296735372278,0.06097542268463485,0.05978470620721055,0.009580472657944483,0.0007362506539720926,0.01416328516552312,-0.004654410737657599,-0.19138288638691847,0.003563219297575415,-0.05757918451990918,0.010367110535298707,-0.002727634737311746,-0.007049646633277007,-0.017242454229005943,-0.0031346035207207024,-0.0017892363523515087,0.0386664490226849,-0.010581055574448328,-0.0009422392357123499,0.007478937050564127,0.014977455169173481,-0.009812158753447875,-0.016662059811551444,-0.028830165683302766,0.03505393862542405,0.016808369034606585,-0.0012363842192826269,-0.018104591347764654,-0.003445012400675296,0.0011990291751544646,-0.005810499948211145,-0.03989254786938545,-0.00045214784677227726,-0.013756467996245192,-0.010675726933186525,0.0024066220275926753,-0.011359372401102519,5.728674535987466e-5,-0.04597753229063528,-0.023548204937014816,0.02748769881827684,-0.005831938686334581,-0.018107663328919443,0.06318933214697608,-0.02580295276399447,-0.008322844585336497,-0.013609279494630755,0.0035356225666873797,-0.004691141443345259,0.012184513810780118,-0.03404036571009783,0.004672315128118498,-0.02829833186842734,0.025682398550088692,0.06238091860450368,-0.08749999621340976,-0.014793324955462595,0.0204544426924258,-0.008761305211919534,-0.0039021405355015304,0.009865182402336359,0.016045486619532312,0.02439040675835713,0.01200151200282562,-0.010829853964878566,-0.005294287521934393,0.002392564578258316,-0.07577538087116409,-0.09357422003995453,0.011525864301802358,-0.005629463258173928,-0.022085085014623473,-0.1751999847751904,-0.11087921242960874,-0.01816527105802379,-0.000511734683755094,0.007494640128470564,-0.012749098407283554,-0.0001158853974629892,-0.042892641883781835,0.03179793035747025,0.0073731693573790835,-0.012847004646914684,-0.13167351623658874,-0.014363896642862528,-0.14281295535238314,0.002918457464360813,-0.0008853449451180495,0.007933987164278733,-0.00018582419306767406,0.05722105540598932,0.03752982852711284,0.08631767007500457,0.042286937352400855,0.0042525268711415265,0.11776349775118433,-0.018646552697248353,-0.004295721963444521,0.025318084448372247,0.006605516232866648,-0.05982424210378667,-0.01846163393702227,0.014515435620921835,-0.020368538292132143,-0.11912759530378025,0.020107111328115934,-0.010802131306036244,0.01840773479807467,0.011781479985302212,-0.4640406245162012,0.002577945915163582,0.014748867760090434,-0.06753382151623555,-0.31227764278446557,0.0069332187379416155,0.008566883557705296,0.002148962307273905,-0.02425070265417162,-0.027676889908434532,0.02297650556647568,-0.48486565917392,0.01689201463182144,0.006192664806121684,0.013508786180409516,-0.01736687282436833,0.003501312297885306,-0.06846219293765898,0.022967117110653135,-0.03738852230640077,-0.007402465937502711,-0.027347067675862036,0.042257611956301844,-0.25119475388987667,0.01880157473908639,0.004496791223118635,0.031939064372636494,0.023460337301003165,-0.011929656651091136,-0.012284623404411832,0.0942629907576702,-0.022000388198762266,-0.008622871013130862,0.0027330486886967265,-0.06928275629206837,0.03141267263129066,-0.01641600951052169,-0.0715621220651883,-0.13597525577642955,-0.009890003970895123,-0.029667082554396984,0.01226275153521783,-0.011562773107016255,-0.0011522433903792262,-0.046980783647086355,0.027012463857772673,-0.0018489420490368502,-0.5736204619224736,-0.05060477473557512,0.0010486564824532252,-0.001346253901374439,-0.01812128887650033,-0.00010691424176911823,-0.011961887834104346,-0.00348271021380242,0.015461675848541745,-0.14261732186423615,0.018554033918917412,0.003168133252813732,-0.022205935217698425,0.19321182161547767,-0.03196244491482503,-0.19520607830600056,-0.0006167938996668454,-0.006838388548544572,-0.02401006052059529,-0.005965662423022877,-0.20769254120386904,-0.01171964416607807,0.014774245418720966,0.021092717665851524,0.010418019404596635,0.011337751385781303,-0.02343679008242816,0.006517861743077447,-0.0002624705821290263,0.025307978792625363,0.004063754213234461,0.046547954604193365,-0.007716680162502598,-0.26151749356631626,-0.0588435147326436,-0.011062144342758984,0.015095295561422972,0.009838191457674839,-0.05084790670298389,-0.016382301410885702,-0.026354303043262917,-0.10077338587871054,-0.012850067028011836,-0.015486796916064804,0.00116283721413879,0.008388156598812202,-0.026389318327801448,-0.002464921064529335,-0.008950647749770724,-0.0058552617292662035,-0.012208254227857651,-0.0032926394096648437,-0.030579375404158782,-0.010251804776999052,0.023008576737083786,-0.020949839440618234,0.016543689188438293,-0.01594776072533932,-0.0006631993314840656,0.0587431640142313,-0.02458357152863755,0.004565965519304882,-0.04657216311261436,0.0015098115736691398,0.024509633902198402,-0.006288009256877558,0.022100217181559856,-0.0441724339780194,-0.01930327846275759,0.005218735291919074,0.018580845455517192,0.01792131608476666,-0.006998888579914819,-0.035800364557871944,-0.19189456385811354,-0.0662192608310761,0.002394117621861369,0.00891796583971427,0.01151530326478678,0.018168393211681177,-0.07438438699819017,0.03004753598725074,0.005313337510642668,0.008802302065532785,0.021940376280099372,-0.00084908704047848,0.0003382783926326738,-0.010938810145262323,-0.00355233204572869,-0.011156053724789672,-0.0925654333386774,0.007494025634514401,0.00751600193987656,-0.03169026119303453,-0.0012013562177344284,0.0034530640004959423,0.00899675844246417,-0.05275482054622671,0.020857682887708506,-0.003939551199891866,0.00884839805894444,-0.03085024381562107,-0.05567127440008335,-0.016413025128713343,-0.19040765607860521,-0.020063133201709604,-0.016400139908910205,0.06045041068455248,-0.0073618679780338425,0.0002626690743454674,0.13326143179347127,0.01370223002359694,0.01588807240659662,0.013079260008453275,0.11384571420785505,0.03812950632652701,-0.09088097100266168,0.029609286492359388,0.0010223034582850232,0.014131344074939989,0.0181255560083855,0.029887863562180428,0.009088969198273844,0.12901597504924212,-0.10101235815526621,-0.060200765062290884,-0.019921843222618918,0.005424994551049167,-0.002242945413399866,0.022576005716928194,0.018574182830207064,-0.007648957754099683,0.03771196678053457,-0.0640004127908469,-0.009308356884048408,0.0030847954590171867,0.0179334288800419,-0.006974434830226528,-0.10708720129605354,-0.0007066202301757585,0.0024964709829191634,-0.01138987591669327,0.008308815159580263,-0.10893141100689263,0.0054451901214633835,-0.009227696002085395,0.01965490983775453,-0.026286013281605847,-0.025941305260857916,-0.0036977340273551818,0.033566731601126776,-0.005609967021200646,0.007458140766630095,-0.0023657573392483755,-0.03582676734004053,-0.381895204257944,-0.00225608000982902,0.007041435529572482,-0.0064581980022921925,0.0032818918789416784,-0.046955133284427575,0.014067914944462245,0.07962878811258634,0.004508108051595627,0.0048671427805402345,0.05684320882346583,0.00184383677697042,-0.016615021768407345,-0.0008561042550354614,-0.04524351643431146,-0.13922454630301218,-0.013889554786601366,-0.01870844009454231,-0.038742431925129495,-0.009290026843245869,0.02540870596988043,-0.008229177958583023,-0.033047778218588064,0.021048186255939072,-0.009197448604936653,0.06779628101139679,-0.00013194176608521957,0.009616064940928482,0.008253787493067932,0.006589181238268793,0.024657058681441413,-0.002918872182817722,0.015570033090114066,-0.19814535980651726,0.019422244312863768,0.011232711561632414,-0.010713170568124042,-0.012442768404071103,-0.2896900616356106,-0.009810554455270903,-0.05233723861601902,-0.00988818782650469,0.02283120106859826,0.029428680976707255,-0.005387498228515142,0.089327340424461,0.014047611871319532,-0.0024242683037982715,-0.007768897085043136,-0.0056627906906214776,-0.05421451365808139,-0.013392919643592904,0.010323099424567772,0.07995316458982415,0.015170042458521493,-0.3171598786514096,-0.00023830045938666444,-0.0059771702781290514,0.008038942818700434,0.006343771277897758,0.007718721322817146,0.017063687172594655,-0.020135768754698802,0.03091202330915621,0.004880452645352307,-0.031348374689969205,0.008635699976366595,-0.018606855086034102,-0.01461723502870882,0.03654126724541129,0.012044668152839222,0.02600254967944693,0.014822441250089469,-0.013419689422107695,0.004296230847273819,0.06870866972993639,0.016019514846448146,-0.00621477893332667,-0.010719113213781384,0.004915657874789758,0.005197311953850203,0.02178682823523559,0.0005970839147266815,-0.014253558784048437,-0.024526784718773342,0.0054652670000905346,-0.007816425710188923,0.0033628918713475286,0.004477814606161701,-0.021101390149397048,-0.0009033060952106098,-0.029605163549888402,0.03291177272967616,0.00965126706182673,-0.2892790965124732,-0.002242702107309924,0.008433310369902358,-0.03004844185034017,-0.005899722369122173,0.3107285931928345,0.02273967824294232,0.03899558024146188,-0.023089431510015856,-0.021287919950459866,-0.09655097744268915,0.016754239735746523,-0.010539384607909597,0.00729207243671226,-0.001227717696565378,0.029825956375248097,-0.0069295919201977085,-0.056206442418897495,0.019691010633323458,-0.21094180922955275,-0.0058099792356642865,-0.0012974314590792346,0.005508978985403701,-0.022508899887156986,0.0011209808881176286,-0.02889880624570651,-0.0270993688704948,0.009448793794035737,0.007701591948716668,-0.00418594241136816,0.007213014037915855,-0.11286404811016837,0.014167345349051175,-0.18751510406036687,0.01994263358619719,0.055341403295187774,0.013831951558074707,-0.00819589666838283,-1.5819871620692538e-5,-0.0929175162714273,0.025663269871301964,-0.0007412525337713305,0.012228028216121345,0.03556276724611962,0.017538332705555604,0.003896097635561091,0.015512541456701001,0.001404279571488587,-0.03734557202574251,0.013324555970484653,-0.010839637500566823,-0.029619320102028723,0.00114440052630016,0.02088376642041112,0.035616013742128416,0.16385826685655047,0.01824375473006512,-0.10347645686670148,-0.016150983583202105,0.005171605639588961,-0.09772869252117289,0.011031820922653424,-0.1205827564572246,-0.008035935723455623,-0.11685313404996123,0.010097110624883499,-0.003829545554822289,0.06860070775383065,-0.004947880835061369,-0.00014003898877490428,-0.0030915551466819124,0.0007600420196922641,-0.008402728409691917,0.004540590928627353,0.0015597144359276172,0.019960715237900217,-0.0010452830297253968,-0.02659293717243827,-0.008928481565362745,-0.009866306319963769,-0.012508649578421682,-0.017498437566018765,0.012504610808491634,-0.025593044922743502,0.022532634584990774,-0.02548205603579845,-0.01845431150695731,-0.14266746669545682,0.005989999785924738,-0.039698548703199776,-0.10036721160213347,0.011300821569875552,0.047831609987952106,0.014268882694068452,-0.03392704286852677,-0.32023253550505615,0.034905522322787874,0.011795705257100053,-0.07484405768354918,-0.025868628213629563,-0.11010057686667096,0.022117931996945117,-0.010136996795154118,-0.005508432344868197,0.029229966302409593,0.01791232784830754,-0.001448306755264639,-0.061202763943583705,0.009078152537540518,-0.09366209308336693,0.005277441856605947,-0.00761816440876828,-0.007897192653615548,-0.02356232366491895,-0.0044912481066603505,-0.1256968270258767,0.02013594562237131,-0.013511212964658625,0.009847608651398332,0.005032197370610447,-0.0065028305352825555,0.0007308536883101624,0.018581132030703884,-0.0026324610043957364,0.005029228389275886,-0.08894134906904583,0.007091305515814383,-0.004900631498458097,-0.7549667703324303,0.030661087579574087,0.012438730007602317,-0.01335965756720725,0.008350494670594344,0.01711081313902696,-0.05940194727998005,0.001748956336541596,0.038508656359226734,0.022193760024492803,0.07979601023134819,0.016412420481856316,-0.025543185712280092,-0.01582380670402017,0.0110023260313028,-0.05658791615496739,-0.006375175481480255,-0.00020922265355238778,-0.021103246310303803,-0.05618012569016173,0.018315374844917187,-0.0376627634864235,0.030167931108735502,-0.006523864555674663,-0.03174070022214437,-0.11527364467110601,0.011659655941912206,-0.012780777948819377,0.016257335812042584,0.008450554151750111,-0.01220613464465714,-0.0012479803517635446,0.0029919549569967785,0.011114063204900049,-0.0031472360223006035,0.043041353916464686,0.04346534002206681,-0.0029254573685193463,-0.013921465510520648,0.02102663643199776,0.019686447308345123,-0.027486106464493787,-0.029914802831399356,0.023636177635012245,0.0046807417095919845,0.0030949257916290662,0.028163052435047575,-0.0018427641641665105,-0.007850628342112032,0.004885131736045878,-0.021170158930999605,-0.0034631348086691105,0.00661075882771911,-0.03476945639704354,-0.0012885326623290894,-0.030999084005088662,-0.018268038591713776,-0.0067418047628962086,0.0010829640059455414,-0.026907007386171244,0.023940863262396306,-0.03125889665071213,-0.03322398568388962,0.010283162037012517,0.009188444420942687,-0.0025535210597809055,0.00767133023578026,0.1779580538659502,-0.01773651052144487,0.016819930687233864,0.023958101634363516,-0.014474212221102789,-0.008565069818132542,0.007959427175450173,-0.010644123554072848,-0.0029764888695353875,-0.020197934164116305,-0.0012532191740319831,0.002204966693170718,0.007572294760393561,-0.01024874748873117,-0.025335547923305057,-0.014764496644602332,-0.019402567868382903,0.0008173842875294213,-0.004553174515422143,-0.0007065763103355494,-0.017137142612227763,0.005349496738745074,0.00616795764562994,-0.01916066320450227,-0.0022280532789409335,0.010324949957066565,-0.005704377835172636,0.015876453484452213,-0.24914002174979188,-0.03014266454920289,0.012764855637158234,-0.4316888960079268,0.006642531245688588,-0.004232731057641104,0.035592443765835924,-0.041579015521165275,0.01965460425094534,-0.01245817183098552,-0.019841688697852078,-0.12943589250380683,0.0053428472288032935,-0.016394889267758117,0.002357787676373846,-0.04569525387159956,-0.0035679245661413006,-0.008041378529014764,0.018310939209200683,0.014281805789096325,-0.01861077451303572,-0.074996964636739,-0.014458704312346526,0.03694287394955609,0.028613475157726498,-0.03835349261680676,0.0019034623287552677,0.0007024829142210365,-0.015857757952744578,-0.04565737929669922,-0.0116944622450319,-0.034286993249679654,0.013126125497365138,0.017234295204502814,0.0009018941734098007,-0.017815061412875366,-0.042526961809471686,0.01851429481030209,-0.011065950860967178,0.012347887585292483,0.018477027469543827,-0.14710220842607669,-0.0010866056086342724,-0.004197949492663611,-0.10095580598101606,0.15253107966873358,0.00015140577397687593,0.04917351749668342,0.043103915418214456,-0.005697844795463425,-0.0773327576957854,0.00980186976229902,0.0022738860825484153,-0.0028979425924262614,-0.001432361547074379,0.014428628212044714,-0.007577627761301997,-0.06053351872287749,-0.008017760474331226,-0.07859752076365112,0.04851609468641982,0.014455310017183365,-0.0023708073549641995,-0.030115946099826374,0.0033360264415023266,0.008788334182099788,-0.03304636706070596,0.009276116456476302,0.010939636743614756,0.03500500778017113,0.020548407219393994,0.042760012451253715,-0.06531061732721355,-0.038344527038361775,0.006260922597903118,0.0014647567190877453,-0.008416878990828991,-0.008164240221958607,-0.018424035732095945,-0.003310255954602326,-0.019496895445854534,-0.11405802428907919,-0.02770034368177221,-0.026582645114103798,-0.0034807819038178422,0.006443315595106469,0.00985953116469318,-0.01586409298010949,-0.19926243060240267,0.003524237748933956,-0.08215508551825224,0.009330513208169577,-0.02308849457881479,-0.022985092275689567,-0.1885982471758325,-0.04380815586409881,-0.11980596482105454,-0.10955109253609407,-0.40770404573413543,-0.01616511817758237,-0.020381124399136752,0.03783945037503145,-0.012934851616080323,-0.059319789899063835,0.0046577427787042325,-0.011368740322041049,-0.011555988246982452,0.013710948123843991,-0.009328543630317654,0.003824120502031292,0.021017713245328196,-0.08496320215772357,0.0033434615193073114,-0.06180199766890837,-0.013918435930008854,0.02758691319695572,0.027217229375310126,0.041219575452487334,-0.011663251652180406,-0.01823794660367639,0.019638677132206794,-0.12782957803210593,-0.1501160979864835,-0.006658777494067181,-0.023010873409475607,-0.0018998877185367746,0.018888161610334464,-0.0046502685099767405,0.04110222855160828,-0.016534870194846008,0.019861233725123384,0.014010702827818022,-0.1961095667356858,-0.01817723412541028,-0.003631317317740468,-0.4405559099677703,-0.01567965386463044,0.005708744147284506,-0.04031909006607748,0.005582480278462754,-0.1813216371110684,0.0059482862961885985,-0.05147256658983679,-0.02010867105482106,0.0008746465559852368,-0.017880467964573654,0.0038370541460608365,-0.0005756500422648969,0.03031439874843045,0.011883995302014227,-0.020118396808811667,-0.014799884814920006,-0.03219730358796369,0.04535656775306052,-0.009892119971823377,-0.008747820961161779,0.007279073071643438,0.013660343748142623,0.006017956919322387,-0.011261653460678644,0.0013751500227954239,0.006573935242158768,0.05190593586303294,-0.3992254921631684,-0.008206613917423056,0.07718425712664612,0.05860832043890696,-0.00318755900184442,-0.030155903496051906,-0.057842542159050936,-0.008261757810032577,-0.08480649345560831,0.07055849941070846,-0.0035944214497476423,-0.010395465405963478,-0.8108032964927361,-0.00032755261463535135,0.009491199825106378,-0.20385451541733346,-0.012727057725896884,0.00040590893445369147,0.04206742104955197,0.011692851542193239,-0.0015613353843946243,0.008129341177308902,-0.12694011137364214,0.018886639156562524,0.005513182380298076,0.02008638619145131,0.03132494843339373,-0.01712972796349277,-0.0011865385542080276,-0.001813827558180492,-0.010038442022278105,-0.009387745602907671,0.02649480155787387,-0.0032891567461774684,-0.011043395666092692,0.022338763261188888,-0.0636688465442603,0.003461659478944057,0.0032834658954925544,-0.008080040052846016,0.017789637300666072,-0.01118538751234155,0.10482411553357451,-0.1093917759899341,0.010694032511537443,0.006198610046340036,0.01329930069096008,-0.10198230271498687,-0.0008957038176049537,-0.013455858780162089,0.03577591769499122,0.030831777366074675,0.009298448329900566,-0.014391801791191483,-0.013032175951593672,-0.01250885291619852,-0.011596319523050624,0.04910101287987345,0.008025986616758018,0.00673827243008418,-0.10256807066343754,0.009905668602186779,0.017032605249823973,0.007733568708317762,-0.0004193228669464588,-0.012081665099685779,-0.16718403054483133,-0.018681632404650372,0.04363252854955135,0.013166767780376176,0.01978058629788393,0.017424763624603656,-0.016521480962865098,-0.01730534103080572,-0.008640739293696242,0.007470967428162112,-0.06665563227102211,0.00135561976480858,-0.01179365124562537,0.06872880254901759,-0.014966204445272524,-0.0024332273299023655,-0.005136968479746429,-0.033374744894217656,-0.03534419599600369,0.006909734393047984,-0.024328713914513855,-0.0003901673302566522,-0.0165818783422651,0.019229563723797582,0.02287199670126938,0.02203571271479632,-0.01894730656592003,0.025207264029631915,0.013469758878159155,-0.02399014467971483,0.004458952337699884,-0.008604385926446412,0.03458645718228581,-0.0061264476615860985,-0.0024423006541383074,-0.025040231578032035,0.0052463221022662765,0.003488755138732813,-0.039715368885936186,-0.002591227917037031,-0.028494901552562624,-0.20232878395268017,-0.008509189228107061,0.0007995850487532152,-0.012978402761291363,-0.005656091468608793,-0.005601596770020478,-0.12053940273335684,0.005520365859865706,-0.04469619353494636,-0.006657474094254212,0.00651722546763267,-0.019424856172918226,0.0028052722907432326,-0.31347339606782043,-0.0002043678045993147,-0.006266137022521434,0.02175976528906176,0.019096311394605436,0.061153623012614844,-0.21974966655352546,-0.013035479879590639,-0.00360498049758462,0.019895019639079692,0.010107148581482761,0.007665706271495765,-0.00522465217500212,0.011198989338936371,0.002893113145262305,-0.08993430004795755,0.003321596596947529,-0.011037563280297036,-0.01997446917948764,0.027714800820376695,-0.017873782951710382,0.011612058045216145,-0.006548458623456099,-0.17682813298961264,0.015051085696541122,-0.02087497069805977,0.03363587783132971,-0.45897244060870435,-0.014184365083565353,-0.013726085171128943,-0.00019882668448190088,-0.029400005470051838,0.002690687745143805,0.20667222002703056,-0.03676544594418374,-0.012516445190613013,0.000171489959484461,0.013803685162201873,-0.03565939846976107,-0.004553804670877071,0.03710953972870357,-0.28992906296025467,0.008072203557333069,-0.010611053788124991,0.016601859102593153,0.010896873266915463,-0.4448170613059119,0.015666685877476993,-0.05909702125745753,0.0009236323733148311,0.007626094217357604,0.024165883586761083,0.00020831308461310982,0.007039715320615869,-0.0129219421369271,0.006024901348610001,-0.023545211959572043,-0.004886996170171187,-0.002128142737547023,-0.007786470647317856,0.0536085077055759,0.028345776420337643,0.002608376523653533,0.03592090136135084,-0.016482356685628474,-0.018704850234826154,-0.012967675710569893,-0.2618960028994479,0.00019852059995173477,-0.01970791177313913,0.13204534184069416,-0.0037315917188607273,0.01693958477551405,-0.3544412489354727,0.05804514794272109,0.005619831774879458,-0.004337741372182791,0.008138636848002534,-0.025663883116910924,-0.0035669221342686797,-7.523338172177318e-5,-0.3119224269685219,-0.19871368497979347,0.10878607022459619,-0.0055326814596128315,0.005560185225931491,-0.020493061071420016,-0.05637393483266351,-0.3827470875448853,0.01987320753255517,-0.00014637596996180946,-0.05643228524013466,-0.02668417186669103,-0.003877954428389785,-0.022143362104429798,0.015104164632248285,0.016782312084842488,0.002478943787764365,0.015630573971975537,-0.008960944148952876,0.06918115832559124,0.010410897886060866,0.0033780610426674684,-0.0033383687670038853,-0.03568895128159966,0.0036723503678786074,-0.04686621700648175,0.05913065055074185,-0.02695084019069327,0.000425069317316229,-0.08321947365584492,0.01836832809749467,-0.006012777771047695,-0.08309758145060187,0.009681473688374354,-0.07361249617883914,-0.033112710486193464,-0.025523579875880387,-0.04885818641560036,0.016944828115811106,-0.1922666827138073,0.014496463410296201,-0.0055567406902810035,0.027143867398081056,-0.005894340362374351,-0.23505625609323033,-0.008296781834019384,-0.002244733157340306,-0.0027443919275356166,-0.03760785293252411,-0.00939650729742425,-0.012654369365918683,-0.0215018361852799,0.001736737126236676,-0.1086384622622063,-0.18297554635478264,-0.02609462341206381,-0.24520339574723948,-0.21735200859893666,-0.0255697059128579,0.026535750017501414,-0.0077657318779529305,0.009493357032624772,-0.027734643389976554,-0.0016653775851409591,-0.010929431019121694,-0.0018569836427104747,-0.002350396342649219,0.024224461561061617,0.0024331327022082405,-0.028548247157687,0.00631361540575881,0.02484548723761293,-0.0038133595808176324,0.017518903998364976,0.013144737735274248,0.012880294558840433,-0.0015259734209962517,-0.01534673471996939,0.010793996807478834,0.012654074843567287,0.0036361921413572418,-0.019461598649286316,0.3683943042415194,-0.02963544832300613,0.016566234763558896,-0.0024093759820971172,-0.011728318992481945,0.007694830364016525,-0.006903529432349842,0.019806827939902405,-0.007584294516405521,-0.028729673040288617,-0.003472994795060913,0.0195183843597988,0.0005144751658008317,-0.12885350679425756,0.03877235289827752,0.014106941528552852,0.01135396577319625,0.00030586690991185606,-0.024966799182948307,0.021804389087037634,0.0010189349288793892,0.003465021261263246,0.004551672839625098,0.02174209576253361,-0.019718451711014495,-0.00836774440267618,-0.04449259877583245,0.022952008008132907,0.0025171466785423036,0.007054136154692969,-0.05639549440684277,0.0025669431183814595,-0.02427053174096727,-0.01732916479971891,0.000979802432766519,0.013873386898467288,0.03389397476667,-0.03188042949932424,-0.04323210530401411,-0.022050216592106153,-0.0144509713768457,-0.030144614600203568,-0.019415495617977285,-0.049961452029265274,-0.009685016433195415,0.016325829301422345,0.003001855471666204,0.023916983474862263,0.019118313734111325,-0.011813133806754195,0.010483413087513327,-0.023393838540187062,-0.04162853832308855,-0.012377059816572,0.01496806965064934,0.01193072929572736,-0.06336987523809512,0.01053728727856651,0.044754848810498515,-0.006828051506545307,-0.008294506369111332,-0.018669994748506724,0.02575924447955913,0.0261925028661949,-0.019560009480301233,-0.023102800751075847,-0.007749763710307889,-0.03773274352033695,-0.001960731902727275,-0.004230201317113824,-0.011925714500193862,-0.022985393416092847,0.010715384771458503,0.11705317406716631,0.003292035790082082,0.0006236730487216846,-0.01355307324149635,-0.003346433159094886,0.012392792852097045,-0.030236894415224924,0.004467058020964032,-0.01028008686080284,-0.016244859800849554,-0.009694877853462458,0.008302083191892962,-0.033432706434723514,-0.027559079868701986,-0.008381023129913956,0.05053481745426325,-0.020834290841776237,0.016704241099319006,9.047651940363721e-5,-0.03705930165324389,0.001076449625912801,-0.030625269584561465,-0.008545906712242868,-0.07034226296718771,-0.010580848396784859,-0.011974461538329706,-0.007988725136328867,-0.009643915823289717,-0.003002333641120458,0.05281380123415147,0.0005646638196594722,0.015199966514046537,-0.0076959438906669675,-0.01476074264712679,0.05029340561918616,0.009916774308976528,-0.005849813072927645,-0.025063494316782453,0.01622482750940435,0.037688248714857764,-0.01958474113325792,0.07934195949201239,0.003211753345112811,-0.01216861824696025,-0.0017502629239061207,-0.044773356645464446,-0.011294371980852702,0.026821182170124303,0.01781081058925338,0.01945648474520567,-0.02822931341029289,0.05374830134246622,0.01650891047790992,-0.030655833144010103,-0.0016782041557235061,-0.010571117914253136,0.02720006479512449,0.02402542495497073,0.009137576459664842,0.012964480960818037,0.014672787528951403,0.02077098156860302,0.013716429869191415,-0.025734326929523377,-0.02761835124965728,-0.013981681620180098,-0.03260961458818201,0.025288689260378305,0.02994836620382557,-0.00038172875702002784,-0.002960802342840907,-0.0008584253191656899,-0.01596056450944161,-0.018059329469906515,-0.006839876094318242,-0.020402670898647557,-0.024799603522751568,-0.027881360297669744,0.0024464976336275868,0.010995912032058186,-0.018575267349888236,0.04082037957778084,-0.018729418614839233,-9.54842407736578e-5,-0.13362808579495322,0.004492077604481892,-0.032660924103765865,0.03843786724786469,-0.009549714068270987,-0.014637522352131782,0.01622811010975056,-0.0049678221985232085,0.0464380126402375,-0.10764745784513252,0.015665970860936795,-0.0007611775199620752,0.0018078821700555636,0.010291366844967342,-0.0010189642452758108,0.009058495018507529,-0.04198204619115131,-0.023017329291405986,0.04039675070202975,0.0030477190489364148,-0.023991412768737064,0.012349245680297827,-0.06131526169974677,-0.017801909564411744,0.04365773503150194,0.05595963316864072,0.02828234385833639,0.015007642215550732,0.026946338363472933,0.005645191011353745,0.0160285742385895,-0.008356482535418763,-0.01690701859706678,-0.006377864354590201,0.004853679006487255,-0.007700612544567775,0.024184605284517602,-0.0016680886546964757,0.007691812871144066,-0.0032919151610713016,0.029017368474796967,0.014369690161402104,-0.012159404451345779,0.021674074576253588,-0.0300601405820089,-0.009654136378685507,0.020657826154547365,0.025664388278983097,0.01544038374640877,-0.03702295666971622,0.0036280557336567654,0.0017180418767566152,0.016272463465725195,0.014433514929805824,-0.04091443366138492,-0.006570975895101583,-0.0010899211163177824,0.04401864246301557,0.005702277144564505,0.001229483082624938,0.049127342122119444,0.006139977550219555,0.05028258424499654,-0.013324699732038425,-0.009334039720613418,-0.016935951460709475,0.018360482535854317,-0.024918428819091787,-0.014529431150322125,0.04649752616978731,0.03771497678098967,-0.011460907528089592,-0.0016114755403577874,-0.07576904962115805,-0.03486696609888895,0.0243478201605285,0.019283701122276398,0.04113610473268636,-0.0008514213037642548,-0.07943610178165272,0.0156367592001061,-0.006841361178885563,0.005121463434988982,-0.02446114229428531,0.01055504632586235,0.012724396307959296,0.031071554631921572,0.0035516538296178624,0.028578561214544607,0.016215530078625306,0.00015780122458863843,-0.026046442137385384,0.011782731304265326,-0.021050404493053065,0.008442592339633848,-0.030056553734766567,-0.020088178955120384,0.04509779718432583,0.027839889405413487,0.07835274801618652,-0.03547275860000809,-0.05185784749915001,-0.019433622208453016,0.005398113532919524,0.010666966046755988,-0.01057137890870763,0.08650361458330735,0.0014218796393947741,-0.012953467574220667,0.004323823845879815,0.02373589798969533,0.06381834420426458,-0.007390531053744098,-0.012011402864118281,-0.014369327300300938,0.01745482308251667,0.014288616434441792,0.004060957062847592,0.04392525914681755,0.02616306479319519,0.03362272344838857,-0.019843202075890076,0.016551612944795124,0.027791899115072738,-0.008625438998251411,0.04774100009490212,0.031064050814165967,0.029821819528478954,-0.009709006550110644,-0.007744421425741166,-0.010912068027437272,0.010008484177888022,-0.014626608907633454,-0.028998407909966772,0.06887221951365063,-0.011837746647188396,-0.023233288298570187,-0.03362689314781164,0.06931075469583448,-0.004056861217073049,-0.008577211532369233,0.0057269858680228936,0.05364070570249169,0.0191401242414031,0.004492672980404677,0.069778688414317,-0.014655579769396354,0.05513400535710389,0.008665227013807453,0.00347366358414547,0.0060450730024967925,0.06090298207527667,-0.034558121736154135,-0.0027865276783813897,0.056826774365163146,-0.011355054332170766,-0.008288366473038877,-0.05425375022053913,0.020677310596170173,0.02447447854171969,-0.05987559160894307,-0.014960586755023542,0.07420109889244486,0.008716187092886685,-0.012068922098478652,-0.015113907471004495,-0.01108738773245932,-0.0012429737535057939,-0.029891548451814742,0.04777902354771868,-0.004974681315616181,0.006247658580377902,-0.003928910018657916,0.005279347680925639,-0.013760040532815765,-0.0088201012429181,0.009515229438875394,-0.0787798144115186,0.0145256239848095,-0.07168228498221652,-0.010875562357796298,0.002526079587937602,0.03994650451841153,0.013944905520475004,-0.0008886306217732454,-0.03425841016724007,-0.03882908201194368,-0.04253259682809585,-0.06356865073894369,-0.015843048428905604,-0.01859039536407181,-0.02729211038399626,0.0758542007001779,0.019467211572191445,0.001974176329895272,0.00795748771619742,-0.009627465295295679,-0.011715271235516411,0.06485773151439389,-0.01647050083920476,-0.02899803821810565,0.04137495537406721,0.04113245349628869,0.013728150275710505,-0.001972623876895341,0.010608081022155602,0.0768920491254903,0.0950811628235897,0.015027228856524744,-0.047452375170905725,0.011752775485547318,-0.0023698615955254354,-0.019765449159990567,0.0034051040612439465,0.059181805200609006,0.002502743484910752,0.002006186172593516,0.01230116776378054,0.04450660786557137,-0.01670568782810733,-0.01780119493832899,0.05917870556027083,0.0172260850067687,-0.0056376342985799965,-0.009440135283057316,0.00266242075019818,-0.012401375870467746,-0.013405528239900377,0.008928174121365373,-0.0107785473783224,-0.03762036913144584,-0.026354117608889283,0.006627594435485662,-0.011973450556979515,0.037764438561680436,-0.0007436793745227988,-0.016419866070464195,-0.05389387208924745,0.007991326422825296,0.010367980139108113,-0.0008457776575596654,-0.007019113985734293,-0.0007599275368193048,-0.0032662273308687872,0.014314975239358319,0.014256590667173441,0.011328427390708384,0.061204879773868015,-0.018741135829941413,0.006373451660238061,-0.008011677998183586,0.046087399783573346,0.009012552933882034,-0.011184296754208845,0.000829617255476478,0.015844736725739494,0.00013547882917919196,-0.009730238829433802,0.060785359096371394,-0.021975732004648307,-0.0019447946943955685,-0.047880356515406675,-0.002903212408924105,0.005472749670389021,-0.00011251350770180579,-0.0008438789272986469,0.012826491559735587,-0.11208790020282322,0.010344070626270963,0.01627898782635384,0.006421995306709505,0.04514766132706427,-0.0248969378271795,-0.005993493162577579,-0.027971497122734945,0.0031973611769444688,-0.028207298386405455,0.027148707205697065,-0.021703938971938896,0.03901215411860903,-0.013067606758340844,0.007712937509495532,-0.00570352104932681,-0.021651062153296152,-0.01855007185810109,-0.017939013302132878,0.020796482510377245,0.007966401161866088,0.0002847047795881963,0.028468142005294794,-0.006703734341499512,-0.006606030975831345,-0.0313333025223983,0.03226232729855383,0.0061588183348249,0.047185835331220005,-0.010938622873709392,0.007236367566406443,0.011779077623941703,0.008013340269258151,0.0027816451220132876,0.00040311081488653144,-0.024765366269093647,-0.01061623610848983,0.01488483300391863,-0.013492453234903223,0.015163189170607438,0.014064069687265146,0.014060959705602727,0.028521047691356216,-0.003190305585576425,-0.014768335839001168,0.0024528629426185944,0.01026086719923569,0.027217807723900478,-0.022089930401079982,0.017352558470179247,0.0676782088512482,0.023948641416609462,-0.0010230619609501446,0.02559688148198802,-0.08656690745556261,0.005680459568338847,0.02124057631112919,-0.008263766311301879,-0.010890314483958718,0.10733829704622622,0.016264527881958202,0.03765114157795324,0.012335216420069628,0.004100486550669302,-0.02033525193201058,0.11577796501660487,-0.04569055104047948,0.08740117039701545,-0.0515307950827264,-0.00784192736375644,0.0034172017158198287,-0.004690365831265808,-0.00834108281560475,-0.02066195014594996,0.020285952241920313,-0.000758568786068281,0.00031223647688705114,-0.010688136185478925,-0.014333998640722712,0.011220903510064772,-0.02342572215547989,0.027921329855416843,-0.004829299334232928,-0.030093359633610817,0.015726420673914276,0.018679635066291667,0.010925207902346301,0.03813320930132136,0.01497655416278576,-0.006354987945542234,0.01766693669515007,-0.018621223883656057,-0.001794852328430352,0.02559436531672077,-0.003509967650188628,-0.010941304950392805,0.057685064735778724,0.025678317233541748,0.0009574088103363465,0.05904516720238462,-0.019980649172623544,-0.004435004502738593,-0.01554115833528158,0.03276990005059588,0.006570925577761955,0.03783688808471197,0.0291859917565489,0.028200340429066273,-0.010151948040288516,0.05523225702745549,0.014789786356800505,0.028793419100566098,0.0038586316504733986,0.0034207159333163872,0.007139738987461897,0.028921408573296503,0.009125138416493428,-0.01209345467032108,-0.18950206782824353,-0.026990011585439788,0.020098529270967447,0.02062478121933964,0.0009232878068701211,0.03337920746889722,-0.00038765568069720757,-0.004541655800153421,-0.016235949694419105,-0.0033269952400871716,0.008029943163819553,0.02269389970820157,-0.031793884319995414,-0.013596676602901425,0.004983363903193094,0.022640359473598437,0.090977921730655,-0.021840239696302888,-0.02631702072085318,0.021254320823572925,0.032584204736394895,-0.048898076804107404,-0.023488224734592222,0.002754280007138732,-0.008479647481635766,0.02903960258117877,0.01677270119807872,-0.049561970928010624,0.03893998714158897,0.004607933683928422,-0.006233400903553843,-0.00697212350769405,0.025289806153296013,0.02412165739735883,0.015540049673290923,-0.030256936921432498,-0.013271439095348114,0.0091575975620799,-0.011576085268195868,-0.0005094630963782265,-0.005638264598928799,0.009860804427717085,-0.018514478414090263,-0.008531720269274956,0.043615367272650474,0.006879827592229049,0.02222503368739126,0.01979836182431427,-0.01750244962138936,-0.026565509457441294,-0.008143855306116166,0.010084417116786426,0.0057066093590947276,0.03933830855430642,-0.012242923215126211,0.010755155151855433,-0.01893581569379421,0.012971016759451004,0.009500295060433928,-5.801757879453362e-5,0.004777540377290279,0.006352951955250319,-0.016855688378200284,0.005272012917330926,-0.003227131484891288,0.03597380102752368,-0.029502840757231752,-0.009824044095694262,-0.024740458409723942,-0.019298063195876125,0.0036823873406319763,0.0044391022595391405,-0.013803710122715529,-0.07098083954042522,0.006282940290930128,-0.014930724294572428,-0.02660703960009414,0.011633136467935401,-1.654055085964501e-5,0.0016310672611439259,0.016800888161924377,0.006142442818600102,-0.015423306394950487,0.005423052793275929,0.0064881783305281715,-0.00609606911893934,0.05743675425219408,-0.001580291520440369,-0.02001646744838581,0.01058672346948697,0.007693480052466839,-0.006194284109369619,-0.010172449309720832,-0.02120581422173018,-0.0027712340083780873,0.007789696768668364,0.03539042776219503,-0.0028480333999141294,-0.003353847365360707,0.02635103605371114,0.02300944507624081,-0.0154855328364647,-0.024340138964362268,-0.0032324839089596935,-0.00936343031571596,0.02466626892783097,0.016183555329007504,0.028761434518401074,0.003432125841754896,-0.007866189672782298,-0.020867739295454157,0.05393268805437401,0.02145350080559183,0.039404255062208904,-0.016902394501357776,-0.01627719846828768,0.014651060032065288,0.015120702004878694,-0.023035378065742407,-0.013832306328822597,-0.009029923337493528,-0.04065905769951428,-0.04851934662929125,0.006227786843453487,-0.012656228454034135,-0.024342629762486467,-0.02092053838623542,-0.00018161657203563664,-0.002543462614994496,0.012972675082892238,0.010631610464542973,-0.013223727745753422,-0.012900117211756879,0.018263887643115595,-0.015174011174622137,0.001968573351177838,-0.003955885975841511,-0.006335993761013015,-0.0065160900035152736,0.03015435093720953,0.007058047807959156,-0.047376920129636346,-0.006476404820205062,-0.022066212726713275,-0.04887945339851285,0.0028468258043403694,0.11518572210457023,-0.007726847315552732,-0.022410171774936316,0.023601563673878445,0.014990257531280804,0.024414441380940843,-0.0004611262729667942,0.09117340175544086,0.03151574303410598,0.015353067089108663,-0.0031239892591656826,-0.0761202447793039,-0.10807209953236452,0.019968873919424368,0.002995204503349669,0.002215663885408503,0.0037040872957732063,0.013016445633184048,0.01477673218650466,-0.025491334394473597,0.025098774964135373,0.05702666458529393,-0.014685278272736468,-0.15342183952270716,0.026099660771137678,0.013310372629746325,0.010273207439695398,-0.0034140033637868328,0.015697703166551946,-0.022176579567712906,-0.03243020940408314,0.00976184728529006,0.0018263582202848738,-0.012975652155091666,-0.015163155426762387,0.009664069592190572,0.029124726154107883,-1.75401278568188e-5,0.023814912538455246,0.049124756885248644,0.040913308028848405,0.00399001247455999,0.0008432399667981372,-0.0022224064600777638,-0.011972419950325275,-0.05230000870278673,-0.009130310800173902,-0.07860910999238513,0.009148916832600662,-0.018231966047096648,-0.012634905146114761,-0.03158659761720628,-0.015538146250037244,-7.514326898672152e-5,0.011270712238456326,0.010094864337133913,0.006357462325240704,-0.002978715314498004,0.035279977884783875,-0.0335155049738205,-0.004973427312052081,0.022265816088975043,-0.009166353127511684,0.0024586912677477812,0.013006502909831852,0.022413928614099632,-0.03151070225226249,-0.017136107624537544,-0.009975657114409842,0.012127158490329748,-0.015233984254791721,-0.09432236614520662,0.008570832729219546,0.025106552362558432,0.016592059919275925,0.018336010855364293,-0.0029481067440428887,-0.014442664299963326,0.02448067114164587,-0.046496846181071305,0.01041969460970904,-0.0017972252167055558,-0.003719203442074104,-0.011066183718753564,0.019095577044140555,-0.00832028185618583,-0.017815765148043283,-0.002472533452191783,0.0019309855307483303,-0.02941483234167208,-0.010031007585894258,0.06373296180390753,-0.021248255201271604,0.015941086960708617,0.020367858440749842,-0.015702875992701593,0.05342822443037676,-0.01951584650305449,-0.055978659421271004,0.002920105064958989,-0.03627852598674508,-0.010512974155972188,-0.024414655988948653,0.008150771348255148,0.01955546763338134,0.04789486182926339,-0.02116190792003181,-0.04265784358995006,0.016311080488776497,0.007607975171367798,-0.043024267898999824,0.008290983087590575,0.004347251177478029,-0.009910682882946276,-0.02586346474072343,-0.03977283475114746,-0.04653118528722189,0.0015619709965903894,0.09497273214373081,-0.02281908617078443,-0.006598992199087661,0.017988493604661926,-0.008765401809910145,-0.005189131478857689,0.0006395328097141828,-0.03408866963729906,-0.01215134040840482,-0.019094806514601714,0.007430682460835669,-0.016763237798841146,0.018650492549340925,0.009686151963933298,0.00299454717332992,-0.03636464247756521,0.030072429449319316,-0.010051455439679557,-0.0073087315695374855,-0.013780352853700606,-0.0014539522524046333,-0.003396418637748866,-0.0034112882908061692,-0.024415482634140062,-0.004844694964049268,0.008960621506048483,0.019422131346800597,-7.441320235557214e-5,0.005192755694224616,-0.008170750593762932,-0.0018980727469397607,0.03140860369148868,-0.024174809749183623,0.015142801643776238,0.0106585539289199,0.08988630923022356,0.07740918491253979,-0.1218043246644811,0.08812751589124446,-0.01900319165406472,0.013891903121702853,0.05244406166684712,0.05755311233724569,0.00968179083047005,-0.09049311732201204,0.021104478885831668,-0.02609757332902518,-0.012069294980165068,-0.04528073174128622,-0.00980158047536861,0.060714971710694954,-0.03855549758873167,0.02133023934220546,0.010195279833624227,0.01250881654323166,-0.011931137038715178,-0.012862600008475056,-0.019961499936471228,-0.020708727662395177,0.04498455175780691,0.02415734680107562,-0.0050599004189280095,0.02296449124605715,0.004544592017282412,0.021961867829304538,0.010774444777325698,0.06350886569998693,0.046806691821984714,-0.0031357145212496107,-0.002188866574670101,0.004027433723422291,-0.017954329272470204,-0.013685041765256756,0.091317970860473,-0.012783829893578513,0.023533789386419812,0.01930091605288453,-0.004157353482241888,0.04806281012633917,0.008822894219520094,-0.020380810885200162,0.014436889896842331,-0.024592011174149775,0.0333444094612787,-0.017381133927301562,-0.006447726539519749,0.00552102338767213,-0.037881664424276096,0.004063502926783258,-0.01914021631637297,-0.002321328013749735,0.03362193532996116,-0.033340505789055896,-0.011023375514923828,0.022623090651570976,0.03172598402898075,0.017328785446352413,0.011222744125461759,0.02606000888226845,-0.0978523205521924,-0.012914302383066456,0.030946241696824472,0.016561353875658824,-0.11922749731957083,-0.017897424465161293,0.014056449205781973,0.056442972475451825,0.03285282176875626,0.012547963675388019,-0.008523312355919188,-0.009356315906529744,0.019158166036504554,-0.0030512008224832243,0.013491569514371804,-0.046042093026471775,-0.02686436462590791,-0.018442632235974088,-0.0011143460305902408,0.03790787622097014,0.005017283962615693,-0.004439870491751208,-0.021717635065670038,0.018879199862567475,-0.00860022887627565,-0.0029224489280750277,0.004465048770157409,0.0032430400997327524,0.10347153786938179,0.08001304082654315,-0.03331959739989543,0.03505904519261094,0.018646873185389268,0.025408474927189673,-0.021657694456735044,0.040667473653229536,-0.06189239349987474,-0.07744132643983903,0.0018394206945231417,0.0528280426224228,-0.0039353114017899316,0.0423997053048879,0.004339170902824208,-0.0116002826289332,-0.024881719979021,-0.0031572023056014586,-0.02497099725769658,-0.1288780043710176,-0.009087814952749795,0.00847161515866901,-0.007066302925039736,-0.007658510647218009,-0.0029581560243059357,0.01290712620470913,0.007262370500427551,-0.011029126198536687,-0.007691600569160073,-0.01165461764830944,-0.003949813353074205,0.017889827769977273,0.019465052326495424,-0.037958138151225285,-0.057409220747786094,0.009950410603778437,-0.007840651226615591,-0.008893172105899794,-0.005718233592787669,0.008722808249785885,-0.005381402816965419,-0.017257032608085865,-0.04270474929080592,-0.034753320480376715,0.002769140360499023,0.010583004672071183,-0.02254083647767402,-0.05728897906419661,-0.002069910539717057,0.02548725527321949,0.022752721003030274,-0.018757530088805652,-0.028493531277490547,-0.041746997137579456,-0.057371893569097665,0.03130987542181174,0.007545291585415725,-0.005078123258499545,-0.006761587873370445,-0.023077819376339903,-0.005575971242478772,0.0006208797394720023,0.02432054135351791,0.050109334654734994,-0.023198115446120937,-0.0038369156363842194,0.03130960510861769,0.032119315480485966,-0.011787743969193798,0.016374538149420914,0.08066912994172526,-0.0004159160500876169,0.02208033348688332,-0.02561774922105542,0.00747633820219562,0.0031232076901233086,0.0058769641559592856,-0.0398044259445669,0.0170791564519277,0.0036981075429594057,-0.007154021295718849,-0.1382457926256393,0.016179563504920225,-0.01204029997006728,0.024779068478324007,-0.0017772637420421233,0.043438186624371156,0.0008270440109185984,0.03908204211143129,-0.03717629972356917,0.014207804371835664,-0.01773790943207132,-0.010187252140497094,0.0037258515274629644,0.01921152534077919,0.01290307684155323,0.004208385048968921,0.05791478535854111,-0.00453972397644975,0.0045333789935284585,0.022682528578116035,-0.021335809381525905,0.004372013171177969,-0.03365780159720089,-0.011546830865427182,-0.023802185975910106,-0.006516510413121068,0.005668740247529058,0.06400167701212922,0.015497407414841291,-0.053167069256232935,-0.006675137060540237,0.01772065275292789,-0.03080405098717165,0.006123690144249849,0.026314425678265252,0.009039205881492762,-0.0006470771500062256,0.012327370021921524,0.04861242277775091,0.011625424051089794,0.07317979176241352,-0.020788490397308124,0.015613079945978825,0.012868600811316355,0.17473068281697124,0.058422397314643604,0.023579244789289078,-0.01849594861141668,0.05498137883751042,-0.013494271013541947,-0.014306653597941477,0.028710780670735403,0.042056494965891034,0.09255488023120506,0.007280061573510466,-0.012122901918701245,-0.0032605248953814225,0.02203984126413161,0.06734046394103643,0.012717835556316004,-0.006133813520136755,-0.0016157270617469521,-0.00218021570253768,0.007063207353439793,0.0014602229302909109,-0.03532258662562526,-0.019974466988969652,-0.022152787408231234,0.006137502859473898,0.03207043289694411,-0.01845992719151468,-0.06529043131467915,-0.012505000196597393,-0.01983227512027952,-0.02925739170520103,-0.011019613023194097,0.006194207977046062,0.01443496850970405,0.01958151760754845,-0.030418364864544856,0.04089879948583075,0.005358415879527456,0.016773128820886996,0.09266602860589046,-0.023876260466295207,0.01385968373315194,-0.03635694274589696,-0.025104713484324748,-0.01822924492034872,-0.049150067029131606,0.01632213261302695,-0.0077932351605340955,0.01420095940829924,0.0027246499585089623,0.0009508778568942944,0.01594868293750551,0.07261443782863353,0.060187947175109,-0.006569717267211672,0.010708777706668116,0.007919274823706246,0.0077084448967070784,-0.001297805396120566,-0.008442577209166302,0.03456186028392949,0.014294859038500363,-0.00820878932654523,-0.004593444708234529,-0.005142054206771718,-0.007360732312122309,-0.013989589563038862,0.00216694536075579,-0.019967508200508632,0.0113822906777159,-0.008584328758388438,0.012112238716554202,-0.03334717166660539,0.08266645252041371,-0.005768963775153679,-0.002572562740169815,0.002360815315569198,-0.0029754040369880386,-0.003185937482612644,-0.0058357342035151305,0.005119106908068716,-0.01548104951325513,-0.013718187522300695,-0.01545904055092251,0.02164995209523113,0.017590602874406613,-0.03381294966311543,-0.02860482955756538,0.0070359205135446246,0.03980560299618219,0.016888247201677586,-0.001198928816620537,-0.04855631221974477,-0.005098024877952412,0.05480508374694182,0.012845080567785772,0.04026575416173728,-0.02166414848761633,0.025256117937487943,0.0010346363987991936,-0.0028084593495805166,-0.0014406668842639192,0.006187087905686894,-0.00957459255187132,-0.031351827219623374,-0.0010911939120887837,0.03744372007440688,0.009485045450901453,0.008310554499985301,0.011790443491008773,-0.009735786886722053,0.004280953749912442,0.0063455828803853365,0.06046934329947362,0.006199241221111151,-0.005551405986807367,0.002885900293222221,-0.007857537127165415,-0.01625494905351843,-0.02072590736861457,0.014963865419758804,0.0034596740792949277,-0.013040867503150366,0.01409628214150871,-0.0090469209890216,-0.003355500757606933,0.1083523753056852,-0.006110360389698144,-0.026575442849434694,-0.06585936908231815,-0.0335571815367075,0.034634596053365385,-0.018789986737829167,0.027666171002692863,0.055075051157018606,-0.013867345780454343,0.007760970780623211,0.019495126071433333,0.011836850917347874,-0.017217387568962295,-0.004405649993714178,0.008571223649596504,0.03289789784696495,-0.10584610314163001,-0.0076566640336750424,-0.028779692303942284,0.037247626015414426,-0.010228292387637339,0.0014134355571968626,0.009764709318005771,0.010731382643371035,-0.0038795645459686057,0.022507023003299764,0.0069020315961552114,-0.016431905641411504,0.004462754307724026,0.050606142893229844,-0.0011012287452558667,-0.014184691510649827,0.01868596276290191,-0.005057847522607517,0.007713177195910248,-0.001282695979170967,-0.044951902374123165,0.04973535799035744,-0.05017679491538729,0.025420576491342217,-0.005266496858894243,0.0044464184552452934,0.010370334170147544,0.011359126531715447,-0.002948249292330729,0.0458040300909488,-0.03795073207311361,-0.004859791229591792,-0.030943859406761476,0.002587081290585047,0.01907666249076101,-0.02949122952739458,-0.025240674916403805,0.0023333399845171243,-0.0010856452045118203,-0.025271362341754866,-0.03711697529070079,-0.03468902375561811,-0.002883544754013201,-0.03289262246198632,0.00729673446767265,-0.017145618915492378,0.0314333844128214,-0.0024577806686920667,-0.011759724409785122,0.032263142060628525,0.0013624253251691698,0.04375731346590328,0.026734767486800592,-0.006461904368507021,-0.0343403922320249,0.03368842514191783,0.0992247774192947,0.0021832518164046633,0.041355533048772486,0.004311009741741145,-0.0073818373175527086,-0.0010972640211548423,0.061835290561703005,-0.0029658652310899924,-0.0587908994443751,-0.030258283443458822,-0.007447748427694023,-0.002004122416451537,-0.028440604420666205,-0.007007516463090724,-0.02852547099291769,-0.009581463687936775,-0.004966312209262469,0.0074053876123798545,-0.04122984245327643,-0.04661066176595341,0.00971952934150977,0.008608550586359343,0.01712215790303162,0.0643373967241132,0.016988404676339997,-0.041417156867282756,-0.015580060370695037,-0.0878906173374503,-0.0109910724522706,0.021296890737176,0.06946310704097414,-0.009407990710769809,-0.0026672180506466248,0.011243104557252082,-0.02007122298437025,0.01761590865874041,-0.0009823340529919733,-0.048991461142577464,0.017137374156575902,-0.00996548138482467,-0.004817362370488354,0.007442324948897294,-0.039375903992379335,0.038032382861729275,0.0059641323339292285,-0.009995098189392593,-0.02927086252202571,-0.05109171035860527,-0.015131243433643249,0.00828915893600879,-0.04293871923300685,-0.041215358052113515,0.02094667993605981,-0.0037286631086317357,0.1251256899404325,0.0531723488213629,-0.019575077438958033,-0.11751278051633562,0.016551533489291614,-0.01671465813433315,0.0038491544701173552,0.0037970474804751575,-0.05365912361048686,0.0019105190194750321,0.011464201507067173,0.0059118196559211356,0.016847365181916985,-0.027280323676905027,0.007535869220191671,-0.02813478414623205,0.010182251537116827,0.000711229969944327,-0.0026740378843896906,-0.02128180696081472,-0.003420460021288818,0.008609601795797062,-0.01811040956454235,0.0017202119918238168,0.030578365661428464,0.014888633503687743,-0.06666488854307318,0.013182138258287068,0.01471912385682117,0.019049664358092855,-0.032185196463615284,0.0023414353527186904,0.021931473978270333,-0.00551698791173294,0.018186854942882746,-0.007248788087963476,0.02668796365196613,-0.022229293801501626,-0.04191328314573184,0.005020922625590174,0.011994611384238851,0.011299275453438895,-0.011258949555440267,0.06076155816026585,-0.0023870919740147656,-0.002602129493425309,-0.0028094949273054226,-0.00463780024335847,0.027664058498203303,-0.0037145135054288403,-0.02654599271841107,0.030050282186948607,0.017306213425854367,0.04102246622369421,-0.02561504373625212,-0.002132994156454515,-0.0001762035951173857,-0.01915716169719417,0.021150176680521326,0.013067090160348016,0.06666551166017598,0.003153716917950078,-0.00929493954595273,-0.023479406148453563,-0.026487142871701508,-0.0182517730327163,0.023540021116787102,-0.005899873814900758,0.06062233162811026,0.057005781633961305,-0.00381024228613569,0.01879820100066354,0.0028586699818333727,-0.01697002748369414,0.014627482433382966,-0.009159136531621925,-0.025928219794877805,0.03589609682512673,0.030035972893529106,-0.03196949823768591,0.02107631001430832,0.024950162792265473,-0.03825147086399738,-0.022921077985984084,0.01332384751998461,-0.000295756556397464,0.034459598408375314,-0.006196919847752724,0.018735938186466683,-0.05697184155633295,0.043155389152730095,0.009379536498954621,0.004277757558156736,-0.02860969565142568,-0.00018781894237918095,0.003748752948638412,0.0008078726832536631,-0.03675591804721989,0.010162315047182346,-0.03553921924185488,-0.046756818612607276,-0.05325168463150476,-0.00358423767761451,-0.024400304608661827,0.01747212306372603,-0.016301854214816558,0.028268489283618692,0.0032555364764448314,-0.021130318723635355,-0.012996152214554968,0.05149472115726894,-0.014906692782915343,0.0011364207256292502,0.03706788723116006,-0.004171938951458287,0.004433984043771488,0.02151864627612099,-0.012147859562674057,0.015916506107714667,-0.056557560911475235,0.0062897938017840715,0.01049075704668212,-0.03957518556399009,0.005889844792761778,-0.060809520960901864,0.015120376890536136,-0.004609579062389457,0.017440506351249496,-0.01963409793097526,0.02674888607543835,0.02201745461002247,-0.02316666788715338,0.02690069377194959,0.006960063877158973,-0.0010191277187914238,-0.019141954634505964,0.05221387659548782,0.052193089640809376,-0.07287470662413398,0.016635666862384824,0.0074750685257640725,-0.047410673953436344,0.015188885941370245,0.014172001193173855,-0.007207986190223892,0.03646628403021168,0.01608940609912679,-0.026665016661354457,0.011601779895272557,-0.009526731666142041,-0.01011291272732251,0.014075528754347033,-0.00039531705533590866,0.005229462738498114,-0.010526431336074893,-0.005851787067967962,-0.01075805400569152,0.2569418907405634,0.008635909008518183,-0.007432708293436008,-0.00418855719090061,-0.006430111454392318,-0.032004620495001745,-0.008702516782705061,-0.025100237894776,-0.003986203634667618,-0.01851437663026445,0.02281814284287975,0.03435970265729793,0.019346618081272027,-0.05572697405477811,0.012612744797365849,-0.01608500824033854,0.020632484316593036,-0.057049489028941025,-0.005751632732255985,0.01040014648719989,0.032661747772181116,-0.020923457492017405,-0.018407862323329027,0.005446022002161044,-0.001286522923692246,0.06799109576309093,-0.010048711508886754,-0.009475032829186603,-0.000889317315795779,-0.01438741649496933,0.007047938940331733,-0.004058078126945475,0.019916786623070948,-0.0370181280959514,-0.0012845040141655772,0.026137005446798867,0.01358295412728694,0.0062727671556785936,-0.09338625722904226,0.015214327877401956,0.014163550431021577,-0.007568603317395173,0.02748238492438304,0.026124341346076108,0.003104123167247508,0.07493740844984131,0.024350612806756544,-0.02599465897628761,-0.015701830355283164,-0.06117785174228629,-0.011443380005857762,-0.002872600183764007,0.010573691084118764,0.017604104917154473,-0.01000828395899589,0.06455797701710253,0.007960677078472145,3.0243266110119293e-5,-0.005052341399959914,-0.011573844200484018,-0.028867429727597482,-0.028563994041178375,0.01336139362490485,-0.004738956375149428,1.920294378621179e-6,-0.002118032778525958,-0.00013226851065617495,-3.841645966102961e-9,-1.8943534314530552e-5,0.008647200917948794,7.548767837595172e-6,0.009406884006921246,-0.0008712131165680148,2.455662945566317e-5,4.3581204228759773e-7,4.518970277800349e-5,3.6484661364299953e-7,-5.657770739200818e-7,-3.330803731316223e-5,-0.07990439836612495,1.8481614584731076e-5,-3.1326351965926813e-7,-0.0045555346932815155,-6.49120579758744e-5,0.00019793477855500896,0.0006291113995189335,3.667862340239747e-9,-0.0002929426182163297,-2.525403336338036e-7,-0.0002664474625504454,0.14256535861932207,-1.734971067257618e-6,-5.4340498834015705e-6,-3.335124696540997e-9,3.228528192700253e-5,0.01808052068008692,-0.004270560431905324,0.0001154524937518886,0.00010832803574700733,0.0002632619719520335,7.685082392683285e-6,0.009985560205109323,-2.7767000569944855e-6,2.4974386658715986e-5,6.725078604841173e-5,0.0018466829961880649,8.756344072935462e-5,6.103289628800468e-5,-4.3601691711650514e-7,-8.069216752393249e-6,-0.00011672949070451466,-0.00036756927380565685,1.597882587511812e-5,0.0037582942213703063,-0.01809706600033678,1.023601641642058e-6,0.07083615843112057,-4.311525330535915e-6,-0.0024031122420637985,5.1620874327085176e-5,-1.7868524940060915e-8,-0.00034674334531814566,-0.03721779613442777,-4.889993284962202e-5,-0.05187816000034218,9.909646307093567e-6,7.593430380314903e-7,-0.0001617124956929672,-1.4079922679155477e-8,-0.14931697442443692,1.543224551758815e-6,-6.114063137474838e-10,-8.317337433894068e-6,0.09162445047059009,3.232551755694146e-5,-1.375755957384872e-7,-0.0003581583483374118,-5.733866929543731e-9,0.013998131147900494,-4.539511397477769e-7,-0.0649426205710597,0.0003272627486694546,-0.004515119392635825,0.002124545550714174,-8.184008793321595e-6,-1.1813327938647866e-6,3.160912667787841e-5,-5.277695890981704e-5,-2.5566883941507967e-5,-6.279770406892454e-8,0.003445615141060898,-3.0601978302513544e-6,-2.780739653080941e-9,-3.022815511614929e-8,4.3292415470297385e-6,-7.848535939214418e-8,0.0006278510915080915,-9.668642620688436e-9,3.162090423503017e-5,0.0006491237920727144,1.761296208435681e-5,-0.0003875028147035664,0.0005053314710607992,-0.015020852726593148,-3.353554712259843e-5,-6.368829252778596e-5,-4.469176622778903e-6,0.00016913432796172856,-1.1678501102979633e-7,0.0007820928535693383,-3.154803627114511e-6,-3.092259763894968e-9,0.0002134925958898748,-6.51696476801078e-5,-2.6564018693053804e-7,-0.02041007222862845,0.0005909490895348313,-9.867998195314809e-8,0.0008236706990896181,-6.106161225087614e-9,0.0018363893534569797,-0.00010065455401786494,4.2643170111489326e-5,-2.6128344021714156e-5,-2.7490792100376416e-7,0.07046650369653662,-1.6149495100092892e-6,0.008120460592635936,5.78555610086795e-8,1.758341320590162e-5,0.0008509206056714902,-1.2143189127844511e-7,-0.004475222765904618,0.004230137131344236,-1.8247283204431142e-6,0.000636422619653132,-0.00019877731116935138,-0.008149956438955996,5.792276696503507e-6,1.9000836837257395e-7,1.7140241072299833e-7,-0.3674538684244908,-1.2119213115502347e-5,-1.9642830795599253e-7,-1.2740964733238798,-0.37379337323909567,-1.581801881478384e-6,0.00014020327275687805,-4.666310009183647e-9,-2.7586452588934662e-6,-4.309826043658038e-6,-0.00016756160999875647,0.00038039784159593637,-1.2940450307419304e-6,0.0008510583068073174,-8.445470599527383e-6,-2.2020816535794907e-6,1.3397600908404694e-6,-0.0001189170145061702,9.24130667667028e-8,-0.09988220507511869,0.0018836624889786435,0.00011584205088155386,0.005035781596234301,1.4201704793492809e-5,-3.519296455818666e-8,-0.07160636803746456,-1.1330225548056294e-7,-5.3387621236833036e-9,-8.043295176380846e-9,-2.385477391841917e-5,-3.463454915008865e-9,-0.1818803843088972,0.012545343178771873,0.14575780589984788,-2.4552887767370635e-7,-2.8468036816775566e-5,8.29953250836013e-6,-0.5342952610990324,1.697605467554375e-5,-3.1162092452907686e-5,-0.010775792641652515,-1.1829044851197068e-5,-0.0008566881587057651,-1.3952912956499697e-5,1.5914867116384457e-6,-0.0002824820544446993,-0.1467174709068786,0.013812769324204055,-1.1030043444826276e-5,-8.457202543547815e-6,3.057107333892528e-6,-3.921460686173717e-5,-2.3453303132914272e-7,1.4920704571624865e-5,4.1760435511017935e-7,-9.82799692669789e-9,-1.971795942523613e-6,4.068693029379844e-6,-9.712863316413411e-8,-1.0142320071467037e-8,-3.0672300489698046e-5,8.976234510779668e-6,-0.0003510153835293295,-3.5029980848541933e-9,5.215729562024762e-6,-1.7011296057781525e-9,-9.377338669458446e-8,0.010956912233723415,0.025285130524935084,1.5499099845495135e-6,-0.13532919210774708,-3.7987620986335013e-8,-1.58139906628052e-7,-1.4340158570935735e-5,-4.5941987489306335e-7,-6.606542402032289e-6,-2.2955238786204202e-7,3.7288152348935455e-5,-0.0011489541359424038,6.756470135371728e-6,-0.0640737809590064,5.8750308987498556e-5,2.2118684706029512e-5,0.00013001536529344548,0.002496900964274573,-3.927616224223482e-9,-0.00011807331721058745,-0.8245174123100014,-9.787909621694624e-9,-2.1575306216950474e-8,-1.891770694761874e-5,-8.283055937796375e-9,-0.00018531179291869648,-6.574428347505545e-5,-0.17192680844709685,0.0002384886005302178,-0.0002210375137963183,-7.7781403723165e-5,-0.003439523592533078,2.3768631544407448e-5,0.10637840848198721,-0.7430879970766,-3.547282058491419e-5,2.8809198768242616e-7,-0.2058589165317244,-0.05524921306465558,6.173600689862724e-5,9.88746779112884e-10,1.0148519038696326e-8,0.000681428799722994,0.00010504301903324631,-4.225906473820373e-5,-6.893100064353508e-8,0.0014563694474674094,-1.7755076931469382e-6,0.00027190603328364205,-1.7322288456411705e-7,-0.00022124984461413533,-1.4162756515556651e-5,-0.000282006216082209,4.6810572627842273e-7,-0.00624868663385314,-0.4235786137833202,0.0001065447168784317,0.008987285339571827,-0.006260498897972866,2.1139302379229175e-7,2.2011711042768667e-6,-7.406750916061355e-5,4.367766950619245e-7,-2.5000916603290513e-5,7.726138131403104e-5,-0.0010920584745690576,-0.02375896784633369,-2.0080761967244953e-5,-1.1622573590774898e-6,-1.2565773774286804e-5,-0.02389568337912351,-0.0011406555229314108,5.218033262144317e-6,5.099665224861383e-5,0.003626740065328704,-2.2246964263838986e-8,9.407088847668277e-6,-0.10621548307244666,6.721180694313489e-5,0.0005781344181059467,0.00023149449339143757,-0.0016079427338127061,-6.1327949887335365e-6,6.942864051728836e-7,-1.0507205350403226e-7,-0.006103962559791398,-5.255031780393438e-6,-7.4125503033428686e-6,1.3054538607615296e-6,1.0936850092457817e-5,0.00012878900179913444,-0.061668857026234036,0.0006314417091743962,-1.0480290835716182e-7,-0.6115744551880198,-3.5637086909386627e-9,-0.04625702014800481,-4.188458766929415e-6,-6.277516367836355e-5,-5.2014416568367874e-9,-0.0002440003380570488,1.9017252868014367e-6,-6.349601744458193e-10,-0.000211647551921601,0.0019838709191617454,-0.0005865677467227215,-0.00047684496689726075,0.0002793492301407241,4.440279558703963e-6,-1.1408454530462825e-8,-0.0023497131965086737,8.512011690875454e-5,-6.48032504741991e-5,0.00114809517241099,6.013255247779264e-8,3.7815203283997345e-7,0.012447810290041161,-9.01771472356927e-5,-0.07934852713879081,-0.3078150466790248,0.0033940119938051794,-3.004815004713918e-8,-2.442130467450454e-5,0.0016437133608064869,-3.642601474979079e-6,-0.03289790627968614,0.00026879831733594983,0.0008864008575528715,-0.0007108280638590259,0.0036779095257770678,8.299438517411772e-5,5.559302902313074e-7,0.00014246904257220194,2.1952391154878015e-7,-1.4926304309909044e-7,0.00014846308536675679,-0.15345810349390376,-4.5307740621503e-6,-0.0003319732403710418,0.00010482767633845924,-2.4753432496132412e-8,0.0016527863722330949,4.5188298585685516e-5,0.0026220835420645017,-5.298871753822709e-5,-0.4686096911518689,0.0006627097518503433,-1.1707579488216976e-8,-1.3487110198801e-7,-0.12673694223849452,8.28179633760584e-6,-0.0001613404828084697,0.00825570587949187,2.7318475882658066e-7,3.832442304618766e-6,3.9744172926695076e-10,-0.0003302665559203888,-0.005803549873121483,-4.310974194954298e-6,-1.7090989944362582e-9,-2.687463170891746e-7,-0.0006656311334154452,0.00011766105733101995,0.01847948381509923,2.864320858758651e-5,-0.07337926104810322,-2.4148689343306273e-5,-0.05650773759407457,-6.138951086365196e-6,4.201646730228603e-5,0.0006449053458226217,-3.1211084823394575e-9,-0.0029513387128190516,-0.0024164615952031454,2.1925325284222197e-6,2.205087976836495e-5,3.722804804340285e-5,4.7528466303958794e-5,-4.959059562104073e-6,3.415205429568857e-6,-6.560710061798147e-5,-2.5316767788829964e-6,2.0012416798720345e-6,-2.474868116214904e-9,0.10196636323962593,-9.368374908301502e-9,-0.05046888263314031,0.0021322821903027034,6.733754491961008e-5,-5.103642023926436e-8,-0.041078727421336225,0.0011323793837618723,4.5969610139307004e-8,-3.83683293989634e-5,-1.7065634352331216e-5,-1.6707318797881676e-6,-3.4695391306349688e-6,-0.060726925719791325,-0.00015471620138640674,-0.00026013982773065436,0.00013670618301020454,-2.973045557503706e-9,-0.16023693456190813,-0.00011927644925435743,-0.0013087438967431808,-5.5861809585167066e-5,-0.9709570845907365,0.0006663122247800857,0.0005210077264763413,4.014549072117735e-6,-6.802146062905023e-8,-2.689886681284115e-6,-0.18349182697420474,-1.0157701436919186e-6,-9.501331012629066e-6,-1.1781969553759097e-5,-6.429731300539032e-5,-0.011103500907125863,-6.8652302770422224e-6,-7.499891268736292e-5,0.01493807247334189,4.361527025587009e-5,0.00458004711799731,-1.713264683167459e-5,-6.338133891059528e-7,-1.449121714725693e-8,-6.818569497010762e-7,-1.0502015393171887e-8,0.009759579635556292,0.0009538783937159678,1.2066303155104131e-8,0.0044126002367193,5.3778133883852774e-5,0.004334163405019353,3.0286361347720003e-6,-3.7132782945703546e-7,-1.981013164176204e-5,-0.013251702554043732,-0.04251218122863065,0.001583274182223704,-2.5225132542772144e-5,0.0007091297524084439,0.014384338591298729,-3.1254810433090086e-6,9.269007988876865e-5,0.003300289671869905,-1.6467988518849286e-7,-6.89076235828312e-8,1.3130091965629642e-6,0.006068841647589807,-3.995699038349468e-9,-0.00019441302953282502,0.022160236607305706,-1.425839958102415e-6,0.001701039335898713,0.0003821987501737567,-1.021123762257048e-5,-0.0007987632500885411,-0.0010990075054166937,-3.350621457842706e-5,-2.6680935238942993e-5,0.0006323970222297248,-9.68352319929977e-6,8.317226997789362e-6,-5.117075962082773e-6,0.00039201619358664175,-1.2959385722183248e-7,3.9932862521130374e-6,5.757204449285958e-7,0.020603044336894527,1.4249015300726864e-6,-1.8411361182302244e-6,-5.3541321189953806e-6,0.00100533867168906,-0.5134763923503556,0.00018031912417981744,1.1796476931738575e-6,0.014717880549142137,-7.430681452785803e-8,3.282606972687674e-6,6.813861966215029e-6,-3.0587919475077996e-6,0.00010425685926573891,1.4630683370597808e-5,-0.001186732170481264,0.004958361194439931,0.014548881843438721,-1.6673186458704414e-6,3.115692691624261e-7,0.0014486881364064175,-6.39467343702127e-7,-1.4301476247702283e-5,-4.447556429393318e-7,-8.293313572949046e-5,1.8240123537127673e-6,-1.3912819776459862e-8,0.014287532093703703,0.011644999891700536,1.3647171830388771e-6,2.554445382774162e-6,-0.0033016825979075293,2.039709292667169e-5,-6.328118990595044e-6,-3.0840065716297715e-5,-1.1667599052601722e-8,-1.3617719182845711e-6,-4.470359613151231e-5,-6.239080659042884e-5,-1.5438552916115234e-7,8.888313599020314e-7,-0.017830184747595013,-9.053133843348049e-6,-0.005652980569720967,0.1403231114964001,-1.293364089681448e-7,0.011562695843167603,0.001860489486773531,-0.02455645531290429,-6.255398682548929e-9,3.4205934775766167e-6,2.095793335543661e-5,1.826645367360158e-6,0.0012215922352538655,0.006868613946608093,-7.460826665806053e-6,1.7672061813911455e-8,-0.0013318052222075494,2.5499054163193036e-6,-0.013845127071363095,-1.7561626336259906e-5,0.0027203291765545146,4.870198969549305e-7,-3.998590565462701e-7,0.02674719483258059,-3.3621438260637154e-8,0.008532357665330892,4.6355779687701215e-5,-1.0599818702328179e-5,-3.3084831319030172e-6,0.00011910149248706148,3.0011953624509147e-6,1.3525982660300695e-7,-4.353559014091957e-5,0.006705594201775966,0.0005110760619118082,0.005647345230499923,-0.09394707100000232,0.005688490789907519,-4.526553649686349e-7,-0.2516938800354751,0.06453878849424655,0.0004377620732043397,-0.0035103357849948225,-1.841940534014208e-6,-3.301108038755718e-6,0.000753340135354108,-0.0024460665506467194,-0.0011674374246126717,1.133871033870415e-7,-1.041897540465797e-6,2.821995487067852e-6,-0.051717983493290376,-9.916250395036741e-6,0.0032119999050337356,0.007388159789570636,1.3899971136044353e-6,-3.016428963206752e-8,0.004482403956160397,-0.0004246640685323655,0.0015150600959259464,-0.5750835363651277,1.455821448503869e-6,1.4266428604303716e-6,-4.012283083033863e-9,1.896953576796534e-5,-3.6312466814925407e-9,-3.0010828346860308e-6,-4.6917184362386954e-8,9.11626091948392e-5,0.006758677044672368,0.002263829230457759,0.005324587721588614,-5.876152985029304e-8,-0.07465417846105993,1.515376972571758e-6,1.016171546375233e-5,0.0019258036969347359,4.1875295789139955e-5,0.00010725064718375421,-0.5994475704446813,0.012460005113098305,-2.5978980083027174e-7,0.010917481122305617,-8.951841278914685e-6,-2.0090639488157258e-7,0.001146064250476364,-1.7105163506447862e-7,7.396661625236334e-5,3.98611197773846e-5,0.00017388873899193413,-3.1565069602557116e-7,-0.0006719950609976877,-1.8826647826486465e-5,-0.02995001522685925,0.002030208863459393,-3.61300219671179e-5,-2.3098474699168037e-5,0.0019639842676042463,0.00156541899923468,4.268137777097003e-6,-0.08601752778486116,-0.0011454626364866272,0.00037091700278324424,0.011157914556974902,-4.260789763232964e-6,-5.016828430015607e-6,-2.0682498247381886e-7,2.7736539415457173e-5,-6.632887200336973e-8,-3.45735736018149e-6,0.0001633783313579329,4.8583987557471175e-6,0.00044316091225482523,-0.9800058226046531,-0.10768125653703464,-0.9006808858284785,0.0003822684836194412,-1.146043755034798e-7,-0.14606036521007582,6.350377024233467e-6,-9.689437945568924e-9,-1.7450819369407844e-8,-0.035265783068098244,-2.524827630301374e-7,-9.748008237409067e-5,0.0015349822299413063,-3.546930133976889e-8,0.011149938727612607,-7.1876821634321575e-9,-0.11110001891211141,-2.3254478192027972e-8,0.0016509864094871318,-1.9086366916196834e-9,0.003370301922473118,6.14345352687451e-5,0.00020225154892727915,-2.7819221048303033e-7,-0.00026036485540714693,0.00017066205316496053,7.506051392436319e-6,0.00024590258730938785,0.00020043758919996435,0.0050758869462015355,6.933684242760307e-6,-0.0001233281615000692,0.020648706670726824,-1.5939964859656118e-9,0.00018869095207074693,0.00016971965474255057,1.5302789222459978e-6,-8.287670771101041e-6,0.003977334468800109,-0.11030677618691698,3.9873248112609616e-5,1.0437028013718375e-7,0.00013384072430611127,-4.247746022478793e-6,1.327006645436557e-7,1.5767926230925156e-5,0.0031949441629421926,-6.388706786861209e-8,1.0945305391363291e-5,-1.3379753214026735e-5,5.050552589835888e-5,-0.08403206528419105,0.00022511070602604377,5.773648164786316e-6,0.00018748499670095953,1.0295156431805452e-6,0.0005461478509687367,-0.00091144034985291,-0.000476832983707709,-7.760142969794742e-8,1.4490493056573683e-6,-0.00022253246015679906,-3.0617187201542606e-5,-0.014970862745940394,0.01372961771971859,-1.1220633439057437e-7,9.84477587984145e-5,-1.2192273843858459e-6,5.325840789424663e-7,-4.6544064462583634e-5,0.019206197649054957,-0.06581135752639966,-5.133996968109678e-7,-9.766560230772825e-6,-8.064933189189105e-5,1.2960895291909413e-8,-1.4974714172832915e-7,0.00793488171689205,0.0009050092548363864,0.015866908557654824,9.06115986936129e-5,-0.0003185622280170719,2.148196636367339e-6,1.56643608004714e-5,-0.00015997676706547281,1.0896374733393444e-5,1.1650068094254395e-7,4.187327694860077e-7,9.802272528225409e-6,9.797161510505248e-6,-4.578198582500144e-9,-1.1435977035567646e-5,1.2478902646217982e-6,-0.016438572589777323,0.02320891739327635,-4.4736750397494224e-8,6.521678960780264e-5,0.005437536124475173,-0.6140084932685568,0.014102101696153113,0.00014615194177736157,-6.29249353734096e-6,0.00047268437720049405,-6.488898926584885e-7,5.362142914133727e-7,-1.2350578357765707e-8,0.0003291075106250929,2.188887394116712e-6,-0.0011046035797903642,-7.064120634558968e-7,1.0800542352029652e-5,-4.163311249305579e-6,0.0022683424999740964,0.02133594633141911,-1.6847820913490352e-5,-3.287173209742811e-7,-4.3411944791738044e-7,0.007079046738454053,-0.00022810669826878183,-0.0014446488648900413,-3.402024162046935e-6,-0.1495714920165483,-1.7755624524644614e-9,0.005179924058893448,-0.018062083874610835,-6.139866057008891e-5,3.8489346579351214e-7,-0.10935315321421513,2.502606810672603e-7,-1.1549129341238695e-8,8.36706316453828e-7,-1.2859141507171046e-5,-7.0113688892536885e-6,0.0009803251394373547,5.5055734676096035e-9,7.766297301370351e-7,-1.0989316216996475e-8,3.2215401346569195e-8,1.242965965175813e-5,-1.218092713882457e-7,-2.52767505592999e-6,-0.0040714818896958604,-3.0925100000245287e-7,6.417523313956286e-6,-1.3062872436476677e-7,0.010069876067063888,3.6319101616166805e-6,0.16215597007976612,-0.33762608918186743,-0.00010476098201950279,-1.1288616476257118e-5,-0.0009235800611691047,-0.0005668789819281983,0.027152694601682015,-6.550439578386844e-8,0.02274746598936872,1.4111508425118657e-6,-0.005470065661484114,0.00040122056056191013,1.642386188160927e-6,-1.2767465753518118e-9,4.143889731800243e-6,-1.0880623565453789,-2.98713713174463e-6,-0.001779648111039478,0.0010447016543082555,-1.325841885065071e-7,-2.1599030515517814e-9,-8.154437727836417e-8,4.82099074261555e-6,0.012865824724201502,-0.0001513579408438659,-2.075118372379947e-5,-5.326504788020353e-9,0.08465217069397113,0.00044628963448190007,-0.00046413250834120845,3.938954438065245e-6,-9.395946903634211e-6,-0.00019767265749948137,-8.030139039760797e-5,-0.3256542902418005,5.695429767582638e-6,2.1814986793378122e-7,-0.010339952885260573,-0.006871600785189003,0.1915699330438656,0.0003086685439939174,-1.6785608615739467e-8,-0.0024261197013402125,-1.9296699918514015e-7,-5.331201102243277e-6,0.03297642973097936,-0.029875049465772463,-0.41751232657315995,9.011262815855625e-6,-3.2001509811863116e-5,-0.2507851253458284,-1.0902623445436903e-9,-3.108280932770033e-9,0.0005296488618000694,6.807028513911018e-7,-8.372687324254002e-5,0.0007860506650558818,0.0005098218883290428,1.6609200219092502e-7,3.220974933656768e-9,-3.866361337860613e-9,4.707394154479516e-6,-1.3508405154660438e-8,-1.872012633866567e-9,-3.214657455681558e-8,0.0009610456402242562,7.1821141189865045e-6,-1.5204581275962692e-7,1.604779127258038e-7,-2.6255525820140235e-7,-1.536397675264145e-7,-1.6514771846720677e-6,1.3668529750932024e-5,2.353929752021977e-7,0.0009188263494479543,-3.1567160173329167e-7,-4.3701868876477867e-7,-4.166120201685303e-8,0.000582598355549635,1.4851255430436971e-6,-9.49970263917077e-5,3.079703184000193e-7,0.006876210393784277,-0.0014617171214936775,-4.34382486478313e-5,1.1138115070252752e-6,-1.1605504193290886e-10,-3.201765974458759e-6,8.220785484880366e-5,0.0006058970510594008,0.0018467165121194284,-2.9560529766214927e-6,-1.6067852562640095e-6,3.969160623354395e-6,-7.853941723281327e-8,1.3934891605060784e-5,0.00033833375127301224,-4.0844721602151246e-7,-0.026364547271441552,9.23834076155261e-7,0.002485478264475205,0.00017871154551585278,2.161420791887969e-6,-1.519628335749923e-6,-2.6146405620892238e-8,0.001072991157798242,0.0004168623177065456,0.00015681513521315082,0.03923885530093685,-1.8988834712095615e-8,-0.13541021496712347,0.00019561587756733445,2.8470553451453995e-6,-0.00023609847623617952,0.0002916592989805622,-2.5166653618382585e-9,1.4995021586361457e-6,-0.00032752847089057013,9.124469730892315e-6,-2.9873183637452172e-5,-2.8128546901429186e-7,-0.0002337622669870143,1.8734613442886183e-7,-6.39628322418595e-7,0.00043829558390484635,6.602363621688312e-5,0.0001340912055241006,0.00042940910483935113,-0.0003965985818012996,0.00010141855396206267,-0.037952096143271774,-0.009679054200148585,-0.8721180725697195,2.849190689803438e-9,2.1473234869340274e-5,9.130732630779903e-5,-4.390192208436616e-6,3.1285392772112397e-6,4.242796432052387e-5,-5.926791755289651e-9,0.0016547731543141708,-1.8228164732292385e-5,8.931577562265591e-8,-5.6575586538265554e-5,1.762197307120933e-7,0.0008504500029573592,5.1663818184666255e-6,-1.3805343481720911e-5,0.00024449171997531494,-0.00695552519755438,-9.909721608434468e-10,-3.7063403947046325e-6,-0.015922592184779205,0.0016501057282027887,0.14751314112436376,-4.6548064785989496e-7,-1.0603775195687677e-9,-6.178919971164265e-9,0.0002639724172439628,-0.0019819271692540497,0.0022813631094322773,-4.16789793346653e-9,5.9709657596940247e-5,-0.00033483735660411185,8.840492943029687e-5,-0.0034142559732686095,1.1993414257838175e-6,0.000352781812637204,-6.442028043451842e-5,2.264954670838648e-5,-0.009650197227529134,2.994759469743258e-6,-9.828283945578775e-7,-0.6297236444852388,-2.4102087762267743e-6,1.6143402858936895e-7,0.003412260944060108,1.1834034800095594e-5,0.0016521433309506506,3.776981843672811e-7,0.0002456127055552315,-4.197622091714134e-9,-6.669976482243101e-8,-6.790691357672074e-6,3.7706473614562697e-6,0.048961039874370726,-5.930352194483124e-6,0.0006313420674928238,-0.0008796071965662122,3.030148328608817e-5,0.0011740588709017175,0.0017196229246110306,0.004189632534689736,-0.012249280612195435,1.6989395846822575e-6,0.289171447922854,-2.5645679975982993e-5,-0.03480859496812627,5.384521006845944e-5,3.104430932943103e-5,-0.043374313647291274,4.038926664784448e-7,0.001652554972025655,1.7666075100841727e-6,-0.0038190368732102797,0.016208057925609864,9.389247105007215e-5,8.564487640611018e-8,3.6492697519374673e-6,0.19452853846087237,-1.1069691801424142e-5,-1.5434865141120732e-7,-0.08977238784245856,9.854343587534231e-5,-0.0031155536398728145,-7.963225026230702e-5,-0.17030338346114604,1.9401419826259314e-7,-3.15561782968099e-7,2.401198152757189e-6,-3.0333753787914475e-5,-9.982320923751509e-7,-6.32677197289766e-5,3.5748669288682144e-7,-0.0003148323995674218,-2.213477043450492e-9,4.476963487043406e-5,0.00013836642943942934,2.2189652980841856e-5,0.05814370337702712,-0.47442918407341494,-9.13830783743838e-9,-0.00015826614358216418,0.0011188916364517354,-5.10725041555013e-8,1.2364729600200519e-5,-0.0005330429756895683,-0.652919399682105,-1.8833917499877506e-7,6.094568514680536e-10,-4.790693291720216e-9,9.283031792151064e-7,1.7449404481340025e-6,-4.988316869292131e-8,0.00011898795990106237,0.0461870404085829,1.2582113999570765e-5,0.0027941679709329037,-9.449059818200656e-7,0.005285014687387957,3.6111275193428938e-6,0.009904971699143061,0.0013144417462171987,-0.8429602078476819,-0.4091868570467341,9.332340358825242e-6,0.010061739931416014,-2.1199745179334428e-5,-8.251765598512456e-9,0.00035590937315532756,-6.611544972265349e-8,7.698419921053912e-5,1.3007501540804323e-7,-0.48257795775612067,1.1502318918665821e-5,0.00022440594642603173,-0.10455817152978852,0.005081971160507237,-0.7299978985843154,-5.735843738818858e-5,0.0005387644775112221,-1.9723187144908214e-9,-5.483933750464673e-9,-1.728410213286402e-7,3.6846679062563226e-5,-8.387660583230802e-9,-0.0015038158828701853,5.074854324327305e-6,0.0004692240115389268,0.0006471979946240936,7.985937593346648e-5,-1.746228611848588e-7,-1.0669849281441657e-5,0.00016237547967534738,-4.904721162546366e-6,-3.980767609323976e-6,4.785611133684142e-5,0.007860671363232541,0.012183377491965075,-0.11015481968206586,1.3366700595041081e-5,-3.734198895629162e-9,-6.569584331487383e-8,-7.658819013212081e-6,6.771691908702415e-5,-2.4366574917175123e-9,-8.94030017128955e-7,-1.7977306012578742e-7,0.0006450367021955117,0.011990484628768172,1.2073382293920076e-6,-3.100540047623612e-7,0.07560385981929585,-0.00020416064293016234,-2.3965281483739886e-6,-1.8427787381369853e-5,0.0002246049557754759,0.015336318269874027,-6.398437258220424e-7,-0.00018389006640973093,1.1733120011681031e-7,-2.435990839710911e-6,6.484141122035242e-9,-6.615366164619552e-5,2.1991976864588203e-8,0.00021803933850605972,-1.3799839245279277e-8,0.00013035905202940512,0.05931075398257235,-2.120098475089094e-5,-3.0539538797835775e-6,-9.901868383455081e-6,-1.7650773309618728e-6,0.12183950843200364,-5.2574861823459496e-8,-1.088540829458258e-8,4.3328473511849985e-7,-6.015535415626605e-8,0.0018336559875251623,2.745372059409501e-7,0.007613493542208971,-1.60203656512925e-6,-2.758979614214674e-8,-5.685314150016829e-8,-2.000724933903797e-5,-9.000261513514296e-6,-1.901238578572162e-6,1.2332745605303508e-7,-8.562398446043673e-5,0.007239625450893072,-1.176372227065011e-6,0.001925693856264843,-0.8732060277397977,0.010332977182770264,0.06265807932413736,-0.04482718104554806,-9.001488521320766e-5,0.00027899800178943224,9.408063670779399e-6,-2.0213249787501275e-8,0.0005719569602433694,7.279342429777902e-6,1.0327869589057959e-7,-2.1097923423585296e-7,0.0033355470479818905,-0.45870766031293897,-1.584787888297967e-5,-1.0015350835335113e-6,3.223506282901134e-6,0.007875610927840171,7.532611774330178e-6,1.2459089509808674e-6,-4.646985291428818e-7,-7.550178018789211e-6,-0.054197455745452316,-2.240806017850261e-6,-4.822591971986867e-6,-7.934923379714076e-7,-4.364937417327547e-8,-0.00020295434450190442,-0.004897535343843629,4.410242479026272e-8,1.3699355021776563e-6,0.02505688284873031,-0.00025621424856581143,-1.0126723283803568e-6,0.00010824549156751573,-2.4021236610244356e-7,-2.179026321158517e-5,0.03518118784108992,1.5637098189774656e-6,0.0390877592144534,4.9147509411924355e-8,0.0480503744388443,-2.5351328680625965e-9,-4.363324796852197e-5,1.1143219551534855e-6,0.00045197561860277347,-0.0869375243473769,-9.134247804746393e-9,7.116058201717124e-5,-0.9297410582689736,-1.4764839404352026e-5,-2.1548495029999337e-8,-1.5341002935695403e-7,-9.295512684668467e-9,-0.000859731307173206,-0.062168311756977346,0.00031264432314515034,-7.1654088510397784e-6,-1.007117838569549e-7,-0.008766217735228565,-2.287445997417592e-5,0.00041493930993397043,4.638415870763125e-8,1.3253751943234637e-6,-2.6028441012654335e-6,-0.005245565414043085,-0.14941832347540185,-0.003353191399583011,-1.0783650489232244e-7,5.484734175453809e-5,-8.652862180102971e-7,5.422779809194367e-5,0.0009173901102599302,0.00282447917487616,-1.4592309503097534e-7,-2.9931813698815327e-7,0.0026244458315431984,8.248435270363785e-5,0.0029212871543791152,-2.8389997358199692e-8,-1.3485509618021974e-7,0.0016786243159003789,-1.2736817166063286e-8,5.036013204673395e-6,-6.356856584233128e-6,-0.00012956307948108758,0.00017445441217489588,0.00014210917504442477,0.0026779521242730198,-2.392703808085095e-6,9.45747907488137e-8,1.1259284687925586e-6,-3.2067780697574502e-9,-0.7135312594709831,0.00014437494740038304,-8.397854094344126e-7,-0.034181603014076245,2.6205435030152158e-6,7.070322825697417e-5,0.08780516519334469,3.0134173839612213e-7,3.2586138665191555e-7,-5.075932236111441e-7,0.000696955862039772,-2.4822660587599243e-8,-4.2832181441632144e-6,0.0030028769711094583,4.922439527543787e-6,0.009181677650417441,0.010529593147111882,-9.69207361773989e-10,0.00035624206300610695,6.396310155490359e-8,0.0004523515017140767,-3.877927040304985e-6,3.794757422959094e-6,-0.00022925695952835667,-2.483749335091545e-7,1.582471565592103e-8,0.004001749196618221,-1.5736393589334925e-9,0.00025722345421286263,-0.00011254452014242133,-0.0003430842032798864,3.6058766499369455e-6,-9.695610386317548e-8,-9.502335806155227e-6,0.0002926323524121699,0.0015551927301657997,2.985493439099096e-7,1.0737562600518502e-7,-2.666523310490554e-7,-2.4066110132937163e-8,-9.484328192499447e-5,-2.88855160450463e-9,1.4801107607299857e-5,-4.508213118059601e-5,-0.49642854441481177,8.014419167778897e-5,3.910110349084235e-7,-8.339487543862489e-7,-1.3560078130581132e-5,-1.0434616393162344e-6,-6.578633113176607e-8,0.004340650253197964,0.00032949721526165376,0.0008835345828401842,-0.00012026412789656327,0.00021181924492452708,6.53384752968833e-7,-6.350634697671609e-6,0.007650196167105605,-0.0004883534025736935,-1.7912553101906425e-6,5.785101605371157e-6,2.5990598988556712e-5,3.816709599391288e-5,-1.7664253910629202e-7,0.0011472710467614888,-0.00041797506548846286,-3.643478979498127e-5,0.001295392361271297,-5.448329183990741e-8,-0.014949200020055287,-0.01646385118147009,-1.7081290519917539e-7,-1.0057960669190846e-7,0.014680527898235596,7.194722343228932e-5,0.03895097813847315,-0.026175710601819446,8.69029906480634e-6,-6.937566649867222e-5,-5.175009928914953e-7,-2.193704855811031e-8,6.693552467018637e-7,0.00017118831391371714,0.0001049648892831323,-0.08281127513328101,-0.0024973013534008714,-8.725534980311145e-8,1.175249140672463e-6,0.00038988921727423076,-1.3876661569822701e-6,-0.3512893418819658,1.1601490473300835e-6,-3.1406854908988535e-6,0.004305088236833399,-6.987613988318486e-6,0.001417237532677973,-4.0424842526753935e-6,1.5660635578340631e-6,-0.4653089748853745,-4.173664105167063e-5,0.013951004003502021,1.2244816641526768e-5,0.01827534969311273,5.879277441417363e-7,-7.927386436092781e-8,-0.21789360717957607,1.614502191660261e-5,-2.7300298103188902e-5,-3.1069551813256435e-8,0.038458134167740354,0.005540877491739593,-5.8111168968366655e-5,-1.460230365850991e-8,-1.4256306322089907e-8,1.0225875700028975e-7,-2.9372487932166624e-7,-1.3393932943238612e-7,0.00626968841697817,0.001363509246633754,0.0012025584402977074,0.0032132770598991556,0.00012463332197398813,-0.00019844417694514505,-1.28847289646572e-5,-0.32149658075195475,-4.467467709545758e-6,0.0001186091043123838,-3.884536077025658e-6,0.003929442547814688,-2.5496676155256637e-5,6.783152291174599e-5,-5.03699481235742e-7,-7.244781662779642e-8,0.0027948385200033954,-1.4651834354673099e-6,-0.00023207615990372688,5.668767510957906e-8,6.0192552479299e-6,-0.01588848030587542,-0.014002709513079026,0.0030404590396528874,0.017346255359370844,1.0900649559886233e-5,-1.0429753447116497e-5,-9.831671632636735e-9,0.003666605790840549,-5.4683510779425515e-9,-0.00015393364122218145,-1.4832910446779812e-8,-0.00023059873507946804,-1.1751271685733755e-6,-1.4238957886034131e-11,2.811569611710363e-7,3.0126745933500843e-6,-7.644009925088322e-9,4.801087454819886e-6,3.1920581369249135e-5,8.076580339277939e-5,0.0002517854058234903,0.019001183176442282,0.0019167372544188765,0.003343340766264191,-4.038881821328243e-9,4.30533675238598e-7,0.0018366622909979924,5.9293727145970365e-6,-0.00043355974622727445,-1.6658199885277725e-5,0.002857363318980788,4.032833144052006e-5,-8.045022321256532e-10,0.005292751871820656,-6.79540507544929e-8,-1.892854183083159e-5,1.3585224044494748e-7,-0.02726373728364706,-7.002948083112415e-5,-6.675848765664346e-10,2.808825199007714e-5,5.708711476037909e-7,0.005365992043607548,-1.341299169715926e-5,-1.699605317473374e-5,0.000475215158765252,-6.821250630117959e-5,-0.0729186854296131,0.00018865945675905493,6.684148678992585e-8,-0.00010135217930606899,7.07895467855213e-7,2.2801710761188865e-7,1.8649500077572156e-5,0.00037277348292263923,0.0019345775679084909,-0.00024449299135653746,-5.284930459126258e-5,9.33845296913205e-6,1.1451118329119936e-6,-8.543198418253795e-6,0.00043554826777381095,-0.0005785253958947578,1.3053424898212818e-6,5.256703660277973e-7,3.222796196666877e-5,-1.3273414726455712e-5,0.0032366405794164166,-0.00014605962516611726,2.1971184144931044e-5,0.0007069171806506347,-0.0004890565983259876,-1.064221277147226e-5,-2.008386883589619e-5,5.269213618408486e-5,-0.04623638014891185,-0.0003547378237271914,-0.00014207824608547526,-0.017751908970240038,1.75455581938877e-5,2.043166288601128e-6,0.0019775686705543194,1.9755763145945515e-6,-0.00020283097228457336,6.21760515286951e-5,9.839603783090567e-6,0.0017283339780078677,-1.1663024553076884e-8,-0.036286043061409146,3.7705181572290913e-7,0.05278738138440531,-2.3942650891409234e-8,0.000325725283914835,-0.0034965875038324157,-1.4640718810521314e-5,-0.001346753109828569,-4.599861580393064e-9,0.0004271851626640455,0.032619339508528356,-2.0818934077793116e-6,6.12923936063603e-7,-3.015935646702569e-10,0.00015309704994947992,-1.8806547692484799e-6,-1.7613598238784556e-8,-0.0024602673977369705,0.0028668200420725043,2.31302867064187e-5,-0.0032478503637776157,0.006233203560441325,-2.5575545954872028e-9,-3.907875934316962e-5,-5.52042991961571e-9,9.269251836308001e-6,-0.055879681545775384,0.0003587825868009986,0.0014092726141825551,-1.1610824090374505e-8,-0.00014349235264887739,-2.5896236058309263e-7,1.7289464075975758e-6,-7.320909948660415e-5,0.0030989024035079638,0.00023731673456950375,0.005337789400073234,-4.970997471431815e-7,-0.0017630719230510294,-0.00023366207983599452,-0.0013253170382085955,-3.642601213726948e-5,0.0005848921573488042,-1.047467911297062e-7,0.003716958573932061,-0.0003323862581510184,0.011029344736016355,-0.5474110612558434,2.0123577704200812e-5,-3.3863579193375848e-9,-3.216774642419984e-7,-5.768109692682634e-10,3.030457116802096e-9,-0.06325342864147387,-0.03969817316101398,-2.2074488823520255e-6,-2.200453128953575e-9,0.004026332982903114,5.110921944151414e-5,0.10016122172237374,4.059857605098749e-7,-0.08534905985288788,0.004332649925345322,-1.6348516469477659e-6,1.774141336419177e-5,1.6760170600546923e-10,3.3085853905490126e-5,0.016188461835554335,-1.4209345542640778e-8,0.0032434959225611237,-9.551025317300343e-7,-1.0745863724672886e-8,-5.069802614698915e-5,-1.4624301232502024e-7,4.737279492905699e-6,-4.1333352418515545e-6,9.067512949600953e-6,-1.6144788945737787e-6,-4.117439599687911e-8,-4.684222898454493e-8,-1.2588413438763268e-5,-1.2353408311918668e-8,-9.438856432097964e-5,-8.361023291422742e-8,-6.811154088653959e-9,2.1350559142874204e-7,0.023492243140935898,0.0013714566891849245,5.832742657752021e-6,-0.06502503859519493,-9.280621487452179e-9,-7.548911848687112e-5,-9.102197301436021e-9,-0.0003054480839637108,-0.01389305006887298,9.10057172565093e-7,4.745020094176766e-6,-0.00021049403369488573,-7.596968620293687e-7,-3.342940775041825e-5,8.787865866821676e-5,0.00021031292975060012,-0.031184266204945743,-2.1172834939291174e-8,0.0008764421415889956,1.4497972270627324e-7,0.004308180306907161,-0.005603424711807747,-1.891973782719783e-9,-6.933760381855336e-6,-0.09270632441621274,-2.1359413025605345e-8,-1.3000628554138416e-5,4.27166157612735e-7
