-0.04045421796748172
